submission_id,problem_id,user_id,date,language,original_language,filename_ext,status,cpu_time,memory,code_size,accuracy
s364526032,p02982,u821588465,1601350922,Python,Python (3.8.2),py,Accepted,123,26732,265,
s688543366,p02982,u700929101,1601347843,Python,Python (3.8.2),py,Accepted,29,9196,456,
s824990744,p02982,u608178601,1601332602,Python,Python (3.8.2),py,Accepted,27,9364,311,
s539151880,p02982,u921156673,1601268850,Python,PyPy3 (7.3.0),py,Accepted,67,62996,408,
s150595006,p02982,u132602393,1601267370,C++,C++ (GCC 9.2.1),cpp,Accepted,8,3600,3613,
s152536018,p02982,u154904553,1601261757,C++,C++ (GCC 9.2.1),cpp,Accepted,7,3700,542,
s880171762,p02982,u154904553,1601261564,C++,C++ (GCC 9.2.1),cpp,Wrong Answer,4,3672,527,
s014804024,p02982,u227702890,1601259362,C++,C++ (GCC 9.2.1),cpp,Accepted,7,3632,650,
s435191902,p02982,u227702890,1601259073,C++,C++ (GCC 9.2.1),cpp,Wrong Answer,6,3612,648,
s544970213,p02982,u227702890,1601259049,C++,C++ (GCC 9.2.1),cpp,Compile Error,,,646,
s665213086,p02982,u395672550,1601238762,Python,Python (3.8.2),py,Accepted,29,9208,327,
s356994072,p02982,u906918812,1601228950,C,C (GCC 9.2.1),c,Accepted,4,1736,2978,
s007276127,p02982,u906918812,1601228803,C,C (GCC 9.2.1),c,Wrong Answer,5,1732,2977,
s513078991,p02982,u748712781,1601228794,C++,C++ (GCC 9.2.1),cpp,Accepted,8,3636,610,
s487083360,p02982,u906918812,1601228289,C,C (GCC 9.2.1),c,Wrong Answer,5,1712,2976,
s310446704,p02982,u356175845,1601190724,C++,C++ (GCC 9.2.1),cpp,Accepted,8,3636,877,
s820473973,p02982,u188687538,1601178203,C++,C++ (GCC 9.2.1),cpp,Accepted,6,3664,880,
s681655494,p02982,u713178565,1601177880,C++,C++ (GCC 9.2.1),cpp,Accepted,4,3792,580,
s923700644,p02982,u989892335,1601171083,Python,Python (3.8.2),py,Accepted,29,9196,305,
s172047138,p02982,u006880673,1601165990,Python,PyPy3 (7.3.0),py,Accepted,65,62300,295,
s793482375,p02982,u288335507,1601156851,C++,C++ (GCC 9.2.1),cpp,Accepted,7,3672,867,
s274242608,p02982,u526923396,1601136456,C++,C++ (GCC 9.2.1),cpp,Accepted,7,3724,1024,
s108124524,p02982,u526923396,1601134535,C++,C++ (GCC 9.2.1),cpp,Wrong Answer,8,3736,934,
s480339701,p02982,u000113982,1601125371,C++,C++ (GCC 9.2.1),cpp,Accepted,7,3724,1553,
s490155652,p02982,u884476319,1601085103,C++,C++ (GCC 9.2.1),cpp,Accepted,8,3652,2614,
s712742313,p02982,u884476319,1601085047,C++,C++ (GCC 9.2.1),cpp,Wrong Answer,8,3620,2636,
s808813403,p02982,u884476319,1601084962,C++,C++ (GCC 9.2.1),cpp,Wrong Answer,7,3632,2613,
s447063813,p02982,u884476319,1601084841,C++,C++ (GCC 9.2.1),cpp,Wrong Answer,6,3620,2613,
s855521574,p02982,u884476319,1601084797,C++,C++ (GCC 9.2.1),cpp,Wrong Answer,5,3632,2615,
s510270332,p02982,u884476319,1601084780,C++,C++ (GCC 9.2.1),cpp,Wrong Answer,6,3664,2616,
s989162703,p02982,u884476319,1601084693,C++,C++ (GCC 9.2.1),cpp,Wrong Answer,8,3660,2617,
s050148935,p02982,u113107956,1601083507,Python,Python (3.8.2),py,Accepted,26,9372,384,
s420888493,p02982,u113107956,1601083229,Python,Python (3.8.2),py,Wrong Answer,25,9392,382,
s437271930,p02982,u327099559,1601083049,C++,C++ (GCC 9.2.1),cpp,Accepted,6,3632,691,
s801598264,p02982,u109959065,1601076886,C#,C# (.NET Core 3.1.201),cs,Accepted,92,27916,1362,
s357101064,p02982,u037563046,1601074732,C++,C++ (GCC 9.2.1),cpp,Accepted,7,3612,11309,
s263330678,p02982,u037563046,1601074198,C++,C++ (GCC 9.2.1),cpp,Accepted,8,3620,11308,
s904099423,p02982,u416758623,1601068931,C++,C++ (GCC 9.2.1),cpp,Accepted,7,4036,648,
s030633745,p02982,u890085018,1601067463,Go,Go (1.14.1),go,Accepted,9,1796,4848,
s912491887,p02982,u892305365,1601059765,Python,PyPy3 (7.3.0),py,Accepted,65,67100,380,
s764821542,p02982,u963963908,1601054609,Python,Python (3.8.2),py,Wrong Answer,25,9272,451,
s679768671,p02982,u963963908,1601054529,Python,Python (3.8.2),py,Wrong Answer,27,9236,447,
s758724803,p02982,u963963908,1601054467,Python,Python (3.8.2),py,Runtime Error,29,9064,442,
s277020779,p02982,u457601965,1601048532,Python,Python (3.8.2),py,Accepted,112,27060,527,
s031076898,p02982,u894134667,1601044179,Python,Python (3.8.2),py,Accepted,25,9204,384,
s696485460,p02982,u655663334,1601004279,Python,Python (3.8.2),py,Accepted,25,9184,349,
s420643472,p02982,u413960612,1601002603,Python,Python (3.8.2),py,Accepted,27,9336,305,
s797360303,p02982,u801926758,1601002237,C++,C++ (GCC 9.2.1),cpp,Accepted,10,3600,877,
s000018635,p02982,u508160928,1601002153,Haskell,Haskell (GHC 8.8.3),hs,Accepted,25,5448,542,
s337948605,p02982,u827935538,1601001526,C,C (GCC 9.2.1),c,Accepted,4,1732,1120,
s691530797,p02982,u245641078,1600999317,Python,Python (3.8.2),py,Accepted,117,27108,256,
s639928342,p02982,u089230684,1600996686,C++,C++ (GCC 9.2.1),cpp,Accepted,10,3668,1001,
s452829014,p02982,u963963908,1600988545,Python,Python (3.8.2),py,Runtime Error,26,9104,482,
s261514907,p02982,u773440446,1600964092,Python,Python (3.8.2),py,Accepted,28,9056,355,
s654134818,p02982,u743124029,1600956707,C++,C++ (GCC 9.2.1),cpp,Accepted,7,3632,1142,
s816859748,p02982,u719183848,1600956585,C++,C++ (GCC 9.2.1),cpp,Accepted,6,3656,1507,
s354206250,p02982,u658673788,1600937087,Ruby,Ruby (2.7.1),rb,Accepted,70,14180,507,
s390457272,p02982,u658673788,1600937012,Ruby,Ruby (2.7.1),rb,Runtime Error,64,14404,625,
s301899501,p02982,u658673788,1600936879,Ruby,Ruby (2.7.1),rb,Accepted,70,14336,464,
s546950402,p02982,u709373021,1600894387,C++,C++ (GCC 9.2.1),cpp,Accepted,34,8328,1003,
s692227468,p02982,u953626591,1600893751,C++,C++ (GCC 9.2.1),cpp,Accepted,9,3784,2570,
s334476783,p02982,u953626591,1600893499,C++,C++ (GCC 9.2.1),cpp,Wrong Answer,10,3860,2548,
s337917826,p02982,u014139588,1600891600,Python,Python (3.8.2),py,Accepted,27,9200,290,
s952293966,p02982,u956252692,1600825413,C++,C++ (GCC 9.2.1),cpp,Accepted,7,3680,1950,
s427226402,p02982,u956252692,1600825084,C++,C++ (GCC 9.2.1),cpp,Wrong Answer,8,3628,1949,
s091867052,p02982,u697696097,1600824608,Python,Python (3.8.2),py,Accepted,31,9456,343,
s254094103,p02982,u697696097,1600824237,Python,Python (3.8.2),py,Wrong Answer,29,9448,359,
s001481784,p02982,u697696097,1600824214,Python,Python (3.8.2),py,Runtime Error,25,9036,365,
s399128567,p02982,u801177665,1600813116,C++,C++ (GCC 9.2.1),cpp,Accepted,8,3724,867,
s281716244,p02982,u257593072,1600812250,Java,Java (OpenJDK 11.0.6),java,Accepted,130,36808,702,
s039850943,p02982,u496009935,1600805771,Python,Python (3.8.2),py,Accepted,29,9052,384,
s381379829,p02982,u699600793,1600797439,C++,C++ (GCC 9.2.1),cpp,Accepted,7,3580,807,
s189423751,p02982,u539367121,1600788277,Python,Python (3.8.2),py,Accepted,33,9460,302,
s309327729,p02982,u983563612,1600782137,C++,C++ (GCC 9.2.1),cpp,Accepted,9,3600,1305,
s287649503,p02982,u224469387,1600743874,C++,C++ (GCC 9.2.1),cpp,Accepted,7,3688,558,
s268843265,p02982,u413066312,1600739978,C++,C++ (GCC 9.2.1),cpp,Accepted,9,3648,1114,
s634810373,p02982,u413066312,1600737073,C++,C++ (GCC 9.2.1),cpp,Wrong Answer,7,3532,1084,
s978047823,p02982,u318427318,1600727635,Python,Python (3.8.2),py,Accepted,113,26960,687,
s811836933,p02982,u269969976,1600719695,Kotlin,Kotlin (1.3.71),kt,Accepted,133,36676,600,
s099447314,p02982,u912678856,1600711844,C++,C++ (GCC 9.2.1),cpp,Accepted,7,3668,972,
s761780866,p02982,u912678856,1600711717,C++,C++ (GCC 9.2.1),cpp,Wrong Answer,7,3760,968,
s532838093,p02982,u890085018,1600705299,Go,Go (1.14.1),go,Accepted,6,1796,4848,
s131808281,p02982,u843929518,1600704169,C++,C++ (GCC 9.2.1),cpp,Accepted,9,3644,680,
s316397712,p02982,u721652634,1600703069,C++,C++ (GCC 9.2.1),cpp,Accepted,8,3616,431,
s635162079,p02982,u295279251,1600673809,C++,C++ (GCC 9.2.1),cpp,Accepted,7,3712,593,
s990389017,p02982,u805616568,1600664369,C++,C++ (GCC 9.2.1),cpp,Accepted,6,3620,606,
s799899301,p02982,u620846115,1600662120,Python,Python (3.8.2),py,Accepted,263,30204,266,
s828862628,p02982,u620846115,1600662020,Python,Python (3.8.2),py,Wrong Answer,331,29364,258,
s009484096,p02982,u620846115,1600661985,Python,Python (3.8.2),py,Accepted,247,27828,295,
s796011258,p02982,u620846115,1600661645,Python,Python (3.8.2),py,Runtime Error,113,26984,295,
s226858560,p02982,u359675319,1600660878,C++,C++ (GCC 9.2.1),cpp,Accepted,7,3612,594,
s631649062,p02982,u760760982,1600657744,Python,Python (3.8.2),py,Accepted,27,9344,332,
s057857590,p02982,u671264502,1600656202,C#,C# (.NET Core 3.1.201),cs,Accepted,93,25828,66963,
s360568965,p02982,u434874161,1600655443,C++,C++ (GCC 9.2.1),cpp,Accepted,47,50524,2050,
s056242995,p02982,u559367141,1600646917,Python,Python (3.8.2),py,Accepted,31,9436,340,
s729475856,p02982,u620846115,1600644679,Python,Python (3.8.2),py,Runtime Error,112,26944,258,
s274314159,p02982,u620846115,1600644630,Python,Python (3.8.2),py,Runtime Error,116,27064,260,
s217542119,p02982,u620846115,1600644486,Python,Python (3.8.2),py,Runtime Error,108,27096,246,
s435469692,p02982,u789290859,1600642991,Python,Python (3.8.2),py,Accepted,23,9136,366,
s378340435,p02982,u789290859,1600642963,Python,Python (3.8.2),py,Wrong Answer,31,9128,401,
s222300070,p02982,u459100168,1600636552,C++,C++ (GCC 9.2.1),cpp,Accepted,7,3588,475,
s687084615,p02982,u280739688,1600631421,Python,PyPy3 (7.3.0),py,Accepted,70,61788,379,
s241114171,p02982,u773686010,1600618938,Python,Python (3.8.2),py,Accepted,27,9272,384,
s096182008,p02982,u301302814,1600612774,Python,Python (3.8.2),py,Accepted,27,9224,413,
s775564377,p02982,u301302814,1600612466,C++,C++ (GCC 9.2.1),cpp,Accepted,7,3628,680,
s673005181,p02982,u159595694,1600563498,C++,C++ (GCC 9.2.1),cpp,Accepted,7,3744,588,
s118350067,p02982,u579046015,1600558626,C#,C# (.NET Core 3.1.201),cs,Accepted,72,26772,6849,
s788469184,p02982,u275256557,1600550794,C++,C++ (GCC 9.2.1),cpp,Accepted,3,3676,602,
s942486443,p02982,u987039629,1600539111,C++,C++ (GCC 9.2.1),cpp,Accepted,7,3544,510,
s259183620,p02982,u274201725,1600528754,C++,C++ (GCC 9.2.1),cpp,Accepted,6,3628,1578,
s456159217,p02982,u274201725,1600528555,C++,C++ (GCC 9.2.1),cpp,Wrong Answer,8,3572,1575,
s626536789,p02982,u620626180,1600528482,C++,C++ (GCC 9.2.1),cpp,Accepted,18,10980,5914,
s742864785,p02982,u620626180,1600528223,C++,C++ (GCC 9.2.1),cpp,Wrong Answer,18,10952,5800,
s787260559,p02982,u047979038,1600482721,Python,Python (3.8.2),py,Accepted,30,9208,408,
s740119103,p02982,u183509493,1600480407,Java,Java (OpenJDK 11.0.6),java,Accepted,101,36344,9984,
s746964359,p02982,u607741489,1600479454,C++,C++ (GCC 9.2.1),cpp,Accepted,7,3680,1688,
s304175103,p02982,u518064858,1600479120,Python,Python (3.8.2),py,Accepted,30,9436,319,
s534159978,p02982,u456173040,1600479004,Kotlin,Kotlin (1.3.71),kt,Accepted,120,37020,812,
s501541259,p02982,u218838821,1600478298,Python,Python (3.8.2),py,Accepted,28,9356,318,
s692124603,p02982,u539969758,1600477916,Python,Python (3.8.2),py,Accepted,29,9004,372,
s878862307,p02982,u902576227,1600477821,Rust,Rust (1.42.0),rs,Accepted,6,2176,559,
s518446577,p02982,u154465766,1600463323,C++,C++ (GCC 9.2.1),cpp,Accepted,8,3640,707,
s927206446,p02982,u874320250,1600461962,Python,PyPy3 (7.3.0),py,Accepted,65,62628,363,
s715566020,p02982,u580919774,1600460370,Java,Java (OpenJDK 11.0.6),java,Accepted,120,35988,632,
s236883538,p02982,u488700515,1600458879,C,C (GCC 9.2.1),c,Accepted,4,1732,444,
s044060105,p02982,u810199299,1600436221,Ruby,Ruby (2.7.1),rb,Accepted,66,14232,435,
s171057356,p02982,u331327289,1600411080,Python,Python (3.8.2),py,Accepted,27,9192,501,
s176765801,p02982,u499675841,1600402387,C++,C++ (GCC 9.2.1),cpp,Accepted,7,3644,3417,
s163355389,p02982,u693209970,1600400175,C++,C++ (GCC 9.2.1),cpp,Accepted,7,3608,1067,
s735725813,p02982,u693209970,1600400004,C++,C++ (GCC 9.2.1),cpp,Wrong Answer,9,3612,1071,
s604375353,p02982,u174523836,1600399982,Python,Python (3.8.2),py,Accepted,28,8936,290,
s656136956,p02982,u219831209,1600398805,Python,Python (3.8.2),py,Accepted,29,9400,372,
s866461268,p02982,u040094338,1600395071,C++,C++ (GCC 9.2.1),cpp,Accepted,6,3636,2496,
s620414751,p02982,u333573372,1600394791,Java,Java (OpenJDK 11.0.6),java,Accepted,88,32508,3136,
s723195593,p02982,u138026316,1600389609,Ruby,Ruby (2.7.1),rb,Accepted,75,15092,258,
s114262892,p02982,u642657797,1600373070,C++,C++ (GCC 9.2.1),cpp,Accepted,7,3668,1363,
s205725091,p02982,u966522561,1600370307,C++,C++ (GCC 9.2.1),cpp,Accepted,7,3716,594,
s751517419,p02982,u893275749,1600368650,C++,C++ (GCC 9.2.1),cpp,Accepted,6,3596,669,
s558585503,p02982,u785578220,1600367907,C++,C++ (GCC 9.2.1),cpp,Accepted,7,3616,640,
s495883988,p02982,u478705580,1600358616,C++,C++ (GCC 9.2.1),cpp,Accepted,6,3652,588,
s506033840,p02982,u416758623,1600353104,C++,C++ (GCC 9.2.1),cpp,Accepted,6,3616,879,
s603267238,p02982,u974402118,1600351306,Python,Python (3.8.2),py,Accepted,23,9412,302,
s189420428,p02982,u974402118,1600350847,Python,Python (3.8.2),py,Runtime Error,26,9132,287,
s737193888,p02982,u974402118,1600350808,Python,Python (3.8.2),py,Runtime Error,23,9020,285,
s147021034,p02982,u500474170,1600311179,C++,C++ (GCC 9.2.1),cpp,Accepted,9,3576,630,
s930642510,p02982,u754435899,1600277823,C++,C++ (GCC 9.2.1),cpp,Accepted,8,3604,595,
s951341852,p02982,u754435899,1600277578,C++,C++ (GCC 9.2.1),cpp,Wrong Answer,6,3548,595,
s803139246,p02982,u682413606,1600270373,C++,C++ (GCC 9.2.1),cpp,Accepted,8,3620,610,
s720106210,p02982,u272495679,1600267969,Python,Python (3.8.2),py,Accepted,32,9372,368,
s753403138,p02982,u272495679,1600267418,Python,Python (3.8.2),py,Wrong Answer,31,9388,335,
s014528382,p02982,u159144188,1600266741,Python,Python (3.8.2),py,Accepted,24,9148,352,
s053201781,p02982,u545376686,1600228116,C++,C++ (GCC 9.2.1),cpp,Accepted,4,3728,848,
s454854452,p02982,u317508154,1600226097,Python,Python (3.8.2),py,Accepted,25,9392,332,
s790516343,p02982,u747984532,1600220995,C#,C# (.NET Core 3.1.201),cs,Accepted,101,27524,1204,
s494657561,p02982,u747984532,1600220838,C#,C# (.NET Core 3.1.201),cs,Wrong Answer,99,27420,1126,
s770588746,p02982,u022215787,1600214359,Python,Python (3.8.2),py,Accepted,115,26996,473,
s967653891,p02982,u670580484,1600208103,C++,C++ (GCC 9.2.1),cpp,Accepted,9,3576,3487,
s638198107,p02982,u630211216,1600142202,Python,Python (3.8.2),py,Accepted,40,9164,319,
s594505864,p02982,u536017058,1600140372,Python,PyPy3 (7.3.0),py,Accepted,67,62596,283,
s106020619,p02982,u625864724,1600138132,Python,Python (3.8.2),py,Accepted,24,9184,450,
s627040951,p02982,u657913472,1600125930,Ruby,Ruby (2.7.1),rb,Accepted,67,14072,138,
s109840245,p02982,u172873334,1600124155,Perl,Perl (5.26.1),pl,Accepted,18,5600,201,
s675860637,p02982,u172873334,1600123975,Perl,Perl (5.26.1),pl,Wrong Answer,18,5644,213,
s128988407,p02982,u172873334,1600123909,Perl,Perl (5.26.1),pl,Wrong Answer,17,5220,218,
s904192904,p02982,u966810027,1600119292,Ruby,Ruby (2.7.1),rb,Accepted,67,14268,263,
s333915067,p02982,u519899937,1600111383,C++,C++ (GCC 9.2.1),cpp,Accepted,11,7532,754,
s853419423,p02982,u812354010,1600110756,Python,PyPy3 (7.3.0),py,Accepted,65,62716,373,
s900835672,p02982,u337573893,1600109999,Python,Python (3.8.2),py,Accepted,29,9296,342,
s660480653,p02982,u904331908,1600108497,Python,Python (3.8.2),py,Accepted,28,9412,382,
s303061629,p02982,u125269142,1600096295,Python,Python (3.8.2),py,Accepted,28,9480,425,
s508540074,p02982,u365156087,1600096141,Python,Python (3.8.2),py,Accepted,30,9452,311,
s034941807,p02982,u317148714,1600090416,C++,C++ (GCC 9.2.1),cpp,Accepted,10,3608,602,
s302326827,p02982,u317148714,1600090240,C++,C++ (GCC 9.2.1),cpp,Runtime Error,110,3620,599,
s959291161,p02982,u560858626,1600074551,C++,C++ (GCC 9.2.1),cpp,Accepted,10,6576,2446,
s196384152,p02982,u560858626,1600074293,C++,C++ (GCC 9.2.1),cpp,Wrong Answer,8,3664,2349,
s592117605,p02982,u361777955,1600064017,C++,C++ (GCC 9.2.1),cpp,Accepted,4,3588,887,
s872247536,p02982,u067471258,1600044791,Python,Python (3.8.2),py,Accepted,24,9132,329,
s833743538,p02982,u056848279,1600041235,C++,C++ (GCC 9.2.1),cpp,Accepted,7,3604,587,
s974524284,p02982,u491462774,1600039161,Python,Python (3.8.2),py,Accepted,28,9192,343,
s171952416,p02982,u491462774,1600039128,Python,Python (3.8.2),py,Wrong Answer,31,9132,488,
s766114073,p02982,u098223184,1600030012,Python,Python (3.8.2),py,Accepted,24,9140,295,
s099125746,p02982,u796563423,1600026228,Python,Python (3.8.2),py,Accepted,185,42200,393,
s897119801,p02982,u796563423,1600026180,Python,Python (3.8.2),py,Wrong Answer,187,41888,425,
s656034341,p02982,u899084195,1600007965,C++,C++ (GCC 9.2.1),cpp,Accepted,6,3556,697,
s736336976,p02982,u095453583,1600001960,C++,C++ (GCC 9.2.1),cpp,Accepted,6,3612,5061,
s103925976,p02982,u095453583,1600001924,C++,C++ (GCC 9.2.1),cpp,Compile Error,,,3923,
s912273844,p02982,u132371041,1599975267,C++,C++ (GCC 9.2.1),cpp,Accepted,11,7772,2994,
s922025038,p02982,u309120194,1599974990,Python,Python (3.8.2),py,Accepted,27,8980,291,
s690963449,p02982,u732304692,1599968669,C++,C++ (GCC 9.2.1),cpp,Accepted,6,3540,365,
s335786554,p02982,u552331659,1599965003,C++,C++ (GCC 9.2.1),cpp,Accepted,12,3616,686,
s746234791,p02982,u879226168,1599962313,C++,C++ (GCC 9.2.1),cpp,Accepted,7,3628,534,
s520565134,p02982,u244434589,1599957134,Python,Python (3.8.2),py,Accepted,25,9408,294,
s863601525,p02982,u244434589,1599956475,Python,Python (3.8.2),py,Runtime Error,27,9124,297,
s906640302,p02982,u558528117,1599956393,Rust,Rust (1.42.0),rs,Accepted,8,2592,673,
s889397011,p02982,u883297128,1599955534,C++,C++ (GCC 9.2.1),cpp,Accepted,10,3688,568,
s720292887,p02982,u491376630,1599951118,C++,C++ (GCC 9.2.1),cpp,Accepted,7,3592,746,
s503280018,p02982,u387371565,1599950178,C++,C++ (GCC 9.2.1),cpp,Accepted,6,3584,836,
s236328157,p02982,u079532978,1599942014,C++,C++ (GCC 9.2.1),cpp,Accepted,6,3568,681,
s593483059,p02982,u208059640,1599941108,Python,Python (3.8.2),py,Accepted,27,9436,273,
s621415758,p02982,u232401988,1599927701,C++,C++ (GCC 9.2.1),cpp,Accepted,6,3620,936,
s496390077,p02982,u353548710,1599923019,Python,Python (3.8.2),py,Accepted,33,9100,375,
s413777974,p02982,u978288665,1599883583,Ruby,Ruby (2.7.1),rb,Accepted,65,14740,390,
s375744240,p02982,u978288665,1599883192,Ruby,Ruby (2.7.1),rb,Wrong Answer,69,14644,380,
s153587642,p02982,u978288665,1599883064,Ruby,Ruby (2.7.1),rb,Wrong Answer,66,14656,379,
s193505515,p02982,u574779290,1599877945,Python,Python (3.8.2),py,Accepted,120,27072,503,
s926319851,p02982,u461454444,1599873573,Python,Python (3.8.2),py,Accepted,24,9152,375,
s309179513,p02982,u461454444,1599873472,Python,Python (3.8.2),py,Wrong Answer,28,9152,374,
s386980789,p02982,u581511366,1599872750,Python,Python (3.8.2),py,Accepted,27,9248,415,
s696050948,p02982,u726258156,1599867279,C++,C++ (GCC 9.2.1),cpp,Accepted,10,4064,777,
s617985939,p02982,u366939485,1599864517,Python,Python (3.8.2),py,Accepted,25,9132,400,
s869891211,p02982,u118434175,1599863657,C++,C++ (GCC 9.2.1),cpp,Accepted,12,3640,1264,
s538549780,p02982,u771383254,1599862690,Python,Python (3.8.2),py,Accepted,27,9060,335,
s299410486,p02982,u048872153,1599859053,C++,C++ (GCC 9.2.1),cpp,Accepted,6,3564,629,
s601895904,p02982,u052656528,1599857782,C++,C++ (GCC 9.2.1),cpp,Accepted,7,3728,487,
s146791958,p02982,u770067864,1599852013,C++,C++ (GCC 9.2.1),cpp,Accepted,6,3632,3092,
s868761444,p02982,u972591645,1599835602,Python,Python (3.8.2),py,Accepted,27,9208,306,
s487625008,p02982,u018679195,1599834323,C++,C++ (GCC 9.2.1),cpp,Accepted,5,3684,893,
s829822736,p02982,u329319441,1599827973,Python,PyPy3 (7.3.0),py,Accepted,69,62488,338,
s685771010,p02982,u018679195,1599824998,C++,C++ (GCC 9.2.1),cpp,Accepted,5,3620,862,
s883110293,p02982,u134156483,1599794718,C++,C++ (GCC 9.2.1),cpp,Accepted,4,3572,773,
s576638553,p02982,u134156483,1599794540,C++,C++ (GCC 9.2.1),cpp,Accepted,8,3636,1013,
s827979795,p02982,u416773418,1599787207,C++,C++ (GCC 9.2.1),cpp,Accepted,6,3612,937,
s434919396,p02982,u851044959,1599778651,C++,C++ (GCC 9.2.1),cpp,Accepted,7,3736,3797,
s096096224,p02982,u285681431,1599778009,Python,PyPy3 (7.3.0),py,Accepted,168,64012,388,
s841705891,p02982,u944804272,1599777835,C++,C++ (GCC 9.2.1),cpp,Accepted,8,3572,978,
s005665239,p02982,u458713847,1599772373,C++,C++ (GCC 9.2.1),cpp,Accepted,7,3624,480,
s689281653,p02982,u398610336,1599765722,C++,C++ (GCC 9.2.1),cpp,Accepted,7,3580,595,
s471964410,p02982,u651409191,1599740771,C++,C++ (GCC 9.2.1),cpp,Runtime Error,108,3300,733,
s752251219,p02982,u651409191,1599740687,C++,C++ (GCC 9.2.1),cpp,Runtime Error,110,3408,668,
s698647195,p02982,u651409191,1599740483,C++,C++ (GCC 9.2.1),cpp,Runtime Error,106,3368,686,
s280396294,p02982,u651409191,1599740140,C++,C++ (GCC 9.2.1),cpp,Runtime Error,2205,3424,657,
s074341760,p02982,u210112048,1599716615,C++,C++ (GCC 9.2.1),cpp,Accepted,9,3676,1597,
s066230998,p02982,u108072608,1599707994,Python,Python (3.8.2),py,Accepted,289,27112,350,
s613190255,p02982,u587622858,1599699796,C++,C++ (GCC 9.2.1),cpp,Accepted,8,3704,512,
s671658754,p02982,u475723390,1599698299,C++,C++ (GCC 9.2.1),cpp,Accepted,7,3600,1132,
s893082613,p02982,u367958900,1599692622,C++,C++ (GCC 9.2.1),cpp,Accepted,6,3700,809,
s097067597,p02982,u554784585,1599678919,Python,Python (3.8.2),py,Accepted,26,9108,288,
s510070025,p02982,u800058906,1599674414,Python,Python (3.8.2),py,Accepted,23,9128,289,
s284789800,p02982,u800058906,1599673077,Python,Python (3.8.2),py,Wrong Answer,29,8972,279,
s227243800,p02982,u367990030,1599672319,Nim,Nim (1.0.6),nim,Accepted,4,3304,2095,
s827926409,p02982,u832995587,1599651978,C++,C++ (GCC 9.2.1),cpp,Accepted,6,3660,8107,
s740502310,p02982,u477977638,1599622551,Python,PyPy3 (7.3.0),py,Accepted,66,62720,747,
s441187721,p02982,u496511996,1599616689,C++,C++ (GCC 9.2.1),cpp,Accepted,8,3716,788,
s480926962,p02982,u862413182,1599614806,C++,C++ (GCC 9.2.1),cpp,Accepted,33,27084,3866,
s522417645,p02982,u858929490,1599611054,C++,C++ (GCC 9.2.1),cpp,Accepted,5,3652,5881,
s376618304,p02982,u323005067,1599610472,C++,C++ (GCC 9.2.1),cpp,Accepted,5,3516,560,
s377852835,p02982,u323005067,1599610315,C++,C++ (GCC 9.2.1),cpp,Accepted,7,3552,561,
s443304456,p02982,u323005067,1599610286,C++,C++ (GCC 9.2.1),cpp,Accepted,6,3620,561,
s056551351,p02982,u323005067,1599610252,C++,C++ (GCC 9.2.1),cpp,Wrong Answer,6,3632,560,
s958669890,p02982,u323005067,1599610175,C++,C++ (GCC 9.2.1),cpp,Wrong Answer,6,3628,556,
s134001772,p02982,u323005067,1599610139,C++,C++ (GCC 9.2.1),cpp,Wrong Answer,9,3592,556,
s155672542,p02982,u481250941,1599607742,Python,Python (3.8.2),py,Accepted,74,16284,1304,
s870810674,p02982,u119171625,1599604467,C++,C++ (GCC 9.2.1),cpp,Accepted,6,3588,900,
s001948126,p02982,u119171625,1599604254,C++,C++ (GCC 9.2.1),cpp,Accepted,8,3572,734,
s767461971,p02982,u119171625,1599604218,C++,C++ (GCC 9.2.1),cpp,Wrong Answer,8,3704,738,
s610080299,p02982,u603182651,1599597325,C++,C++ (GCC 9.2.1),cpp,Accepted,8,3648,775,
s237980030,p02982,u825186577,1599588739,C++,C++ (GCC 9.2.1),cpp,Accepted,6,3704,834,
s533520042,p02982,u127727773,1599577589,C++,C++ (GCC 9.2.1),cpp,Accepted,3,3664,704,
s801211996,p02982,u318661636,1599523616,C++,C++ (GCC 9.2.1),cpp,Accepted,6,3636,583,
s353824392,p02982,u046141019,1599522606,C++,C++ (GCC 9.2.1),cpp,Accepted,11,3736,596,
s425679487,p02982,u127370080,1599520861,C++,C++ (GCC 9.2.1),cpp,Accepted,8,3616,570,
s735572566,p02982,u337018543,1599515616,C++,C++ (GCC 9.2.1),cpp,Accepted,10,3632,613,
s937548836,p02982,u170750497,1599512312,C++,C++ (GCC 9.2.1),cpp,Accepted,7,3800,1460,
s115621885,p02982,u876120259,1599512311,C++,C++ (GCC 9.2.1),cpp,Accepted,5,3728,579,
s327375934,p02982,u347397127,1599509249,Python,Python (3.8.2),py,Accepted,117,27280,268,
s512045384,p02982,u974918235,1599490162,Python,Python (3.8.2),py,Accepted,27,9120,287,
s504162660,p02982,u776311944,1599446825,Python,Python (3.8.2),py,Accepted,28,9072,349,
s784751717,p02982,u556046719,1599443043,Ruby,Ruby (2.7.1),rb,Accepted,67,14696,354,
s559335307,p02982,u827261928,1599436167,Python,Python (3.8.2),py,Accepted,30,9456,286,
s184086548,p02982,u156302018,1599435256,Python,Python (3.8.2),py,Accepted,31,9188,437,
s557247433,p02982,u888933875,1599433150,Python,Python (3.8.2),py,Accepted,163,27236,321,
s623497899,p02982,u854617136,1599429403,C++,C++ (GCC 9.2.1),cpp,Accepted,3,3604,605,
s755306824,p02982,u622221010,1599422270,C++,C++ (GCC 9.2.1),cpp,Accepted,9,3576,848,
s131436547,p02982,u582084082,1599418333,Python,Python (3.8.2),py,Accepted,30,9424,290,
s997936576,p02982,u280941196,1599414643,C++,C++ (GCC 9.2.1),cpp,Accepted,9,3628,707,
s337973867,p02982,u265250376,1599414534,C++,C++ (GCC 9.2.1),cpp,Accepted,6,3680,1728,
s098100890,p02982,u081162298,1599408665,C++,C++ (GCC 9.2.1),cpp,Accepted,4,3756,478,
s964243781,p02982,u188827677,1599407368,Python,Python (3.8.2),py,Accepted,26,9384,264,
s163905287,p02982,u175071006,1599404938,Python,Python (3.8.2),py,Accepted,26,9348,305,
s171428709,p02982,u795733769,1599404699,Python,Python (3.8.2),py,Accepted,28,9112,307,
s654894717,p02982,u795733769,1599404526,Python,Python (3.8.2),py,Wrong Answer,30,9196,315,
s770367697,p02982,u795733769,1599404441,Python,Python (3.8.2),py,Wrong Answer,28,9200,319,
s293160344,p02982,u795733769,1599404375,Python,Python (3.8.2),py,Runtime Error,25,9008,314,
s657087950,p02982,u265118937,1599401702,Python,Python (3.8.2),py,Accepted,27,9096,345,
s392369460,p02982,u878654696,1599380614,Nim,Nim (1.0.6),nim,Accepted,7,3316,512,
s577508070,p02982,u124789795,1599358150,C++,C++ (GCC 9.2.1),cpp,Accepted,7,3776,1091,
s916698324,p02982,u396472025,1599357458,Scala,Scala (2.13.1),scala,Accepted,528,55532,535,
s530042943,p02982,u816631826,1599349981,C++,C++ (GCC 9.2.1),cpp,Accepted,6,3796,742,
s812101528,p02982,u231095456,1599343665,Python,Python (3.8.2),py,Accepted,24,9088,350,
s236550668,p02982,u917678406,1599327500,C++,C++ (GCC 9.2.1),cpp,Accepted,7,3616,655,
s344380421,p02982,u679112300,1599318345,C,C (GCC 9.2.1),c,Accepted,6,1732,430,
s739100944,p02982,u774417629,1599292643,C++,C++ (GCC 9.2.1),cpp,Accepted,6,3656,737,
s714084209,p02982,u800396927,1599270806,Python,PyPy3 (7.3.0),py,Accepted,65,62556,342,
s284301330,p02982,u705418271,1599258118,Python,Python (3.8.2),py,Accepted,30,9448,235,
s307843997,p02982,u461563687,1599251383,C++,C++ (GCC 9.2.1),cpp,Accepted,6,3644,551,
s287208852,p02982,u102842945,1599249050,C++,C++ (GCC 9.2.1),cpp,Accepted,14,3652,818,
s346799799,p02982,u024367207,1599247730,C++,C++ (GCC 9.2.1),cpp,Accepted,6,3628,1613,
s253298387,p02982,u682128453,1599194498,C++,C++ (GCC 9.2.1),cpp,Accepted,6,3584,696,
s934766371,p02982,u528258842,1599192348,C++,C++ (GCC 9.2.1),cpp,Accepted,8,3784,664,
s365293996,p02982,u460745860,1599187313,Python,Python (3.8.2),py,Accepted,35,9160,517,
s565097762,p02982,u860299021,1599186046,C++,C++ (GCC 9.2.1),cpp,Accepted,8,3624,460,
s760057777,p02982,u457901067,1599186041,C++,C++ (GCC 9.2.1),cpp,Accepted,7,3700,720,
s323938901,p02982,u468972478,1599181363,Python,Python (3.8.2),py,Accepted,32,9376,262,
s515443682,p02982,u590995678,1599177654,C++,C++ (GCC 9.2.1),cpp,Accepted,5,3584,475,
s581771205,p02982,u328530240,1599166245,C++,C++ (GCC 9.2.1),cpp,Accepted,8,3556,670,
s116707350,p02982,u393224521,1599164805,Python,PyPy3 (7.3.0),py,Accepted,63,62124,399,
s228712705,p02982,u327240208,1599164269,Python,Python (3.8.2),py,Accepted,41,9204,462,
s557823984,p02982,u357544143,1599158445,Java,Java (OpenJDK 11.0.6),java,Accepted,129,35840,707,
s751906930,p02982,u848861682,1599157020,C++,C++ (GCC 9.2.1),cpp,Accepted,7,3628,915,
s096599412,p02982,u999503965,1599108128,Python,Python (3.8.2),py,Accepted,27,9116,397,
s752677184,p02982,u046826851,1599108100,Python,Python (3.8.2),py,Accepted,28,9112,335,
s979762672,p02982,u412960991,1599089508,C++,C++ (GCC 9.2.1),cpp,Accepted,6,3620,1030,
s699646162,p02982,u543000780,1599076000,Python,Python (3.8.2),py,Accepted,27,9120,321,
s420118398,p02982,u543000780,1599075941,Python,Python (3.8.2),py,Runtime Error,23,8864,317,
s559636085,p02982,u302789073,1599075540,Python,Python (3.8.2),py,Accepted,30,9344,442,
s078421956,p02982,u776723033,1599063237,Rust,Rust (1.42.0),rs,Accepted,6,2172,646,
s624906603,p02982,u455371217,1599059746,C++,C++ (GCC 9.2.1),cpp,Accepted,9,3780,1082,
s537252630,p02982,u583507988,1599053576,Python,Python (3.8.2),py,Accepted,31,9124,277,
s487065982,p02982,u395125142,1599051471,C++,C++ (GCC 9.2.1),cpp,Accepted,6,3628,680,
s617485661,p02982,u872982453,1599020204,C++,C++ (GCC 9.2.1),cpp,Accepted,6,3708,623,
s907186616,p02982,u379168673,1599019954,C++,C++ (GCC 9.2.1),cpp,Accepted,9,3608,583,
s373301616,p02982,u564589929,1599017706,Python,Python (3.8.2),py,Accepted,30,9324,1425,
s002173753,p02982,u553321223,1599014973,C++,C++ (GCC 9.2.1),cpp,Accepted,8,3704,595,
s346442971,p02982,u497715246,1599012853,C++,C++ (GCC 9.2.1),cpp,Accepted,6,3556,780,
s731086000,p02982,u856005964,1599012805,C++,C++ (GCC 9.2.1),cpp,Accepted,9,3608,554,
s022212541,p02982,u374333266,1599011178,C++,C++ (GCC 9.2.1),cpp,Accepted,8,3624,1552,
s540508472,p02982,u907414670,1599008673,C++,C++ (GCC 9.2.1),cpp,Accepted,6,3716,544,
s243532079,p02982,u321605735,1599004766,Python,Python (3.8.2),py,Accepted,25,9352,348,
s806114103,p02982,u321605735,1599004651,Python,Python (3.8.2),py,Wrong Answer,29,9144,353,
s782683127,p02982,u261103969,1599004031,Python,PyPy3 (7.3.0),py,Accepted,65,62168,641,
s190043759,p02982,u261103969,1599003959,Python,PyPy3 (7.3.0),py,Wrong Answer,61,62268,633,
s705811399,p02982,u987805705,1598996211,C++,C++ (GCC 9.2.1),cpp,Accepted,6,3548,698,
s056877472,p02982,u114143339,1598992925,C++,C++ (GCC 9.2.1),cpp,Accepted,5,3820,632,
s147206533,p02982,u613943630,1598990370,Python,Python (3.8.2),py,Accepted,30,9172,707,
s335454035,p02982,u613943630,1598990344,Python,Python (3.8.2),py,Wrong Answer,28,9144,735,
s831497412,p02982,u613943630,1598985533,Python,Python (3.8.2),py,Accepted,27,9024,705,
s937526581,p02982,u613943630,1598980464,Python,Python (3.8.2),py,Accepted,26,9092,705,
s657714346,p02982,u257214359,1598973522,Python,Python (3.8.2),py,Accepted,30,9460,330,
s897010339,p02982,u800058906,1598954338,Python,Python (3.8.2),py,Wrong Answer,29,9456,412,
s349884634,p02982,u651314218,1598932135,C++,C++ (GCC 9.2.1),cpp,Accepted,6,3684,898,
s661630041,p02982,u222822036,1598928893,Java,Java (OpenJDK 11.0.6),java,Accepted,88,33056,3415,
s406479254,p02982,u540762794,1598928453,Python,Python (3.8.2),py,Accepted,28,9148,474,
s484539503,p02982,u450028885,1598928357,Python,Python (3.8.2),py,Accepted,24,9360,405,
s185198006,p02982,u345693891,1598924036,C++,C++ (GCC 9.2.1),cpp,Accepted,6,3676,1497,
s461970722,p02982,u345693891,1598923744,C++,C++ (GCC 9.2.1),cpp,Accepted,3,3684,1443,
s535251202,p02982,u633402865,1598922629,C++,C++ (GCC 9.2.1),cpp,Accepted,6,3724,593,
s275571066,p02982,u633402865,1598922592,C++,C++ (GCC 9.2.1),cpp,Compile Error,,,576,
s173991063,p02982,u395620499,1598920554,Python,Python (3.8.2),py,Accepted,33,9188,390,
s718614555,p02982,u395620499,1598920411,Python,Python (3.8.2),py,Runtime Error,29,9212,351,
s865694299,p02982,u642384509,1598916465,C++,C++ (GCC 9.2.1),cpp,Accepted,6,3592,709,
s076692052,p02982,u682116898,1598904114,Rust,Rust (1.42.0),rs,Accepted,6,2208,664,
s106286707,p02982,u678505520,1598892061,Python,Python (3.8.2),py,Accepted,27,9464,360,
s254951402,p02982,u927463074,1598878962,C++,C++ (GCC 9.2.1),cpp,Accepted,6,3720,511,
s938648550,p02982,u927463074,1598878707,C++,C++ (GCC 9.2.1),cpp,Wrong Answer,6,3596,506,
s568255654,p02982,u132602393,1598847727,C++,C++ (GCC 9.2.1),cpp,Accepted,7,3668,3645,
s644451558,p02982,u132602393,1598847546,C++,C++ (GCC 9.2.1),cpp,Accepted,7,3672,3646,
s466600423,p02982,u734195782,1598845496,Python,Python (3.8.2),py,Accepted,119,27144,285,
s858343498,p02982,u430479790,1598840021,C++,C++ (GCC 9.2.1),cpp,Accepted,7,3688,1731,
s987760455,p02982,u198319923,1598839874,C++,C++ (GCC 9.2.1),cpp,Accepted,9,3656,568,
s141849298,p02982,u198319923,1598839441,C++,C++ (GCC 9.2.1),cpp,Runtime Error,110,3612,568,
s219280239,p02982,u198319923,1598839166,C++,C++ (GCC 9.2.1),cpp,Runtime Error,107,3612,568,
s596232804,p02982,u198319923,1598839022,C++,C++ (GCC 9.2.1),cpp,Compile Error,,,568,
s786531419,p02982,u198319923,1598838984,C++,C++ (GCC 9.2.1),cpp,Compile Error,,,567,
s898331355,p02982,u127228093,1598837583,C++,C++ (GCC 9.2.1),cpp,Accepted,7,3676,673,
s442198354,p02982,u262646906,1598835439,C++,C++ (Clang 10.0.0),cpp,Accepted,7,3208,1265,
s979315786,p02982,u845608451,1598830317,C++,C++ (GCC 9.2.1),cpp,Accepted,7,3624,790,
s723761406,p02982,u821625519,1598829108,C++,C++ (GCC 9.2.1),cpp,Accepted,7,3648,729,
s537958852,p02982,u464823755,1598825243,Python,Python (3.8.2),py,Accepted,123,27152,323,
s462476478,p02982,u264721671,1598821988,C++,C++ (GCC 9.2.1),cpp,Accepted,6,3628,595,
s684929481,p02982,u608227593,1598817962,Lisp,Common Lisp (SBCL 2.0.3),l,Accepted,16,24660,643,
s624236680,p02982,u710927697,1598815034,Python,Python (3.8.2),py,Accepted,28,9428,884,
s510350175,p02982,u506464494,1598803975,C++,C++ (GCC 9.2.1),cpp,Accepted,12,3720,4678,
s035709099,p02982,u506464494,1598803818,C++,C++ (GCC 9.2.1),cpp,Accepted,6,3740,4990,
s441991596,p02982,u764735554,1598798630,C++,C++ (GCC 9.2.1),cpp,Accepted,8,3732,700,
s144529786,p02982,u948222358,1598756884,C++,C++ (GCC 9.2.1),cpp,Accepted,8,3756,766,
s449598851,p02982,u957398141,1598748680,C++,C++ (GCC 9.2.1),cpp,Accepted,8,3724,666,
s109628636,p02982,u450147945,1598739617,Python,Python (3.8.2),py,Accepted,26,9236,360,
s272932815,p02982,u711997425,1598739243,C++,C++ (GCC 9.2.1),cpp,Accepted,7,3608,1135,
s737657461,p02982,u324973749,1598738898,C++,C++ (GCC 9.2.1),cpp,Accepted,7,3676,830,
s241910975,p02982,u928286416,1598734708,C++,C++ (GCC 9.2.1),cpp,Accepted,6,3692,592,
s039934322,p02982,u994630752,1598734109,C++,C++ (GCC 9.2.1),cpp,Accepted,7,3576,1008,
s906808805,p02982,u839715645,1598712970,C++,C++ (GCC 9.2.1),cpp,Accepted,5,3600,790,
s006511916,p02982,u839715645,1598712937,C++,C++ (GCC 9.2.1),cpp,Time Limit Exceeded,2205,3332,790,
s399908662,p02982,u313103408,1598711942,Ruby,Ruby (2.7.1),rb,Accepted,66,14124,339,
s066950699,p02982,u304058693,1598679734,Python,Python (3.8.2),py,Accepted,33,9412,448,
s610697978,p02982,u306412379,1598671776,Python,Python (3.8.2),py,Accepted,27,9456,343,
s843063296,p02982,u570601094,1598665736,C++,C++ (GCC 9.2.1),cpp,Accepted,7,3712,832,
s433821589,p02982,u616382321,1598660748,Python,Python (3.8.2),py,Accepted,27,9344,334,
s745604801,p02982,u535267326,1598650588,C++,C++ (GCC 9.2.1),cpp,Accepted,6,3664,530,
s060719771,p02982,u945761460,1598644436,Python,Python (3.8.2),py,Accepted,28,9188,315,
s429820008,p02982,u897135531,1598634489,C++,C++ (GCC 9.2.1),cpp,Accepted,6,3636,796,
s988958683,p02982,u977506075,1598626337,Ruby,Ruby (2.7.1),rb,Accepted,65,14424,237,
s545307340,p02982,u228456702,1598625918,C++,C++ (GCC 9.2.1),cpp,Accepted,9,3680,363,
s892972292,p02982,u882098164,1598625809,C++,C++ (GCC 9.2.1),cpp,Accepted,8,3616,441,
s250666863,p02982,u080529099,1598599612,C++,C++ (GCC 9.2.1),cpp,Accepted,8,3672,1294,
s287166462,p02982,u519339498,1598589305,C++,C++ (GCC 9.2.1),cpp,Accepted,9,4024,509,
s955083494,p02982,u519339498,1598589116,C++,C++ (GCC 9.2.1),cpp,Wrong Answer,8,4048,451,
s210360161,p02982,u548525760,1598587450,Python,Python (3.8.2),py,Accepted,26,9076,446,
s726555297,p02982,u882098164,1598582646,C++,C++ (GCC 9.2.1),cpp,Wrong Answer,481,3600,463,
s983828657,p02982,u747602774,1598577803,C++,C++ (GCC 9.2.1),cpp,Accepted,6,3992,653,
s995354154,p02982,u894580425,1598577416,C++,C++ (GCC 9.2.1),cpp,Accepted,8,3840,1311,
s340519095,p02982,u894580425,1598577295,C++,C++ (GCC 9.2.1),cpp,Compile Error,,,1288,
s393374461,p02982,u156778176,1598572786,C++,C++ (GCC 9.2.1),cpp,Accepted,8,3516,961,
s174119919,p02982,u156778176,1598572637,C++,C++ (GCC 9.2.1),cpp,Wrong Answer,5,3576,957,
s588720841,p02982,u936877713,1598571821,C++,C++ (GCC 9.2.1),cpp,Accepted,6,3564,676,
s203283179,p02982,u512551187,1598562186,Python,PyPy3 (7.3.0),py,Accepted,64,62396,314,
s714992130,p02982,u125180853,1598561737,C++,C++ (GCC 9.2.1),cpp,Accepted,6,3628,1193,
s952902962,p02982,u066538689,1598559097,C++,C++ (GCC 9.2.1),cpp,Accepted,3,3648,572,
s329958829,p02982,u821588465,1598545858,Python,Python (3.8.2),py,Accepted,121,27168,274,
s522511775,p02982,u359358631,1598541846,Python,PyPy3 (7.3.0),py,Accepted,104,62720,413,
s325525591,p02982,u785875736,1598536441,Haskell,Haskell (GHC 8.8.3),hs,Accepted,6,4488,424,
s685883174,p02982,u805277811,1598535860,C++,C++ (GCC 9.2.1),cpp,Accepted,7,3624,509,
s565228862,p02982,u805277811,1598535414,C++,C++ (GCC 9.2.1),cpp,Wrong Answer,6,3588,526,
s772754889,p02982,u135197221,1598515932,Python,Python (3.8.2),py,Accepted,29,9264,539,
s966864348,p02982,u572032237,1598505759,Python,Python (3.8.2),py,Accepted,26,9060,396,
s979262770,p02982,u240515443,1598501158,Java,Java (OpenJDK 11.0.6),java,Accepted,124,36140,904,
s640824540,p02982,u757628628,1598499404,C++,C++ (GCC 9.2.1),cpp,Accepted,11,3708,2013,
s079948544,p02982,u666550725,1598499378,Python,PyPy3 (7.3.0),py,Accepted,74,62376,305,
s913987249,p02982,u002847662,1598497033,C++,C++ (GCC 9.2.1),cpp,Accepted,6,3572,499,
s230235238,p02982,u840037795,1598495469,Python,PyPy3 (7.3.0),py,Accepted,69,62200,369,
s067115495,p02982,u019359540,1598495299,C++,C++ (GCC 9.2.1),cpp,Accepted,9,3652,775,
s278154841,p02982,u429029348,1598494624,Python,Python (3.8.2),py,Accepted,61,9028,426,
s503248800,p02982,u005072763,1598494284,C++,C++ (GCC 9.2.1),cpp,Accepted,7,3984,835,
s398653046,p02982,u429029348,1598494281,Python,Python (3.8.2),py,Wrong Answer,60,9172,424,
s410607688,p02982,u626113839,1598494000,Rust,Rust (1.42.0),rs,Accepted,4,2636,1350,
s363071612,p02982,u019359540,1598487971,C++,C++ (GCC 9.2.1),cpp,Accepted,2,3612,775,
s468468116,p02982,u011438316,1598485651,C++,C++ (GCC 9.2.1),cpp,Accepted,8,3644,605,
s178474278,p02982,u572073783,1598426622,C++,C++ (GCC 9.2.1),cpp,Accepted,8,5964,2052,
s436403743,p02982,u572073783,1598426367,C++,C++ (GCC 9.2.1),cpp,Wrong Answer,17,6004,2002,
s831631280,p02982,u572073783,1598426219,C++,C++ (GCC 9.2.1),cpp,Wrong Answer,14,5956,2001,
s220481532,p02982,u572073783,1598424558,C++,C++ (GCC 9.2.1),cpp,Wrong Answer,11,6020,1908,
s508171996,p02982,u429029348,1598414117,C++,C++ (GCC 9.2.1),cpp,Accepted,6,3636,771,
s208722757,p02982,u502450378,1598410954,C++,C++ (Clang 10.0.0),cpp,Accepted,6,3224,735,
s447226442,p02982,u827741718,1598398872,C++,C++ (GCC 9.2.1),cpp,Accepted,7,3672,1349,
s574115919,p02982,u827741718,1598398759,C++,C++ (GCC 9.2.1),cpp,Wrong Answer,10,3588,1348,
s163780478,p02982,u731362892,1598397056,Python,PyPy3 (7.3.0),py,Accepted,156,61972,310,
s352837203,p02982,u731362892,1598396727,Python,PyPy3 (7.3.0),py,Wrong Answer,74,62208,309,
s958990377,p02982,u731362892,1598395604,Python,PyPy3 (7.3.0),py,Wrong Answer,75,61932,309,
s134643086,p02982,u992723601,1598384792,C++,C++ (GCC 9.2.1),cpp,Accepted,8,3520,966,
s493478699,p02982,u956547804,1598384584,Python,Python (3.8.2),py,Accepted,27,9392,283,
s197405608,p02982,u201651098,1598380118,C++,C++ (GCC 9.2.1),cpp,Accepted,9,3672,767,
s465960269,p02982,u850165979,1598367261,C++,C++ (GCC 9.2.1),cpp,Accepted,6,3728,615,
s646369811,p02982,u635435492,1598355829,C++,C++ (GCC 9.2.1),cpp,Accepted,6,3688,653,
s679634695,p02982,u769765274,1598327342,Go,Go (1.14.1),go,Accepted,10,1784,522,
s692944755,p02982,u081949518,1598317084,F#,F# (.NET Core 3.1.201),fs,Accepted,121,30716,568,
s167522199,p02982,u153499445,1598282856,Python,Python (3.8.2),py,Accepted,25,9072,315,
s879778252,p02982,u422506696,1598245787,C++,C++ (GCC 9.2.1),cpp,Accepted,11,3636,495,
s632388504,p02982,u814265211,1598238486,Python,Python (3.8.2),py,Accepted,24,9096,351,
s983327485,p02982,u212063753,1598212616,Java,Java (OpenJDK 1.8.0),java,Accepted,101,27280,1210,
s153460234,p02982,u008040394,1598211379,C++,C++ (GCC 9.2.1),cpp,Accepted,4,3604,645,
s659124566,p02982,u933962236,1598207217,C++,C++ (GCC 9.2.1),cpp,Accepted,7,3700,478,
s438148919,p02982,u768347697,1598207067,C++,C++ (GCC 9.2.1),cpp,Accepted,9,3620,1139,
s727888314,p02982,u698868214,1598193812,Python,Python (3.8.2),py,Accepted,28,9132,392,
s770893321,p02982,u818755983,1598191162,C++,C++ (GCC 9.2.1),cpp,Accepted,10,3692,576,
s769263258,p02982,u818755983,1598190762,C++,C++ (GCC 9.2.1),cpp,Wrong Answer,6,3584,575,
s433036146,p02982,u249987458,1598169856,Python,Python (3.8.2),py,Accepted,27,9116,300,
s624312211,p02982,u051671555,1598162620,C++,C++ (GCC 9.2.1),cpp,Accepted,6,3724,575,
s944196138,p02982,u051671555,1598162598,C++,C++ (Clang 10.0.0),cpp,Compile Error,,,574,
s169569897,p02982,u051671555,1598162576,C++,C++ (GCC 9.2.1),cpp,Compile Error,,,574,
s717113832,p02982,u314188085,1598150216,Python,Python (3.8.2),py,Accepted,33,9096,362,
s227569967,p02982,u093681822,1598148738,C++,C++ (GCC 9.2.1),cpp,Accepted,7,3636,1305,
s212803853,p02982,u093681822,1598148493,C++,C++ (GCC 9.2.1),cpp,Wrong Answer,8,3596,1305,
s921099679,p02982,u273359100,1598146028,C++,C++ (GCC 9.2.1),cpp,Accepted,10,3648,893,
s160827554,p02982,u273359100,1598145995,C++,C++ (GCC 9.2.1),cpp,Wrong Answer,11,3612,889,
s064487763,p02982,u134678977,1598143481,C++,C++ (GCC 9.2.1),cpp,Accepted,7,3552,1011,
s836425180,p02982,u589969467,1598134967,Python,Python (3.8.2),py,Accepted,33,9212,372,
s899097647,p02982,u865613237,1598134138,C++,C++ (GCC 9.2.1),cpp,Accepted,9,3716,1846,
s674718518,p02982,u188138642,1598129898,Python,Python (3.8.2),py,Accepted,57,9044,456,
s578894411,p02982,u005006157,1598128035,C++,C++ (GCC 9.2.1),cpp,Accepted,10,3736,662,
s831430600,p02982,u600402037,1598124561,C++,C++ (GCC 9.2.1),cpp,Accepted,7,3572,778,
s869908293,p02982,u417017290,1598115055,C++,C++ (GCC 9.2.1),cpp,Accepted,7,3628,1173,
s573941525,p02982,u327682315,1598086018,C++,C++ (GCC 9.2.1),cpp,Accepted,7,3588,820,
s651073456,p02982,u124142430,1598071744,C++,C++ (GCC 9.2.1),cpp,Accepted,5,3616,574,
s971243979,p02982,u313890617,1598064853,Python,Python (3.8.2),py,Accepted,28,9160,365,
s382408590,p02982,u703574047,1598059795,Rust,Rust (1.42.0),rs,Accepted,6,2664,612,
s221666323,p02982,u749491107,1598052562,Python,Python (3.8.2),py,Accepted,30,8992,323,
s242659173,p02982,u587622858,1598045852,C++,C++ (GCC 9.2.1),cpp,Accepted,6,3608,475,
s856812319,p02982,u187772564,1598024712,C++,C++ (GCC 9.2.1),cpp,Accepted,6,3636,721,
s913850579,p02982,u187772564,1598021884,C++,C++ (GCC 9.2.1),cpp,Compile Error,,,721,
s750839909,p02982,u720558413,1598021241,Python,Python (3.8.2),py,Accepted,27,9396,324,
s535583548,p02982,u187772564,1598020627,C++,C++ (GCC 9.2.1),cpp,Wrong Answer,8,3592,277,
s752038482,p02982,u202799478,1597981248,C++,C++ (GCC 9.2.1),cpp,Accepted,9,3596,1033,
s220334056,p02982,u788260274,1597976753,Python,PyPy3 (7.3.0),py,Accepted,108,78016,1074,
s480288333,p02982,u239091426,1597976700,Python,Python (3.8.2),py,Accepted,34,9336,303,
s602459164,p02982,u825925638,1597973490,C++,C++ (Clang 10.0.0),cpp,Accepted,6,3256,757,
s923824636,p02982,u825925638,1597973369,C++,C++ (GCC 9.2.1),cpp,Compile Error,,,757,
s351779126,p02982,u509516894,1597954879,C++,C++ (GCC 9.2.1),cpp,Accepted,5,3668,563,
s097450401,p02982,u714642046,1597952902,C++,C++ (GCC 9.2.1),cpp,Accepted,7,3724,545,
s949136141,p02982,u351148423,1597945530,C++,C++ (GCC 9.2.1),cpp,Accepted,8,3656,462,
s928761310,p02982,u863397945,1597929137,Python,Python (3.8.2),py,Accepted,29,9208,377,
s951355269,p02982,u863397945,1597928881,Python,Python (3.8.2),py,Runtime Error,21,9128,374,
s960574672,p02982,u858107870,1597899962,C++,C++ (GCC 9.2.1),cpp,Accepted,8,3672,882,
s965693122,p02982,u458928289,1597896558,Python,Python (3.8.2),py,Accepted,25,9192,295,
s167283504,p02982,u840841119,1597896110,Python,Python (3.8.2),py,Accepted,28,9056,293,
s283911941,p02982,u498575211,1597887244,Python,Python (3.8.2),py,Accepted,26,9396,290,
s808122286,p02982,u674588203,1597886784,Python,Python (3.8.2),py,Accepted,27,9460,436,
s279087629,p02982,u036914910,1597865983,Python,Python (3.8.2),py,Accepted,34,9156,361,
s628052084,p02982,u058106405,1597850395,C++,C++ (GCC 9.2.1),cpp,Accepted,8,3600,533,
s045642898,p02982,u370785250,1597810065,C++,C++ (GCC 9.2.1),cpp,Accepted,4,3612,1313,
s396560240,p02982,u153390822,1597803570,C++,C++ (GCC 9.2.1),cpp,Accepted,6,3628,3777,
s898071718,p02982,u516554284,1597799192,Python,Python (3.8.2),py,Accepted,30,9196,304,
s390684146,p02982,u248364740,1597778588,Python,Python (3.8.2),py,Accepted,30,9152,528,
s328102987,p02982,u344888046,1597770239,Python,Python (3.8.2),py,Accepted,27,9096,405,
s405452509,p02982,u443078149,1597766659,C++,C++ (GCC 9.2.1),cpp,Accepted,10,3696,439,
s477783199,p02982,u344030307,1597765658,Python,Python (3.8.2),py,Accepted,26,9184,287,
s649684574,p02982,u344030307,1597764722,Python,Python (3.8.2),py,Accepted,31,9188,348,
s838381712,p02982,u128015095,1597728440,Go,Go (1.14.1),go,Accepted,7,1848,551,
s386638360,p02982,u199441105,1597725667,C++,C++ (GCC 9.2.1),cpp,Accepted,7,3628,708,
s930591442,p02982,u946082956,1597721908,C++,C++ (GCC 9.2.1),cpp,Accepted,8,3644,3563,
s081050022,p02982,u946082956,1597721719,C++,C++ (GCC 9.2.1),cpp,Wrong Answer,7,3632,3561,
s342725517,p02982,u946082956,1597721647,C++,C++ (GCC 9.2.1),cpp,Runtime Error,110,3636,3559,
s191227233,p02982,u057844520,1597720425,C++,C++ (GCC 9.2.1),cpp,Wrong Answer,6,3796,373,
s427110415,p02982,u946082956,1597720421,C++,C++ (GCC 9.2.1),cpp,Wrong Answer,7,3584,3178,
s995171303,p02982,u452512115,1597709755,Python,Python (3.8.2),py,Accepted,28,9304,291,
s505108211,p02982,u024782094,1597705577,Python,Python (3.8.2),py,Accepted,41,10700,565,
s136981144,p02982,u678961336,1597696306,C++,C++ (GCC 9.2.1),cpp,Accepted,26,3544,765,
s954829216,p02982,u981864683,1597678010,Python,Python (3.8.2),py,Accepted,29,9092,386,
s535980482,p02982,u437351386,1597677740,Python,PyPy3 (7.3.0),py,Accepted,65,62288,377,
s310173161,p02982,u437351386,1597677384,Python,PyPy3 (7.3.0),py,Wrong Answer,69,62124,376,
s668648275,p02982,u196574642,1597628714,Rust,Rust (1.42.0),rs,Accepted,3,2144,1329,
s570510371,p02982,u600480888,1597621477,C++,C++ (GCC 9.2.1),cpp,Accepted,7,3628,684,
s502542376,p02982,u089177147,1597616803,C++,C++ (GCC 9.2.1),cpp,Accepted,8,3616,1332,
s488296042,p02982,u804446596,1597613107,C++,C++ (GCC 9.2.1),cpp,Accepted,7,3612,583,
s810107687,p02982,u246401133,1597583893,Python,Python (3.8.2),py,Accepted,26,9124,383,
s728859016,p02982,u059126963,1597581381,Ruby,Ruby (2.7.1),rb,Accepted,66,14308,519,
s807977998,p02982,u177125607,1597577478,Python,Python (3.8.2),py,Accepted,29,9244,263,
s183260170,p02982,u411923565,1597572057,Python,Python (3.8.2),py,Accepted,28,8996,437,
s359387012,p02982,u713574885,1597565873,C++,C++ (GCC 9.2.1),cpp,Accepted,6,3596,652,
s512184926,p02982,u602267597,1597555636,C++,C++ (GCC 9.2.1),cpp,Accepted,289,66096,578,
s919668860,p02982,u298497862,1597527776,Rust,Rust (1.42.0),rs,Accepted,6,2204,949,
s480950705,p02982,u937618939,1597525985,C++,C++ (GCC 9.2.1),cpp,Accepted,6,3476,1022,
s004936692,p02982,u138083942,1597525353,Python,PyPy3 (7.3.0),py,Accepted,63,62472,612,
s430346010,p02982,u033937898,1597505100,C++,C++ (GCC 9.2.1),cpp,Accepted,8,3732,734,
s401772764,p02982,u707030679,1597462157,Python,Python (3.8.2),py,Accepted,28,9352,330,
s615710881,p02982,u770486670,1597432762,C++,C++ (GCC 9.2.1),cpp,Accepted,6,3700,738,
s072142460,p02982,u972474792,1597419951,Python,Python (3.8.2),py,Runtime Error,32,9372,484,
s333495183,p02982,u692336506,1597419257,C++,C++ (GCC 9.2.1),cpp,Accepted,6,3608,533,
s118676427,p02982,u692336506,1597419194,C++,C++ (GCC 9.2.1),cpp,Compile Error,,,532,
s781782258,p02982,u692336506,1597419138,C++,C++ (GCC 9.2.1),cpp,Compile Error,,,541,
s864451387,p02982,u692336506,1597418914,C++,C++ (GCC 9.2.1),cpp,Wrong Answer,10,3640,510,
s473897962,p02982,u838276016,1597416170,C++,C++ (GCC 9.2.1),cpp,Accepted,7,3652,573,
s676988476,p02982,u838276016,1597416140,C++,C++ (GCC 9.2.1),cpp,Wrong Answer,3,3652,573,
s951972563,p02982,u838276016,1597416095,C++,C++ (GCC 9.2.1),cpp,Accepted,6,3656,572,
s367068361,p02982,u838276016,1597415985,C++,C++ (GCC 9.2.1),cpp,Wrong Answer,6,3640,572,
s907098922,p02982,u460129720,1597405883,Python,Python (3.8.2),py,Accepted,33,9172,420,
s010166259,p02982,u460129720,1597405700,Python,Python (3.8.2),py,Wrong Answer,29,9152,440,
s559095395,p02982,u337949146,1597381379,C++,C++ (GCC 9.2.1),cpp,Accepted,8,3652,2128,
s556541022,p02982,u337949146,1597381361,C++,C++ (GCC 9.2.1),cpp,Wrong Answer,7,3620,2126,
s337343708,p02982,u337949146,1597381273,C++,C++ (GCC 9.2.1),cpp,Accepted,13,3668,2127,
s564716332,p02982,u818498408,1597379209,Java,Java (OpenJDK 1.8.0),java,Accepted,205,32216,709,
s315131703,p02982,u357751375,1597377675,Python,Python (3.8.2),py,Accepted,26,9192,314,
s275588354,p02982,u357751375,1597377247,Python,Python (3.8.2),py,Wrong Answer,25,9208,391,
s105062254,p02982,u858806530,1597372179,C,C (GCC 9.2.1),c,Accepted,6,2148,552,
s293218042,p02982,u272628953,1597369812,C++,C++ (GCC 9.2.1),cpp,Accepted,8,4024,2536,
s305275698,p02982,u446766335,1597368402,C++,C++ (GCC 9.2.1),cpp,Accepted,8,3784,846,
s760551701,p02982,u776723033,1597365975,Rust,Rust (1.42.0),rs,Accepted,6,2112,529,
s694201431,p02982,u039860745,1597365281,Python,Python (3.8.2),py,Accepted,27,9268,427,
s290557737,p02982,u414699019,1597358516,Fortran,Fortran (GNU Fortran 9.2.1),f,Accepted,13,2836,408,
s534267051,p02982,u414699019,1597358425,Fortran,Fortran (GNU Fortran 9.2.1),f,Wrong Answer,6,2868,386,
s130433009,p02982,u649811088,1597357380,C++,C++ (GCC 9.2.1),cpp,Accepted,5,3628,2871,
s131359243,p02982,u397944802,1597352594,C++,C++ (GCC 9.2.1),cpp,Accepted,7,3684,2118,
s445896292,p02982,u118868154,1597351901,C++,C++ (Clang 10.0.0),cpp,Accepted,10,3136,2784,
s971836339,p02982,u118868154,1597351875,C++,C++ (Clang 10.0.0),cpp,Wrong Answer,9,3092,2785,
s893082465,p02982,u072293789,1597330106,C++,C++ (GCC 9.2.1),cpp,Accepted,9,3600,517,
s579425188,p02982,u330799501,1597328891,Python,Python (3.8.2),py,Accepted,25,9104,564,
s873001178,p02982,u190580703,1597323919,C++,C++ (GCC 9.2.1),cpp,Accepted,8,3700,3031,
s884617370,p02982,u364774090,1597320733,Python,Python (3.8.2),py,Accepted,29,9360,316,
s951658114,p02982,u171400122,1597298467,C++,C++ (GCC 9.2.1),cpp,Accepted,6,4028,486,
s575996838,p02982,u401152875,1597293417,C++,C++ (GCC 9.2.1),cpp,Accepted,8,3652,770,
s515630907,p02982,u401152875,1597293275,C++,C++ (GCC 9.2.1),cpp,Wrong Answer,6,3664,770,
s972342492,p02982,u039860745,1597275646,Python,Python (3.8.2),py,Runtime Error,22,8856,237,
s262905872,p02982,u341543478,1597264250,Python,Python (3.8.2),py,Accepted,34,9172,368,
s440706945,p02982,u898058223,1597262390,Python,Python (3.8.2),py,Accepted,28,9172,278,
s612104739,p02982,u225777148,1597260042,C++,C++ (GCC 9.2.1),cpp,Accepted,8,3584,604,
s261796359,p02982,u225777148,1597259969,C++,C++ (GCC 9.2.1),cpp,Wrong Answer,9,3632,598,
s627226594,p02982,u052332717,1597256410,OCaml,OCaml (4.10.0),ml,Accepted,3,3928,978,
s364160926,p02982,u052332717,1597255897,OCaml,OCaml (4.10.0),ml,Wrong Answer,11,3812,977,
s434894431,p02982,u052332717,1597255874,OCaml,OCaml (4.10.0),ml,Wrong Answer,10,3832,973,
s637536283,p02982,u052332717,1597255626,OCaml,OCaml (4.10.0),ml,Wrong Answer,8,3868,969,
s459325544,p02982,u052332717,1597255549,OCaml,OCaml (4.10.0),ml,Wrong Answer,6,3828,85,
s417697165,p02982,u666733706,1597238886,C++,C++ (GCC 9.2.1),cpp,Accepted,6,4060,1413,
s186499670,p02982,u175034939,1597207965,Python,Python (3.8.2),py,Accepted,27,9440,299,
s771686997,p02982,u430394202,1597204636,C++,C++ (GCC 9.2.1),cpp,Accepted,7,3636,598,
s124198622,p02982,u432453907,1597200591,Python,Python (3.8.2),py,Accepted,27,9408,327,
s760859705,p02982,u699628455,1597200238,C,C (GCC 9.2.1),c,Accepted,7,2144,569,
s426607982,p02982,u277104886,1597196112,Python,PyPy3 (7.3.0),py,Accepted,68,62580,300,
s251241815,p02982,u277104886,1597196027,Python,PyPy3 (7.3.0),py,Wrong Answer,71,62752,300,
s809988201,p02982,u473734671,1597182558,C++,C++ (GCC 9.2.1),cpp,Accepted,10,3672,1900,
s350990267,p02982,u380491044,1597174942,C++,C++ (GCC 9.2.1),cpp,Accepted,7,3640,499,
s333196547,p02982,u218838821,1597173447,Python,Python (3.8.2),py,Accepted,32,9432,348,
s717582049,p02982,u442714890,1597172576,C++,C++ (GCC 9.2.1),cpp,Accepted,6,3580,626,
s796868998,p02982,u889953704,1597162001,C++,C++ (GCC 9.2.1),cpp,Accepted,6,3544,769,
s434076650,p02982,u277318398,1597144030,C++,C++ (GCC 9.2.1),cpp,Accepted,8,3680,630,
s286635542,p02982,u349449706,1597136186,Python,PyPy3 (7.3.0),py,Accepted,64,62084,261,
s858641048,p02982,u980385246,1597131104,Java,Java (OpenJDK 11.0.6),java,Accepted,133,36684,588,
s071034044,p02982,u477156071,1597125328,C++,C++ (GCC 9.2.1),cpp,Accepted,7,3612,836,
s544239069,p02982,u477156071,1597125312,C++,C++ (GCC 9.2.1),cpp,Wrong Answer,9,3640,834,
s469081301,p02982,u477156071,1597124185,C++,C++ (GCC 9.2.1),cpp,Accepted,6,3644,768,
s645429721,p02982,u477156071,1597124154,C++,C++ (GCC 9.2.1),cpp,Wrong Answer,7,3648,766,
s056239806,p02982,u558505664,1597122893,C++,C++ (GCC 9.2.1),cpp,Accepted,31,27108,1788,
s889628380,p02982,u123872895,1597121377,Python,PyPy3 (7.3.0),py,Accepted,64,63328,451,
s930460371,p02982,u280859559,1597110649,C++,C++ (GCC 9.2.1),cpp,Accepted,9,3692,567,
s037129313,p02982,u322187839,1597110255,Python,Python (3.8.2),py,Accepted,28,9048,342,
s790898795,p02982,u672316981,1597101965,Python,Python (3.8.2),py,Accepted,25,9472,660,
s430423705,p02982,u672316981,1597101903,Python,Python (3.8.2),py,Wrong Answer,28,9040,620,
s770756394,p02982,u377907412,1597097774,C++,C++ (GCC 9.2.1),cpp,Accepted,7,3632,2209,
s255426772,p02982,u697323362,1597092978,Python,Python (3.8.2),py,Accepted,27,9144,357,
s864217234,p02982,u010415482,1597091051,C++,C++ (GCC 9.2.1),cpp,Accepted,6,3528,841,
s996552344,p02982,u855866205,1597083444,Python,PyPy3 (7.3.0),py,Accepted,66,62424,333,
s295444967,p02982,u459100168,1597074947,Java,Java (OpenJDK 11.0.6),java,Accepted,126,36172,686,
s645140981,p02982,u363825867,1597045108,Python,Python (3.8.2),py,Accepted,25,9372,267,
s964331342,p02982,u141511165,1597018597,C++,C++ (GCC 9.2.1),cpp,Accepted,6,3724,572,
s951758828,p02982,u337734014,1597005371,C++,C++ (GCC 9.2.1),cpp,Accepted,16,3584,872,
s254642807,p02982,u337734014,1597005203,C++,C++ (GCC 9.2.1),cpp,Wrong Answer,7,3568,851,
s586049853,p02982,u337734014,1597005101,C++,C++ (GCC 9.2.1),cpp,Wrong Answer,7,3572,849,
s526288636,p02982,u350308906,1597004099,C++,C++ (GCC 9.2.1),cpp,Accepted,10,3640,553,
s187630801,p02982,u350308906,1597003445,C++,C++ (GCC 9.2.1),cpp,Wrong Answer,7,3572,552,
s798706655,p02982,u350308906,1597003383,C++,C++ (GCC 9.2.1),cpp,Wrong Answer,8,3624,550,
s282516711,p02982,u126146165,1596989614,C++,C++ (GCC 9.2.1),cpp,Accepted,4,3676,613,
s288533363,p02982,u652363293,1596942990,Rust,Rust (1.42.0),rs,Accepted,10,2204,547,
s519325937,p02982,u652363293,1596942899,Rust,Rust (1.42.0),rs,Wrong Answer,7,2160,546,
s338206363,p02982,u956112889,1596939850,Python,PyPy3 (7.3.0),py,Accepted,150,62192,369,
s446196192,p02982,u394244719,1596936871,Python,PyPy3 (7.3.0),py,Accepted,65,62724,542,
s412576777,p02982,u118147023,1596931124,C++,C++ (GCC 9.2.1),cpp,Accepted,7,3632,709,
s565872077,p02982,u649769812,1596927782,Python,Python (3.8.2),py,Accepted,29,9344,317,
s630836638,p02982,u659209756,1596923671,C++,C++ (GCC 9.2.1),cpp,Accepted,6,3636,553,
s219936832,p02982,u418149936,1596923614,Python,Python (3.8.2),py,Accepted,27,9116,419,
s638480260,p02982,u327668449,1596922153,Rust,Rust (1.42.0),rs,Accepted,6,2212,744,
s243934748,p02982,u654240084,1596920022,C++,C++ (GCC 9.2.1),cpp,Accepted,8,3736,602,
s304443768,p02982,u196953553,1596919863,C++,C++ (GCC 9.2.1),cpp,Accepted,6,3564,1984,
s975322839,p02982,u073879055,1596917922,Java,Java (OpenJDK 11.0.6),java,Accepted,122,36084,864,
s723512388,p02982,u115454768,1596914310,C++,C++ (GCC 9.2.1),cpp,Accepted,6,3600,832,
s853088618,p02982,u184143728,1596905841,C++,C++ (GCC 9.2.1),cpp,Accepted,7,3592,578,
s022204635,p02982,u572033996,1596903060,C++,C++ (GCC 9.2.1),cpp,Accepted,8,3664,906,
s339147047,p02982,u386131832,1596900654,C++,C++ (GCC 9.2.1),cpp,Accepted,9,3612,1088,
s191547457,p02982,u386131832,1596900455,C++,C++ (GCC 9.2.1),cpp,Wrong Answer,9,3608,1072,
s990849157,p02982,u478417863,1596898439,Python,Python (3.8.2),py,Accepted,28,9132,371,
s131490761,p02982,u903948194,1596896229,Python,Python (3.8.2),py,Accepted,28,9108,402,
s143351162,p02982,u903948194,1596896187,Python,Python (3.8.2),py,Runtime Error,23,9132,372,
s318114414,p02982,u136968995,1596895286,C++,C++ (GCC 9.2.1),cpp,Accepted,6,3584,1040,
s030985211,p02982,u367701763,1596870968,Python,PyPy3 (7.3.0),py,Accepted,73,62560,344,
s188460458,p02982,u367701763,1596870934,Python,PyPy3 (7.3.0),py,Runtime Error,81,68708,342,
s926900714,p02982,u367701763,1596870887,Python,PyPy3 (7.3.0),py,Runtime Error,83,74312,342,
s214779311,p02982,u752774573,1596852860,Python,PyPy3 (7.3.0),py,Accepted,74,62204,461,
s128113448,p02982,u369067792,1596852290,C++,C++ (Clang 10.0.0),cpp,Accepted,11,3184,950,
s015847817,p02982,u534308356,1596842060,Python,Python (3.8.2),py,Accepted,30,9272,450,
s398431301,p02982,u440478998,1596813759,Python,Python (3.8.2),py,Accepted,27,9092,371,
s640703134,p02982,u572193732,1596799489,Python,Python (3.8.2),py,Accepted,28,9132,368,
s495756722,p02982,u269969976,1596785515,Kotlin,Kotlin (1.3.71),kt,Accepted,127,36684,660,
s734817638,p02982,u739843002,1596782117,Python,Python (3.8.2),py,Accepted,28,9200,432,
s522400017,p02982,u338418253,1596745739,C++,C++ (GCC 9.2.1),cpp,Accepted,11,3696,1185,
s443260828,p02982,u487530783,1596722323,C++,C++ (GCC 9.2.1),cpp,Accepted,6,3564,613,
s151730467,p02982,u989749249,1596697576,C++,C++ (GCC 9.2.1),cpp,Accepted,8,3624,713,
s186413884,p02982,u016881126,1596694959,Python,Python (3.8.2),py,Accepted,28,9472,536,
s039520174,p02982,u420483676,1596680476,C++,C++ (GCC 9.2.1),cpp,Accepted,8,3616,568,
s270362125,p02982,u830663633,1596675931,C++,C++ (GCC 9.2.1),cpp,Accepted,58,3732,698,
s320138094,p02982,u830663633,1596674046,C++,C++ (GCC 9.2.1),cpp,Wrong Answer,7,3672,724,
s235492276,p02982,u073729602,1596672508,Python,Python (3.8.2),py,Accepted,25,9336,515,
s223066846,p02982,u073729602,1596668808,Python,Python (3.8.2),py,Accepted,29,9456,335,
s275585431,p02982,u973573416,1596661496,C++,C++ (GCC 9.2.1),cpp,Accepted,7,3596,648,
s347196709,p02982,u936966028,1596659529,C++,C++ (GCC 9.2.1),cpp,Accepted,6,3592,629,
s602408377,p02982,u285358283,1596648719,Python,Python (3.8.2),py,Accepted,45,9192,368,
s742483251,p02982,u073879055,1596648381,Java,Java (OpenJDK 11.0.6),java,Accepted,124,35968,1225,
s044044811,p02982,u556594202,1596615673,Python,Python (3.8.2),py,Accepted,119,27188,281,
s211293026,p02982,u825541307,1596613879,Python,Python (3.8.2),py,Accepted,28,9100,396,
s432291152,p02982,u586052522,1596611560,C++,C++ (GCC 9.2.1),cpp,Accepted,6,3588,1510,
s084752357,p02982,u586052522,1596611480,C++,C++ (GCC 9.2.1),cpp,Wrong Answer,9,3632,1497,
s202059377,p02982,u347948131,1596599603,Ruby,Ruby (2.7.1),rb,Accepted,73,14320,203,
s582768606,p02982,u981309686,1596599557,Python,Python (3.8.2),py,Accepted,28,9380,326,
s018557282,p02982,u819733369,1596598428,C#,C# (.NET Core 3.1.201),cs,Accepted,94,28268,1071,
s948648242,p02982,u354261726,1596597019,Ruby,Ruby (2.7.1),rb,Accepted,65,14340,304,
s372795678,p02982,u158677249,1596593408,C++,C++ (GCC 9.2.1),cpp,Accepted,7,3756,595,
s635093456,p02982,u758815106,1596585435,Python,Python (3.8.2),py,Accepted,34,9144,335,
s273745044,p02982,u221391729,1596568181,C++,C++ (GCC 9.2.1),cpp,Accepted,9,3588,563,
s509330749,p02982,u922449177,1596566797,C++,C++ (GCC 9.2.1),cpp,Accepted,6,3680,413,
s528050588,p02982,u922449177,1596566711,C++,C++ (GCC 9.2.1),cpp,Accepted,7,3684,413,
s020313379,p02982,u921617614,1596565011,Python,Python (3.8.2),py,Accepted,30,9140,344,
s488213574,p02982,u279266699,1596522283,Python,Python (3.8.2),py,Accepted,119,27088,299,
s675523587,p02982,u479937725,1596512909,Python,Python (3.8.2),py,Accepted,118,26868,317,
s906607322,p02982,u499062271,1596503892,C++,C++ (GCC 9.2.1),cpp,Accepted,6,3648,442,
s602487560,p02982,u793144126,1596470341,Java,Java (OpenJDK 11.0.6),java,Accepted,123,35908,646,
s586752809,p02982,u876953939,1596455685,C++,C++ (GCC 9.2.1),cpp,Accepted,6,3660,2161,
s581323270,p02982,u288035794,1596440789,C++,C++ (GCC 9.2.1),cpp,Accepted,9,3624,607,
s703276273,p02982,u347116006,1596429129,C,C (GCC 9.2.1),c,Accepted,5,1736,431,
s768586012,p02982,u152811626,1596416167,C++,C++ (GCC 9.2.1),cpp,Accepted,7,3632,681,
s038569768,p02982,u940569542,1596411111,C++,C++ (GCC 9.2.1),cpp,Accepted,8,3572,794,
s390289778,p02982,u940569542,1596410915,C++,C++ (GCC 9.2.1),cpp,Wrong Answer,6,3688,794,
s844136084,p02982,u418156761,1596407715,Rust,Rust (1.42.0),rs,Accepted,12,2832,373900,
s336415152,p02982,u347600233,1596402252,Python,Python (3.8.2),py,Accepted,30,9376,304,
s324950063,p02982,u642497480,1596398776,C++,C++ (GCC 9.2.1),cpp,Accepted,5,3620,586,
s817177928,p02982,u671889550,1596391308,Python,Python (3.8.2),py,Accepted,29,9340,337,
s930142107,p02982,u141768747,1596388601,C#,C# (.NET Core 3.1.201),cs,Accepted,100,28336,885,
s234701903,p02982,u000212387,1596387136,C++,C++ (GCC 9.2.1),cpp,Accepted,8,3616,2300,
s443600123,p02982,u000212387,1596387125,C++,C++ (GCC 9.2.1),cpp,Wrong Answer,7,3608,2312,
s279525212,p02982,u569776981,1596383745,Python,Python (3.8.2),py,Accepted,29,9164,378,
s187893533,p02982,u298272335,1596346250,C++,C++ (GCC 9.2.1),cpp,Accepted,8,3544,543,
s199448403,p02982,u151236434,1596344786,C++,C++ (GCC 9.2.1),cpp,Accepted,8,3752,699,
s011481964,p02982,u151236434,1596344753,C++,C++ (GCC 9.2.1),cpp,Accepted,7,3780,760,
s536902198,p02982,u151236434,1596344693,C++,C++ (GCC 9.2.1),cpp,Wrong Answer,6,3720,758,
s351625257,p02982,u151236434,1596344614,C++,C++ (GCC 9.2.1),cpp,Wrong Answer,6,3764,697,
s863891894,p02982,u151236434,1596343482,C++,C++ (GCC 9.2.1),cpp,Wrong Answer,6,3756,642,
s902389678,p02982,u151236434,1596343290,C++,C++ (GCC 9.2.1),cpp,Wrong Answer,8,3800,637,
s249287598,p02982,u151236434,1596343148,C++,C++ (GCC 9.2.1),cpp,Wrong Answer,35,3696,629,
s138075160,p02982,u151236434,1596343065,C++,C++ (GCC 9.2.1),cpp,Wrong Answer,30,3728,629,
s155415676,p02982,u151236434,1596342511,C++,C++ (GCC 9.2.1),cpp,Wrong Answer,10,3808,715,
s503466582,p02982,u550146922,1596334994,Python,Python (3.8.2),py,Accepted,26,9448,311,
s545111082,p02982,u116523315,1596333832,C++,C++ (GCC 9.2.1),cpp,Accepted,8,3648,824,
s110118413,p02982,u006717664,1596332888,C++,C++ (GCC 9.2.1),cpp,Accepted,8,3644,2681,
s430881445,p02982,u689082549,1596323687,Java,Java (OpenJDK 11.0.6),java,Accepted,131,35504,1032,
s908625662,p02982,u239023686,1596320561,C++,C++ (GCC 9.2.1),cpp,Accepted,6,3568,670,
s849184424,p02982,u492910842,1596317342,Python,PyPy3 (7.3.0),py,Accepted,74,61568,300,
s677432696,p02982,u860994959,1596313479,C#,C# (.NET Core 3.1.201),cs,Accepted,95,28172,874,
s092465299,p02982,u860994959,1596313340,C#,C# (.NET Core 3.1.201),cs,Wrong Answer,95,28396,870,
s157875889,p02982,u860994959,1596313208,C#,C# (.NET Core 3.1.201),cs,Wrong Answer,109,28344,869,
s427075097,p02982,u860994959,1596312928,C#,C# (.NET Core 3.1.201),cs,Wrong Answer,98,28300,822,
s463857874,p02982,u595730036,1596309785,C++,C++ (GCC 9.2.1),cpp,Accepted,8,3572,991,
s764603291,p02982,u151236434,1596303498,C++,C++ (GCC 9.2.1),cpp,Wrong Answer,6,3808,704,
s183317030,p02982,u151236434,1596303389,C++,C++ (GCC 9.2.1),cpp,Wrong Answer,10,3736,698,
s569829927,p02982,u627234757,1596300494,Python,Python (3.8.2),py,Accepted,26,9256,297,
s419433319,p02982,u970198631,1596297993,Python,Python (3.8.2),py,Wrong Answer,28,9176,356,
s802720213,p02982,u970198631,1596297699,Python,Python (3.8.2),py,Wrong Answer,30,9120,356,
s106471374,p02982,u729627789,1596250061,Python,PyPy3 (7.3.0),py,Accepted,73,62644,294,
s085454558,p02982,u729627789,1596249777,Python,PyPy3 (7.3.0),py,Wrong Answer,64,62752,294,
s585681180,p02982,u510331904,1596214896,Python,Python (3.8.2),py,Accepted,124,27132,360,
s108123684,p02982,u946202974,1596178776,Haskell,Haskell (GHC 8.8.3),hs,Accepted,7,4388,621,
s955555346,p02982,u212328220,1596178570,Python,Python (3.8.2),py,Accepted,30,9100,357,
s096733608,p02982,u476305001,1596177269,C++,C++ (GCC 9.2.1),cpp,Accepted,8,3660,1098,
s092024919,p02982,u476305001,1596176657,C++,C++ (GCC 9.2.1),cpp,Wrong Answer,8,3660,1093,
s922438899,p02982,u682672120,1596161007,Python,PyPy3 (7.3.0),py,Accepted,73,62116,370,
s269628509,p02982,u038537254,1596132076,C++,C++ (GCC 9.2.1),cpp,Accepted,6,3688,2606,
s448799379,p02982,u038537254,1596131181,C++,C++ (GCC 9.2.1),cpp,Wrong Answer,7,3628,2573,
s683464476,p02982,u042481711,1596129977,C++,C++ (GCC 9.2.1),cpp,Accepted,3,3508,743,
s860875182,p02982,u042481711,1596129701,C++,C++ (GCC 9.2.1),cpp,Wrong Answer,17,3632,641,
s654059708,p02982,u626228246,1596120524,Python,Python (3.8.2),py,Accepted,29,9148,292,
s824581175,p02982,u626228246,1596120113,Python,Python (3.8.2),py,Wrong Answer,29,9208,294,
s974676634,p02982,u328656362,1596099494,Go,Go (1.14.1),go,Accepted,6,1952,821,
s414559909,p02982,u272944001,1596097849,C++,C++ (GCC 9.2.1),cpp,Accepted,8,3732,3973,
s396809869,p02982,u106978087,1596084255,C++,C++ (GCC 9.2.1),cpp,Accepted,8,3664,539,
s011052356,p02982,u018679195,1596066019,C++,C++ (GCC 9.2.1),cpp,Accepted,6,3616,733,
s238769433,p02982,u492968387,1596051612,C++,C++ (GCC 9.2.1),cpp,Accepted,8,3556,714,
s585576420,p02982,u089230684,1596047198,C++,C++ (GCC 9.2.1),cpp,Accepted,8,2148,495,
s619075114,p02982,u089230684,1596030689,C,C (GCC 9.2.1),c,Accepted,6,2140,496,
s767101114,p02982,u131464432,1596024604,Python,Python (3.8.2),py,Accepted,29,9020,316,
s529965144,p02982,u219056771,1596020617,Java,Java (OpenJDK 11.0.6),java,Accepted,80,33540,2902,
s365353588,p02982,u299120794,1596008997,C,C (GCC 9.2.1),c,Accepted,5,2132,653,
s186909744,p02982,u863370423,1596008958,C,C (GCC 9.2.1),c,Accepted,3,2148,687,
s445663993,p02982,u299120794,1596008941,C,C (GCC 9.2.1),c,Accepted,5,2080,678,
s041679303,p02982,u299120794,1596008919,C,C (GCC 9.2.1),c,Wrong Answer,6,2196,678,
s115313163,p02982,u299120794,1596008807,C,C (GCC 9.2.1),c,Accepted,5,2160,680,
s431181208,p02982,u299120794,1596008760,C,C (GCC 9.2.1),c,Wrong Answer,8,2144,680,
s903366618,p02982,u299120794,1596008738,C,C (GCC 9.2.1),c,Accepted,7,2152,683,
s780939545,p02982,u089230684,1596008445,C,C (GCC 9.2.1),c,Wrong Answer,7,2124,683,
s599488223,p02982,u299120794,1596008356,C,C (GCC 9.2.1),c,Wrong Answer,5,2168,677,
s804895509,p02982,u299120794,1596008324,C,C (GCC 9.2.1),c,Wrong Answer,5,2216,696,
s943621009,p02982,u299120794,1596008265,C,C (GCC 9.2.1),c,Wrong Answer,4,2216,694,
s847781467,p02982,u299120794,1596007840,C,C (GCC 9.2.1),c,Wrong Answer,5,2220,683,
s131681051,p02982,u863370423,1596007729,C,C (GCC 9.2.1),c,Wrong Answer,8,2084,639,
s641905728,p02982,u299120794,1596007673,C,C (GCC 9.2.1),c,Accepted,5,2128,686,
s465988828,p02982,u299120794,1596007633,C,C (GCC 9.2.1),c,Wrong Answer,4,2128,694,
s853814234,p02982,u299120794,1596007606,C,C (GCC 9.2.1),c,Wrong Answer,5,2160,698,
s296215628,p02982,u299120794,1596007553,C,C (GCC 9.2.1),c,Wrong Answer,4,2132,695,
s953492613,p02982,u299120794,1596007494,C,C (GCC 9.2.1),c,Wrong Answer,3,2156,684,
s895937829,p02982,u299120794,1596007475,C,C (GCC 9.2.1),c,Wrong Answer,4,2152,684,
s353316037,p02982,u299120794,1596007418,C,C (GCC 9.2.1),c,Accepted,5,2152,687,
s624851046,p02982,u299120794,1596007357,C,C (GCC 9.2.1),c,Wrong Answer,6,2196,690,
s050604847,p02982,u299120794,1596007303,C,C (GCC 9.2.1),c,Wrong Answer,5,2204,679,
s515458258,p02982,u299120794,1596007238,C,C (GCC 9.2.1),c,Wrong Answer,7,2124,678,
s922441064,p02982,u299120794,1596007202,C,C (GCC 9.2.1),c,Wrong Answer,3,2112,678,
s368523979,p02982,u299120794,1596007154,C++,C++ (GCC 9.2.1),cpp,Wrong Answer,6,2148,687,
s768439069,p02982,u089230684,1596003443,C++,C++ (GCC 9.2.1),cpp,Accepted,7,3644,467,
s661924579,p02982,u299120794,1596003425,C++,C++ (GCC 9.2.1),cpp,Accepted,8,3560,467,
s434456850,p02982,u430726059,1595999553,Python,Python (3.8.2),py,Accepted,28,9100,296,
s218894243,p02982,u450179832,1595991905,C++,C++ (GCC 9.2.1),cpp,Accepted,4,3744,818,
s838470248,p02982,u112249856,1595991059,C++,C++ (GCC 9.2.1),cpp,Accepted,9,3652,527,
s568309458,p02982,u049892106,1595990798,C++,C++ (GCC 9.2.1),cpp,Accepted,6,3676,1588,
s323330559,p02982,u049892106,1595990720,C++,C++ (GCC 9.2.1),cpp,Wrong Answer,6,3696,1588,
s097844106,p02982,u511332668,1595989890,C++,C++ (GCC 9.2.1),cpp,Accepted,6,3652,591,
s126046228,p02982,u371627201,1595989738,C++,C++ (GCC 9.2.1),cpp,Accepted,7,3580,660,
s211341546,p02982,u972911059,1595989707,C++,C++ (GCC 9.2.1),cpp,Accepted,6,3696,683,
s814759453,p02982,u716970267,1595989628,C++,C++ (GCC 9.2.1),cpp,Accepted,9,3576,1177,
s996580401,p02982,u293991054,1595989582,C++,C++ (GCC 9.2.1),cpp,Accepted,8,3632,2707,
s156623573,p02982,u603991349,1595989453,C++,C++ (GCC 9.2.1),cpp,Accepted,8,3588,1468,
s041620239,p02982,u948698924,1595982156,C++,C++ (GCC 9.2.1),cpp,Accepted,8,3588,638,
s316987981,p02982,u699296734,1595972103,Python,Python (3.8.2),py,Accepted,29,9120,409,
s296444192,p02982,u381860804,1595966391,C++,C++ (GCC 9.2.1),cpp,Accepted,6,3704,644,
s526791717,p02982,u841568901,1595953733,Python,Python (3.8.2),py,Accepted,118,27256,274,
s809701398,p02982,u089230684,1595953695,C++,C++ (GCC 9.2.1),cpp,Accepted,6,3664,454,
s627974957,p02982,u712322283,1595941076,Python,Python (3.8.2),py,Accepted,26,9376,343,
s912039979,p02982,u054825571,1595940350,Python,Python (3.8.2),py,Accepted,29,9000,287,
s139351494,p02982,u054825571,1595940286,Python,Python (3.8.2),py,Runtime Error,24,9200,286,
s147985515,p02982,u089230684,1595922876,C,C (GCC 9.2.1),c,Wrong Answer,4,2156,660,
s506721434,p02982,u816631826,1595921356,C,C (GCC 9.2.1),c,Wrong Answer,6,2100,625,
s623781459,p02982,u809819902,1595905080,Python,Python (3.8.2),py,Accepted,31,9364,290,
s633147499,p02982,u794544096,1595890532,Python,PyPy3 (7.3.0),py,Accepted,72,62548,353,
s852878282,p02982,u526630579,1595875867,C++,C++ (GCC 9.2.1),cpp,Accepted,7,3624,479,
s204460758,p02982,u526630579,1595875532,C++,C++ (GCC 9.2.1),cpp,Accepted,6,3632,480,
s683728316,p02982,u526630579,1595875506,C++,C++ (GCC 9.2.1),cpp,Accepted,8,3628,481,
s794741950,p02982,u526630579,1595875471,C++,C++ (GCC 9.2.1),cpp,Wrong Answer,8,3600,479,
s979316820,p02982,u526630579,1595875432,C++,C++ (GCC 9.2.1),cpp,Wrong Answer,6,3644,478,
s823525445,p02982,u526630579,1595874975,C++,C++ (GCC 9.2.1),cpp,Accepted,7,3656,511,
s911260700,p02982,u106118504,1595863733,Python,Python (3.8.2),py,Accepted,29,9460,285,
s774975188,p02982,u722036092,1595826274,C++,C++ (GCC 9.2.1),cpp,Accepted,9,3632,600,
s496238733,p02982,u246218976,1595802180,C++,C++ (GCC 9.2.1),cpp,Accepted,7,3672,408,
s667376545,p02982,u607075479,1595793533,Python,Python (3.8.2),py,Accepted,29,9120,295,
s284086260,p02982,u875139518,1595790634,C++,C++ (GCC 9.2.1),cpp,Accepted,6,3700,648,
s695519911,p02982,u085035133,1595789706,Python,Python (3.8.2),py,Accepted,27,9312,300,
s244399638,p02982,u085035133,1595789601,Python,Python (3.8.2),py,Runtime Error,25,9164,298,
s166149193,p02982,u085035133,1595789541,Python,Python (3.8.2),py,Runtime Error,23,8852,299,
s926210947,p02982,u486885312,1595783457,Python,Python (3.8.2),py,Accepted,26,9488,4118,
s974545301,p02982,u662430503,1595766726,Python,Python (3.8.2),py,Accepted,27,9272,344,
s625243663,p02982,u230831496,1595735422,Java,Java (OpenJDK 11.0.6),java,Accepted,122,36296,961,
s887947803,p02982,u230831496,1595735065,Java,Java (OpenJDK 11.0.6),java,Wrong Answer,127,35824,1013,
s593032196,p02982,u519339498,1595717317,Python,Python (3.8.2),py,Accepted,28,9352,245,
s099146148,p02982,u511096055,1595716192,C++,C++ (GCC 9.2.1),cpp,Accepted,8,3600,898,
s686246495,p02982,u756000295,1595706780,Go,Go (1.14.1),go,Accepted,6,1792,1034,
s138385023,p02982,u796942881,1595704339,COBOL,COBOL - Free (OpenCOBOL 1.1.0),cob,Accepted,8,3960,1844,
s464134598,p02982,u796942881,1595701293,COBOL,COBOL - Free (OpenCOBOL 1.1.0),cob,Wrong Answer,11,3904,1841,
s620521991,p02982,u796942881,1595701274,COBOL,COBOL - Fixed (OpenCOBOL 1.1.0),cob,Compile Error,,,1841,
s596625406,p02982,u814715203,1595693298,C++,C++ (GCC 9.2.1),cpp,Accepted,6,3616,1525,
s022617570,p02982,u796942881,1595692655,C#,C# (.NET Core 3.1.201),cs,Accepted,86,25848,3757,
s565039782,p02982,u796942881,1595691775,C++,C++ (GCC 9.2.1),cpp,Accepted,7,3624,893,
s082651909,p02982,u796942881,1595690084,Java,Java (OpenJDK 11.0.6),java,Accepted,81,32696,5365,
s064254257,p02982,u796942881,1595688811,Visual Basic,Visual Basic (.NET Core 3.1.101),vb,Accepted,92,25864,4747,
s183893986,p02982,u796942881,1595685787,JavaScript,JavaScript (Node.js 12.16.1),js,Accepted,127,29568,642,
s080235659,p02982,u279033107,1595651270,C++,C++ (GCC 9.2.1),cpp,Accepted,6,3660,2402,
s694871864,p02982,u279033107,1595651104,C++,C++ (GCC 9.2.1),cpp,Wrong Answer,6,3616,2401,
s511775401,p02982,u166378830,1595642242,C++,C++ (GCC 9.2.1),cpp,Accepted,7,3648,513,
s711473526,p02982,u166378830,1595642097,C++,C++ (GCC 9.2.1),cpp,Wrong Answer,8,3648,497,
s121135347,p02982,u142211940,1595636567,Python,PyPy3 (7.3.0),py,Accepted,68,62452,340,
s032849953,p02982,u326350779,1595627426,C++,C++ (GCC 9.2.1),cpp,Accepted,5,3620,590,
s383878157,p02982,u141567616,1595625319,C++,C++ (GCC 9.2.1),cpp,Accepted,183,3628,607,
s472608930,p02982,u141567616,1595625019,C++,C++ (GCC 9.2.1),cpp,Wrong Answer,7,3628,606,
s318451122,p02982,u102205389,1595611043,C++,C++ (GCC 9.2.1),cpp,Accepted,7,3628,1329,
s918380478,p02982,u815763296,1595610264,Python,Python (3.8.2),py,Accepted,30,9200,303,
s068182027,p02982,u188332959,1595584607,C++,C++ (GCC 9.2.1),cpp,Accepted,8,3612,620,
s730245488,p02982,u036104576,1595578671,Rust,Rust (1.42.0),rs,Accepted,7,2468,1329,
s945726766,p02982,u835523614,1595569589,C++,C++ (GCC 9.2.1),cpp,Accepted,7,3572,501,
s040907841,p02982,u870518235,1595565259,Python,Python (3.8.2),py,Accepted,25,9148,324,
s025026061,p02982,u708721324,1595565069,C++,C++ (GCC 9.2.1),cpp,Accepted,8,3640,736,
s199119575,p02982,u260525363,1595559231,C++,C++ (GCC 9.2.1),cpp,Accepted,11,3760,621,
s836503997,p02982,u923662841,1595556663,Python,Python (3.8.2),py,Accepted,123,27064,206,
s235123741,p02982,u923662841,1595556458,Python,Python (3.8.2),py,Accepted,26,9124,305,
s420167304,p02982,u401686269,1595556047,Python,Python (3.8.2),py,Accepted,123,27100,259,
s024203192,p02982,u969848070,1595547982,Python,Python (3.8.2),py,Accepted,27,9204,534,
s493222649,p02982,u679089074,1595542109,Python,Python (3.8.2),py,Accepted,29,9132,414,
s768868497,p02982,u765590009,1595540046,Python,Python (3.8.2),py,Accepted,30,9132,367,
s162570276,p02982,u765590009,1595539635,Python,Python (3.8.2),py,Wrong Answer,33,9148,454,
s158124454,p02982,u313043608,1595535511,C++,C++ (GCC 9.2.1),cpp,Accepted,8,3644,831,
s393250309,p02982,u113255362,1595521179,Python,Python (3.8.2),py,Accepted,27,9348,450,
s581270701,p02982,u530957410,1595519194,C++,C++ (Clang 10.0.0),cpp,Accepted,7,3116,592,
s469960389,p02982,u453306058,1595513985,Python,Python (3.8.2),py,Accepted,29,9064,325,
s442468174,p02982,u078276601,1595512527,Python,Python (3.8.2),py,Accepted,31,9296,341,
s486882881,p02982,u188827677,1595511372,Python,Python (3.8.2),py,Accepted,31,9136,270,
s789317361,p02982,u412057008,1595479725,C++,C++ (GCC 9.2.1),cpp,Accepted,7,3608,1124,
s580744342,p02982,u412057008,1595479689,C++,C++ (GCC 9.2.1),cpp,Wrong Answer,7,3540,1124,
s421898121,p02982,u412057008,1595479607,C++,C++ (GCC 9.2.1),cpp,Wrong Answer,6,3524,1124,
s887491320,p02982,u040298438,1595474919,Python,Python (3.8.2),py,Accepted,29,9296,256,
s689951083,p02982,u605443479,1595474658,Go,Go (1.14.1),go,Accepted,7,1816,5241,
s486128813,p02982,u283751459,1595473707,Python,Python (3.8.2),py,Accepted,116,26232,363,
s500099588,p02982,u283751459,1595471211,Python,Python (3.8.2),py,Accepted,26,9132,340,
s004690983,p02982,u654461206,1595462526,C++,C++ (GCC 9.2.1),cpp,Accepted,6,3748,2774,
s827194026,p02982,u654461206,1595462438,C++,C++ (GCC 9.2.1),cpp,Wrong Answer,6,3620,2772,
s338398844,p02982,u282403093,1595449128,C++,C++ (GCC 9.2.1),cpp,Accepted,6,3644,825,
s345151532,p02982,u347600233,1595438752,Python,Python (3.8.2),py,Accepted,29,9460,306,
s969755027,p02982,u033642300,1595416740,Python,Python (3.8.2),py,Accepted,24,9184,441,
s713783616,p02982,u381460455,1595393959,Java,Java (OpenJDK 11.0.6),java,Accepted,125,36588,8467,
s919218963,p02982,u063318293,1595389949,C++,C++ (GCC 9.2.1),cpp,Accepted,9,3604,874,
s746401085,p02982,u736443076,1595383819,Python,Python (3.8.2),py,Accepted,28,9276,322,
s249781650,p02982,u697452801,1595379721,C++,C++ (GCC 9.2.1),cpp,Accepted,8,3676,647,
s186096561,p02982,u045091221,1595359467,C++,C++ (GCC 9.2.1),cpp,Accepted,9,3824,1284,
s372651006,p02982,u178665131,1595319374,C++,C++ (GCC 9.2.1),cpp,Accepted,6,3600,969,
s166776166,p02982,u642528832,1595305520,Python,Python (3.8.2),py,Accepted,26,9188,370,
s130259338,p02982,u251242696,1595302056,C++,C++ (GCC 9.2.1),cpp,Accepted,6,3632,968,
s256759959,p02982,u251242696,1595301863,C++,C++ (GCC 9.2.1),cpp,Accepted,6,3604,966,
s195767801,p02982,u251242696,1595301842,C++,C++ (GCC 9.2.1),cpp,Wrong Answer,7,3588,966,
s403308009,p02982,u251242696,1595301791,C++,C++ (GCC 9.2.1),cpp,Wrong Answer,6,3600,965,
s110106697,p02982,u251242696,1595301751,C++,C++ (GCC 9.2.1),cpp,Wrong Answer,8,3600,964,
s131012809,p02982,u418892821,1595289967,C++,C++ (GCC 9.2.1),cpp,Accepted,10,3652,538,
s332411010,p02982,u204514518,1595289643,C++,C++ (GCC 9.2.1),cpp,Accepted,6,3612,1465,
s699033546,p02982,u808160425,1595289605,Java,Java (OpenJDK 11.0.6),java,Accepted,128,35624,711,
s529822685,p02982,u963667945,1595269373,C++,C++ (GCC 9.2.1),cpp,Accepted,8,3644,634,
s672940795,p02982,u963667945,1595269132,C++,C++ (GCC 9.2.1),cpp,Wrong Answer,7,3644,741,
s908509553,p02982,u235169423,1595244727,Java,Java (OpenJDK 11.0.6),java,Accepted,123,35796,799,
s486530464,p02982,u814271993,1595234787,Python,Python (3.8.2),py,Accepted,25,9064,312,
s052711834,p02982,u472234259,1595229179,Rust,Rust (1.42.0),rs,Accepted,7,2180,586,
s209764787,p02982,u587622858,1595210681,C++,C++ (GCC 9.2.1),cpp,Accepted,8,3544,468,
s931155327,p02982,u527652459,1595195713,C++,C++ (GCC 9.2.1),cpp,Accepted,6,3640,2857,
s361275207,p02982,u149448956,1595190982,Go,Go (1.14.1),go,Accepted,7,1768,1691,
s420184060,p02982,u651197500,1595189661,C++,C++ (GCC 9.2.1),cpp,Accepted,9,3624,806,
s470786546,p02982,u586639900,1595188196,Python,Python (3.8.2),py,Accepted,27,9156,595,
s696951646,p02982,u623814058,1595176136,Python,Python (3.8.2),py,Accepted,31,9348,213,
s556212908,p02982,u623814058,1595175953,Python,Python (3.8.2),py,Accepted,25,9460,219,
s554609276,p02982,u623814058,1595175834,Python,Python (3.8.2),py,Accepted,28,9396,224,
s237058891,p02982,u780698286,1595174512,Python,Python (3.8.2),py,Accepted,27,9084,299,
s044328482,p02982,u780698286,1595174495,Python,Python (3.8.2),py,Runtime Error,28,9136,286,
s700184719,p02982,u488424305,1595137915,Nim,Nim (1.0.6),nim,Accepted,7,3320,422,
s838200125,p02982,u311090179,1595124969,C++,C++ (GCC 9.2.1),cpp,Accepted,13,3552,813,
s501232992,p02982,u370977023,1595123470,Ruby,Ruby (2.7.1),rb,Accepted,68,14920,500,
s254122331,p02982,u555143073,1595119175,C,C (GCC 9.2.1),c,Accepted,7,2140,451,
s679723724,p02982,u222822036,1595118077,JavaScript,JavaScript (Node.js 12.16.1),js,Accepted,74,30168,2495,
s667449322,p02982,u828706986,1595117204,C++,C++ (GCC 9.2.1),cpp,Accepted,7,3772,21494,
s696704580,p02982,u841568901,1595112777,Python,Python (3.8.2),py,Accepted,32,9348,220,
s007447593,p02982,u899592602,1595107451,C++,C++ (GCC 9.2.1),cpp,Accepted,5,3544,1711,
s294386092,p02982,u970040729,1595093245,Rust,Rust (1.42.0),rs,Accepted,3,2656,994,
s958127745,p02982,u190178779,1595087586,Python,Python (3.8.2),py,Accepted,28,9476,493,
s830557133,p02982,u190178779,1595087538,Python,Python (3.8.2),py,Runtime Error,23,9088,494,
s961612449,p02982,u247164875,1595080301,C++,C++ (GCC 9.2.1),cpp,Accepted,6,4228,521,
s364869448,p02982,u265065462,1595053870,Rust,Rust (1.42.0),rs,Accepted,9,2172,678,
s665553996,p02982,u265065462,1595053844,Rust,Rust (1.42.0),rs,Wrong Answer,7,2124,677,
s050595191,p02982,u265065462,1595053784,Rust,Rust (1.42.0),rs,Wrong Answer,6,2184,677,
s416893944,p02982,u958506960,1595042505,Python,Python (3.8.2),py,Accepted,27,9136,324,
s278587165,p02982,u688587139,1595042464,Python,PyPy3 (7.3.0),py,Accepted,63,62456,485,
s582951631,p02982,u089888152,1595039115,C++,C++ (Clang 10.0.0),cpp,Accepted,9,3164,618,
s346747126,p02982,u104074027,1595034200,C++,C++ (GCC 9.2.1),cpp,Accepted,5,3684,899,
s640426068,p02982,u714624983,1595031143,C++,C++ (GCC 9.2.1),cpp,Accepted,8,3620,671,
s017132006,p02982,u714624983,1595030507,C++,C++ (GCC 9.2.1),cpp,Runtime Error,108,3660,649,
s662245135,p02982,u002627851,1595027571,C++,C++ (GCC 9.2.1),cpp,Accepted,6,3696,1002,
s440333966,p02982,u073396193,1595017465,Java,Java (OpenJDK 11.0.6),java,Accepted,123,36004,1082,
s925287128,p02982,u416458858,1595016677,C++,C++ (GCC 9.2.1),cpp,Accepted,6,3596,594,
s987542610,p02982,u991713078,1595010596,C++,C++ (GCC 9.2.1),cpp,Accepted,7,3680,1700,
s019204436,p02982,u114053864,1595010414,C++,C++ (GCC 9.2.1),cpp,Accepted,9,3616,748,
s311409256,p02982,u991713078,1595010083,C++,C++ (GCC 9.2.1),cpp,Wrong Answer,8,3600,1700,
s358475719,p02982,u991713078,1595009674,C++,C++ (GCC 9.2.1),cpp,Wrong Answer,9,3592,1689,
s215464085,p02982,u991713078,1595009649,C++,C++ (GCC 9.2.1),cpp,Compile Error,,,1688,
s933845116,p02982,u848148267,1595009213,C++,C++ (GCC 9.2.1),cpp,Accepted,8,3588,794,
s770189965,p02982,u870415620,1595001871,C++,C++ (Clang 10.0.0),cpp,Accepted,10,3196,586,
s520556937,p02982,u991713078,1594990371,C++,C++ (GCC 9.2.1),cpp,Accepted,33,3692,1997,
s901277748,p02982,u192061265,1594978363,C++,C++ (GCC 9.2.1),cpp,Accepted,8,3648,2377,
s291888003,p02982,u393220099,1594975594,C++,C++ (GCC 9.2.1),cpp,Accepted,6,3740,810,
s761013065,p02982,u379682992,1594974672,C++,C++ (GCC 9.2.1),cpp,Accepted,8,3692,1712,
s944077828,p02982,u157091785,1594959066,Java,Java (OpenJDK 11.0.6),java,Accepted,127,36524,1109,
s096332718,p02982,u847977106,1594957929,Ruby,Ruby (2.7.1),rb,Accepted,66,14284,474,
s626743669,p02982,u639210885,1594941212,C++,C++ (GCC 9.2.1),cpp,Accepted,7,3656,640,
s073579741,p02982,u463295948,1594930991,C++,C++ (GCC 9.2.1),cpp,Accepted,9,3656,3091,
s854105896,p02982,u573900545,1594930632,Python,Python (3.8.2),py,Accepted,29,9380,327,
s812553981,p02982,u289858521,1594916026,Python,Python (3.8.2),py,Accepted,26,9464,380,
s257142724,p02982,u289858521,1594915937,Python,Python (3.8.2),py,Wrong Answer,29,9396,380,
s312691327,p02982,u915293842,1594915815,Python,Python (3.8.2),py,Runtime Error,26,8936,340,
s646182306,p02982,u112083029,1594915804,Python,Python (3.8.2),py,Runtime Error,24,9056,358,
s720192655,p02982,u264867962,1594915740,Python,Python (3.8.2),py,Accepted,29,9460,412,
s109441036,p02982,u252876871,1594908229,C++,C++ (GCC 9.2.1),cpp,Accepted,5,3592,520,
s017808035,p02982,u112247039,1594877901,Python,Python (3.8.2),py,Accepted,29,9116,293,
s782540832,p02982,u011233602,1594867307,C++,C++ (GCC 9.2.1),cpp,Accepted,6,3632,563,
s603520870,p02982,u425762225,1594866633,Python,Python (3.8.2),py,Accepted,29,9156,523,
s875397897,p02982,u367908963,1594866413,Go,Go (1.14.1),go,Accepted,8,1848,534,
s192163151,p02982,u178536051,1594866050,C++,C++ (GCC 9.2.1),cpp,Accepted,6,3708,781,
s176162858,p02982,u968404618,1594864519,Python,Python (3.8.2),py,Accepted,115,27216,343,
s717549466,p02982,u406647332,1594862568,C++,C++ (GCC 9.2.1),cpp,Accepted,6,3684,491,
s314872247,p02982,u901282405,1594862330,C++,C++ (GCC 9.2.1),cpp,Accepted,8,3636,1661,
s746637199,p02982,u683078179,1594862109,C++,C++ (GCC 9.2.1),cpp,Accepted,31,27140,1294,
s134314835,p02982,u556589653,1594861851,Python,Python (3.8.2),py,Accepted,27,9208,314,
s058407669,p02982,u453366189,1594828910,C++,C++ (GCC 9.2.1),cpp,Accepted,6,3688,593,
s566539497,p02982,u531599639,1594822124,Python,Python (3.8.2),py,Accepted,26,9348,267,
s710576032,p02982,u280175105,1594789908,C++,C++ (GCC 9.2.1),cpp,Accepted,8,3580,788,
s584149111,p02982,u280175105,1594789440,C++,C++ (GCC 9.2.1),cpp,Wrong Answer,7,3568,787,
s777207639,p02982,u280175105,1594789334,C++,C++ (GCC 9.2.1),cpp,Wrong Answer,7,3580,815,
s467011521,p02982,u280175105,1594789268,C++,C++ (GCC 9.2.1),cpp,Wrong Answer,9,3616,811,
s059916522,p02982,u527311983,1594789122,Rust,Rust (1.42.0),rs,Accepted,6,2624,462,
s482114749,p02982,u527311983,1594789029,Rust,Rust (1.42.0),rs,Accepted,4,2620,466,
s509886531,p02982,u430928274,1594784460,Python,Python (3.8.2),py,Accepted,28,9204,427,
s357063389,p02982,u684448032,1594784142,C++,C++ (GCC 9.2.1),cpp,Accepted,6,3780,552,
s162452280,p02982,u046389343,1594783780,C++,C++ (GCC 9.2.1),cpp,Accepted,6,3676,5239,
s496317417,p02982,u892615201,1594783231,C++,C++ (GCC 9.2.1),cpp,Accepted,8,3620,1259,
s049213715,p02982,u864785784,1594773834,C++,C++ (GCC 9.2.1),cpp,Accepted,11,3632,564,
s859582421,p02982,u864785784,1594773727,C++,C++ (GCC 9.2.1),cpp,Wrong Answer,6,3588,543,
s602189359,p02982,u145950990,1594772604,Python,Python (3.8.2),py,Accepted,27,9420,296,
s165798442,p02982,u375695365,1594772465,Python,Python (3.8.2),py,Accepted,28,9408,306,
s076374364,p02982,u696444274,1594772409,Python,Python (3.8.2),py,Accepted,30,9392,725,
s586555433,p02982,u195608881,1594772070,Rust,Rust (1.42.0),rs,Accepted,7,2156,886,
s328656849,p02982,u291332466,1594762328,C++,C++ (GCC 9.2.1),cpp,Accepted,8,3768,736,
s467860007,p02982,u146803137,1594746388,Python,Python (3.8.2),py,Accepted,27,9204,292,
s548784671,p02982,u062691227,1594714614,Python,PyPy3 (7.3.0),py,Accepted,67,62696,248,
s834933719,p02982,u475280305,1594701975,C++,C++ (GCC 9.2.1),cpp,Accepted,8,3636,836,
s332944456,p02982,u475280305,1594701063,C++,C++ (GCC 9.2.1),cpp,Accepted,7,3564,837,
s680433101,p02982,u947236878,1594698994,C++,C++ (GCC 9.2.1),cpp,Accepted,6,3600,4534,
s115222493,p02982,u978913880,1594697873,Java,Java (OpenJDK 11.0.6),java,Accepted,118,35772,1221,
s455594155,p02982,u978913880,1594697811,Java,Java (OpenJDK 11.0.6),java,Wrong Answer,123,35456,1221,
s506724984,p02982,u221780420,1594685306,C++,C++ (GCC 9.2.1),cpp,Accepted,9,3688,1600,
s441808463,p02982,u257265865,1594671688,Swift,Swift (5.2.1),swift,Accepted,12,13656,495,
s147545411,p02982,u257265865,1594671523,Swift,Swift (5.2.1),swift,Wrong Answer,20,13520,498,
s908010280,p02982,u257265865,1594671433,Swift,Swift (5.2.1),swift,Wrong Answer,16,13588,495,
s192965504,p02982,u756199602,1594664962,Swift,Swift (5.2.1),swift,Accepted,17,13656,512,
s846868579,p02982,u452337391,1594651420,Python,PyPy3 (7.3.0),py,Accepted,62,62332,322,
s438911830,p02982,u962002433,1594626730,C++,C++ (GCC 9.2.1),cpp,Accepted,8,3668,775,
s027543099,p02982,u397953026,1594611270,Python,Python (3.8.2),py,Accepted,28,8936,322,
s736132707,p02982,u243535639,1594609992,Python,PyPy3 (7.3.0),py,Accepted,60,62556,401,
s489342618,p02982,u494058663,1594606223,Python,Python (3.8.2),py,Accepted,29,9452,429,
s524414860,p02982,u766512448,1594598370,C++,C++ (GCC 9.2.1),cpp,Accepted,7,4084,1444,
s739491810,p02982,u978167553,1594583572,Python,Python (3.8.2),py,Accepted,27,9116,324,
s936955771,p02982,u112364985,1594580225,Python,Python (3.8.2),py,Accepted,26,9088,345,
s411340654,p02982,u705037238,1594577255,Rust,Rust (1.42.0),rs,Accepted,6,2208,8865,
s946610597,p02982,u099640467,1594566324,PHP,PHP (7.4.4),php,Accepted,26,15972,764,
s582818174,p02982,u450956662,1594517868,Python,Python (3.8.2),py,Accepted,27,9384,301,
s955819258,p02982,u228232845,1594514658,Python,Python (3.8.2),py,Accepted,62,9228,674,
s788273680,p02982,u228232845,1594514411,Python,Python (3.8.2),py,Accepted,31,9204,633,
s799319246,p02982,u634079249,1594513461,Python,Python (3.8.2),py,Accepted,36,10432,1297,
s800764379,p02982,u124187388,1594510664,C++,C++ (GCC 9.2.1),cpp,Accepted,7,3564,748,
s404134427,p02982,u124187388,1594510639,C++,C++ (GCC 9.2.1),cpp,Wrong Answer,6,3612,748,
s182822640,p02982,u722397179,1594502468,C++,C++ (GCC 9.2.1),cpp,Accepted,7,3632,850,
s917045621,p02982,u694665829,1594500902,Python,Python (3.8.2),py,Accepted,30,9200,304,
s615144889,p02982,u553314348,1594495649,Java,Java (OpenJDK 11.0.6),java,Accepted,117,35712,1210,
s585271632,p02982,u763280125,1594439815,Python,Python (3.8.2),py,Accepted,29,9108,335,
s694565338,p02982,u763280125,1594439076,C++,C++ (Clang 10.0.0),cpp,Accepted,8,3204,736,
s536456890,p02982,u869265610,1594436740,Python,Python (3.8.2),py,Accepted,27,9224,289,
s432285101,p02982,u596505843,1594423310,Python,PyPy3 (7.3.0),py,Accepted,177,69152,693,
s761539346,p02982,u492749916,1594410698,Python,Python (3.8.2),py,Wrong Answer,29,9312,336,
s946401230,p02982,u635252313,1594407741,Python,Python (3.8.2),py,Accepted,27,9168,341,
s028921683,p02982,u380579419,1594373675,C++,C++ (GCC 9.2.1),cpp,Accepted,8,3572,403,
s118494029,p02982,u921532128,1594354606,C++,C++ (GCC 9.2.1),cpp,Accepted,14,3772,703,
s269754424,p02982,u921532128,1594354578,C++,C++ (GCC 9.2.1),cpp,Wrong Answer,5,3768,744,
s063296090,p02982,u921532128,1594353496,C++,C++ (GCC 9.2.1),cpp,Wrong Answer,6,3700,689,
s994744040,p02982,u697467902,1594351246,Kotlin,Kotlin (1.3.71),kt,Accepted,124,36588,867,
s351322636,p02982,u298620933,1594351016,C++,C++ (GCC 9.2.1),cpp,Accepted,6,3632,1064,
s848842237,p02982,u436733497,1594350008,C++,C++ (GCC 9.2.1),cpp,Accepted,5,3596,634,
s371753282,p02982,u622070196,1594333354,C++,C++ (GCC 9.2.1),cpp,Accepted,6,3576,536,
s563069536,p02982,u423327360,1594319145,C++,C++ (GCC 9.2.1),cpp,Accepted,6,3604,510,
s903787802,p02982,u068142202,1594313649,Python,Python (3.8.2),py,Accepted,42,9116,478,
s836780269,p02982,u068142202,1594313032,Python,Python (3.8.2),py,Wrong Answer,29,9120,478,
s177939995,p02982,u649865415,1594301382,C#,C# (.NET Core 3.1.201),cs,Accepted,87,27580,1150,
s921689788,p02982,u071304940,1594295870,C++,C++ (GCC 9.2.1),cpp,Accepted,8,3580,534,
s891189840,p02982,u177317424,1594256901,C++,C++ (GCC 9.2.1),cpp,Accepted,6,3632,1080,
s347303029,p02982,u227412361,1594256786,C++,C++ (GCC 9.2.1),cpp,Accepted,8,3600,799,
s384766632,p02982,u940533000,1594254995,Python,Python (3.8.2),py,Accepted,32,9208,329,
s944151488,p02982,u408375121,1594247883,Python,Python (3.8.2),py,Accepted,28,8952,358,
s254807825,p02982,u408375121,1594247744,Python,Python (3.8.2),py,Runtime Error,26,9136,342,
s141500077,p02982,u779728630,1594236685,Python,Python (3.8.2),py,Accepted,28,9064,363,
s961467281,p02982,u779728630,1594236656,Python,Python (3.8.2),py,Wrong Answer,27,9056,362,
s875384050,p02982,u779728630,1594235819,Python,Python (3.8.2),py,Wrong Answer,28,9160,360,
s825876931,p02982,u047931063,1594235174,Python,Python (3.8.2),py,Accepted,30,9140,586,
s422825678,p02982,u708794223,1594230642,C++,C++ (GCC 9.2.1),cpp,Accepted,6,3640,1788,
s432625875,p02982,u644224332,1594223552,C++,C++ (GCC 9.2.1),cpp,Accepted,7,3600,2994,
s116499846,p02982,u503270460,1594220931,Ruby,Ruby (2.7.1),rb,Accepted,66,14296,294,
s175584522,p02982,u602773379,1594219171,Python,Python (3.8.2),py,Accepted,25,9204,466,
s003707574,p02982,u602773379,1594219102,Python,Python (3.8.2),py,Runtime Error,25,9120,455,
s516270882,p02982,u950002813,1594198374,C++,C++ (GCC 9.2.1),cpp,Accepted,10,2112,4889,
s814728907,p02982,u357751375,1594143737,Python,Python (3.8.2),py,Accepted,29,9144,387,
s537161370,p02982,u235031662,1594141239,C++,C++ (GCC 9.2.1),cpp,Accepted,8,3636,826,
s644684428,p02982,u211255607,1594140509,C++,C++ (GCC 9.2.1),cpp,Accepted,6,3672,1437,
s098863642,p02982,u277588692,1594135534,C++,C++ (GCC 9.2.1),cpp,Accepted,6,3580,613,
s968173324,p02982,u977879365,1594128756,C++,C++ (GCC 9.2.1),cpp,Accepted,6,3656,858,
s413441722,p02982,u977879365,1594128648,C++,C++ (GCC 9.2.1),cpp,Compile Error,,,729,
s027581243,p02982,u721262478,1594106538,C++,C++ (GCC 9.2.1),cpp,Accepted,6,3640,1255,
s306729661,p02982,u236585484,1594084669,C++,C++ (GCC 9.2.1),cpp,Accepted,6,3584,986,
s023472793,p02982,u236585484,1594084596,C++,C++ (GCC 9.2.1),cpp,Compile Error,,,968,
s364955178,p02982,u055538052,1594079446,C++,C++ (GCC 9.2.1),cpp,Accepted,7,3548,2075,
s530944041,p02982,u055538052,1594079339,C++,C++ (GCC 9.2.1),cpp,Compile Error,,,2058,
s876192095,p02982,u910369451,1594071960,Python,Python (3.8.2),py,Accepted,118,27296,322,
s928370309,p02982,u737840172,1594070858,OCaml,OCaml (4.10.0),ml,Accepted,6,3828,492,
s245313454,p02982,u861231819,1594066510,C++,C++ (GCC 9.2.1),cpp,Accepted,5,3660,696,
s099016935,p02982,u861231819,1594066463,C++,C++ (GCC 9.2.1),cpp,Wrong Answer,5,3600,696,
s923120597,p02982,u861231819,1594065917,C++,C++ (GCC 9.2.1),cpp,Accepted,11,3616,1251,
s546029182,p02982,u163421511,1593996963,Python,Python (3.8.2),py,Accepted,27,9440,274,
s346662887,p02982,u934782869,1593988864,Java,Java (OpenJDK 11.0.6),java,Accepted,122,35988,852,
s269933807,p02982,u527105447,1593985611,C++,C++ (GCC 9.2.1),cpp,Accepted,7,3636,802,
s719985385,p02982,u823885866,1593982213,Python,Python (3.8.2),py,Accepted,117,27260,345,
s576988193,p02982,u823885866,1593982177,Python,Python (3.8.2),py,Runtime Error,114,26936,276,
s369167570,p02982,u823885866,1593982152,Python,Python (3.8.2),py,Runtime Error,112,27072,267,
s131281863,p02982,u823885866,1593982106,Python,Python (3.8.2),py,Accepted,111,27132,576,
s670421125,p02982,u823885866,1593982020,Python,Python (3.8.2),py,Wrong Answer,118,27284,571,
s549437128,p02982,u305883349,1593981947,Ruby,Ruby (2.7.1),rb,Accepted,68,14352,919,
s633442122,p02982,u017829142,1593978525,C++,C++ (GCC 9.2.1),cpp,Accepted,8,3532,803,
s062205236,p02982,u826103718,1593973399,C++,C++ (GCC 9.2.1),cpp,Accepted,7,3716,836,
s443021471,p02982,u931901821,1593962002,C++,C++ (GCC 9.2.1),cpp,Accepted,7,3624,1198,
s360315723,p02982,u358765098,1593959632,C++,C++ (GCC 9.2.1),cpp,Accepted,4,3736,595,
s128576436,p02982,u447455959,1593941763,C++,C++ (GCC 9.2.1),cpp,Accepted,6,3700,707,
s637425878,p02982,u447455959,1593941736,C++,C++ (GCC 9.2.1),cpp,Wrong Answer,6,3784,740,
s869528592,p02982,u011233602,1593933663,C++,C++ (GCC 9.2.1),cpp,Accepted,9,3616,691,
s893718263,p02982,u634046173,1593926038,Python,Python (3.8.2),py,Accepted,28,9124,323,
s828423894,p02982,u648881683,1593922237,Python,Python (3.8.2),py,Accepted,41,9964,857,
s288152960,p02982,u487023207,1593913857,Nim,Nim (1.0.6),nim,Accepted,7,3352,590,
s306998848,p02982,u695474809,1593906462,Python,Python (3.8.2),py,Accepted,121,26940,2389,
s814286450,p02982,u740002394,1593899346,C++,C++ (GCC 9.2.1),cpp,Wrong Answer,6,3592,589,
s612148100,p02982,u264265458,1593896737,C++,C++ (GCC 9.2.1),cpp,Accepted,6,3648,3768,
s947898084,p02982,u740002394,1593896105,C++,C++ (GCC 9.2.1),cpp,Wrong Answer,10,3532,586,
s894326286,p02982,u740002394,1593895399,C++,C++ (GCC 9.2.1),cpp,Time Limit Exceeded,2205,3376,586,
s723067885,p02982,u379822620,1593895252,C++,C++ (GCC 9.2.1),cpp,Accepted,6,3628,2921,
s365141379,p02982,u038136206,1593895044,Python,Python (3.8.2),py,Accepted,29,9104,340,
s089416035,p02982,u605833494,1593893441,C++,C++ (GCC 9.2.1),cpp,Accepted,7,3604,523,
s123912817,p02982,u536467193,1593892222,C++,C++ (GCC 9.2.1),cpp,Accepted,9,3592,668,
s416917190,p02982,u740002394,1593891222,C++,C++ (GCC 9.2.1),cpp,Runtime Error,109,3676,587,
s034506896,p02982,u740002394,1593891187,C++,C++ (GCC 9.2.1),cpp,Runtime Error,109,3596,585,
s828349134,p02982,u237390401,1593890836,C++,C++ (GCC 9.2.1),cpp,Accepted,5,3636,873,
s712257640,p02982,u237390401,1593890814,C++,C++ (GCC 9.2.1),cpp,Wrong Answer,8,3616,873,
s551398365,p02982,u608773191,1593890648,C++,C++ (GCC 9.2.1),cpp,Accepted,6,3572,1526,
s949834222,p02982,u306482197,1593890511,C++,C++ (GCC 9.2.1),cpp,Accepted,9,4056,425,
s856225550,p02982,u823585596,1593874766,Python,Python (3.8.2),py,Accepted,31,9152,339,
s595123982,p02982,u583507988,1593871370,Python,Python (3.8.2),py,Accepted,27,9064,328,
s250763356,p02982,u904666233,1593840324,Prolog,Prolog (SWI-Prolog 8.0.3),pl,Accepted,43,8240,2481,
s898697790,p02982,u075775814,1593832748,C++,C++ (GCC 9.2.1),cpp,Accepted,5,3656,546,
s395125105,p02982,u629607744,1593820696,Python,Python (3.8.2),py,Accepted,27,9412,482,
s045821296,p02982,u110859855,1593806738,C++,C++ (GCC 9.2.1),cpp,Accepted,6,3628,540,
s254530888,p02982,u934272719,1593795917,C++,C++ (GCC 9.2.1),cpp,Accepted,6,3668,1965,
s270293381,p02982,u035445296,1593788209,Python,Python (3.8.2),py,Accepted,117,27232,273,
s164189132,p02982,u771770008,1593785411,Ruby,Ruby (2.7.1),rb,Accepted,68,14320,363,
s622702146,p02982,u612975321,1593771485,Python,Python (3.8.2),py,Accepted,123,26748,396,
s869146643,p02982,u612975321,1593771169,Python,Python (3.8.2),py,Wrong Answer,116,27204,419,
s038098693,p02982,u106797249,1593749799,Python,Python (3.8.2),py,Accepted,29,9356,435,
s422215902,p02982,u756000295,1593748652,Go,Go (1.14.1),go,Accepted,7,1780,918,
s848644095,p02982,u547537397,1593743741,Python,Python (3.8.2),py,Accepted,29,9000,306,
s910646578,p02982,u825115925,1593740823,Python,Python (3.8.2),py,Accepted,31,9300,339,
s452548263,p02982,u424768586,1593738539,Python,PyPy3 (7.3.0),py,Accepted,227,77508,2709,
s988978568,p02982,u469583382,1593737899,Ruby,Ruby (2.7.1),rb,Accepted,66,14340,306,
s533587836,p02982,u088863512,1593726829,Python,Python (3.8.2),py,Accepted,31,9596,912,
s717094394,p02982,u759412327,1593723455,Python,Python (3.8.2),py,Accepted,31,9388,235,
s491168946,p02982,u340040203,1593702185,Python,Python (3.8.2),py,Accepted,32,9200,508,
s731101616,p02982,u418879326,1593696716,C++,C++ (GCC 9.2.1),cpp,Accepted,7,3640,753,
s542136679,p02982,u629607744,1593672347,Python,Python (3.8.2),py,Wrong Answer,29,9260,408,
s204714991,p02982,u751558844,1593656228,Java,Java (OpenJDK 11.0.6),java,Accepted,118,35732,1031,
s817546649,p02982,u587622858,1593650104,C++,C++ (GCC 9.2.1),cpp,Accepted,6,3600,473,
s242163871,p02982,u771770008,1593646573,Ruby,Ruby (2.7.1),rb,Accepted,65,14304,398,
s562287493,p02982,u737111725,1593645947,Scala,Scala (2.13.1),scala,Accepted,540,55972,461,
s243459518,p02982,u662871912,1593642868,C++,C++ (GCC 9.2.1),cpp,Accepted,7,3604,759,
s779473805,p02982,u370721525,1593639261,Python,Python (3.8.2),py,Accepted,32,9108,328,
s298598712,p02982,u779805689,1593625083,Python,PyPy3 (7.3.0),py,Accepted,66,62100,358,
s764462636,p02982,u779805689,1593625050,Python,PyPy3 (7.3.0),py,Wrong Answer,68,62080,356,
s240444988,p02982,u437739548,1593612691,C++,C++ (GCC 9.2.1),cpp,Accepted,7,3732,573,
s869877967,p02982,u375616706,1593608994,Python,PyPy3 (7.3.0),py,Wrong Answer,62,63056,336,
s012814973,p02982,u375616706,1593608937,Python,PyPy3 (7.3.0),py,Wrong Answer,73,62256,335,
s589739266,p02982,u077376041,1593572848,Java,Java (OpenJDK 1.8.0),java,Accepted,99,27220,4040,
s506940723,p02982,u531436689,1593568977,C++,C++ (GCC 9.2.1),cpp,Accepted,7,3592,1486,
s981982708,p02982,u666712170,1593565772,C++,C++ (GCC 9.2.1),cpp,Accepted,8,3612,625,
s480344102,p02982,u209275335,1593559372,Python,Python (3.8.2),py,Accepted,30,9164,391,
s688903258,p02982,u602140789,1593528490,C++,C++ (GCC 9.2.1),cpp,Accepted,7,3608,596,
s131863984,p02982,u955248595,1593507718,Python,Python (3.8.2),py,Accepted,118,26844,334,
s199819354,p02982,u094999522,1593481378,Python,Python (3.8.2),py,Accepted,115,27292,257,
s450950620,p02982,u010686961,1593480569,C++,C++ (GCC 9.2.1),cpp,Accepted,7,3564,866,
s709079218,p02982,u566297428,1593478161,Python,Python (3.8.2),py,Accepted,30,9260,310,
s102878261,p02982,u374802266,1593474720,Python,Python (3.8.2),py,Accepted,31,9396,270,
s945416043,p02982,u434398296,1593471684,C++,C++ (GCC 9.2.1),cpp,Accepted,6,3560,1958,
s087227105,p02982,u532995680,1593470080,C++,C++ (GCC 9.2.1),cpp,Accepted,11,7036,4909,
s192272945,p02982,u441175813,1593460536,Python,PyPy3 (7.3.0),py,Accepted,72,62384,405,
s511126120,p02982,u849151695,1593457603,C++,C++ (GCC 9.2.1),cpp,Accepted,8,3584,620,
s164539777,p02982,u849151695,1593457573,C++,C++ (GCC 9.2.1),cpp,Accepted,8,3620,617,
s015430222,p02982,u317432339,1593446912,C++,C++ (GCC 9.2.1),cpp,Accepted,8,3636,1650,
s587717414,p02982,u687574784,1593432896,Python,Python (3.8.2),py,Accepted,29,9488,335,
s824999246,p02982,u687574784,1593432612,Python,Python (3.8.2),py,Accepted,34,10008,415,
s091469093,p02982,u092554572,1593400831,Python,Python (3.8.2),py,Accepted,27,9232,337,
s299434468,p02982,u789565565,1593400724,Python,Python (3.8.2),py,Accepted,127,27000,342,
s446954660,p02982,u706414019,1593387133,Python,Python (3.8.2),py,Accepted,119,27252,339,
s285710930,p02982,u706414019,1593387079,Python,PyPy3 (7.3.0),py,Runtime Error,92,68760,339,
s986670837,p02982,u706414019,1593387006,Python,PyPy3 (7.3.0),py,Runtime Error,93,74484,402,
s114677408,p02982,u706414019,1593386776,Python,PyPy3 (7.3.0),py,Runtime Error,89,74768,466,
s756854363,p02982,u422813672,1593379663,C++,C++ (GCC 9.2.1),cpp,Accepted,6,3652,784,
s708906523,p02982,u006472158,1593379060,C++,C++ (GCC 9.2.1),cpp,Accepted,7,3644,388,
s820547345,p02982,u422813672,1593378957,C++,C++ (GCC 9.2.1),cpp,Accepted,6,3676,670,
s963591546,p02982,u152614052,1593363766,Python,Python (3.8.2),py,Accepted,30,9200,314,
s617762331,p02982,u866535689,1593362734,C++,C++ (GCC 9.2.1),cpp,Accepted,9,3684,765,
s198356780,p02982,u658305931,1593327880,C++,C++ (GCC 9.2.1),cpp,Accepted,9,3828,495,
s285921337,p02982,u157433024,1593305802,C++,C++ (GCC 9.2.1),cpp,Accepted,11,4032,1994,
s418398673,p02982,u756836953,1593304943,C++,C++ (GCC 9.2.1),cpp,Accepted,9,3688,619,
s284901387,p02982,u280966279,1593304936,C++,C++ (GCC 9.2.1),cpp,Accepted,7,3628,536,
s727003081,p02982,u257632310,1593299469,C++,C++ (GCC 9.2.1),cpp,Accepted,6,3632,573,
s647542989,p02982,u463602788,1593295499,Python,Python (3.8.2),py,Accepted,32,9384,451,
s902516437,p02982,u823862638,1593292173,C++,C++ (GCC 9.2.1),cpp,Accepted,6,3640,662,
s829370131,p02982,u587589241,1593289057,Python,PyPy3 (7.3.0),py,Accepted,123,77308,350,
s903743193,p02982,u605086727,1593283482,Python,Python (3.8.2),py,Accepted,42,9032,426,
s976438187,p02982,u115877451,1593272433,Python,Python (3.8.2),py,Accepted,28,9192,306,
s723354321,p02982,u388971072,1593268943,Python,Python (3.8.2),py,Accepted,30,9300,294,
s307772577,p02982,u280966279,1593267830,C++,C++ (GCC 9.2.1),cpp,Wrong Answer,10,3608,574,
s152576095,p02982,u280966279,1593267683,C++,C++ (GCC 9.2.1),cpp,Wrong Answer,6,3544,582,
s392540636,p02982,u476635134,1593262895,Java,Java (OpenJDK 11.0.6),java,Accepted,130,35972,702,
s477121082,p02982,u476635134,1593262844,Java,Java (OpenJDK 11.0.6),java,Wrong Answer,126,35912,706,
s387807450,p02982,u265187423,1593221734,C++,C++ (GCC 9.2.1),cpp,Accepted,7,3720,766,
s689524090,p02982,u225053756,1593220806,C++,C++ (GCC 9.2.1),cpp,Accepted,12,3996,3100,
s206266442,p02982,u225053756,1593220758,C++,C++ (GCC 9.2.1),cpp,Runtime Error,104,4036,3100,
s585586378,p02982,u489339677,1593214804,Ruby,Ruby (2.7.1),rb,Accepted,65,14292,275,
s946286436,p02982,u510749912,1593206475,C++,C++ (GCC 9.2.1),cpp,Accepted,5,3576,838,
s200049375,p02982,u670961163,1593181791,Python,PyPy3 (7.3.0),py,Accepted,66,62740,494,
s277298290,p02982,u298972557,1593177356,C++,C++ (GCC 9.2.1),cpp,Accepted,7,3684,591,
s016354794,p02982,u298972557,1593177072,C++,C++ (GCC 9.2.1),cpp,Wrong Answer,6,3736,561,
s649289846,p02982,u806768852,1593171072,Java,Java (OpenJDK 11.0.6),java,Accepted,133,38116,802,
s561537063,p02982,u688219499,1593148778,Python,Python (3.8.2),py,Accepted,32,9388,307,
s501988870,p02982,u453623947,1593148333,Python,Python (3.8.2),py,Accepted,28,9348,318,
s157454724,p02982,u453623947,1593148164,Python,Python (3.8.2),py,Wrong Answer,25,9396,337,
s849604238,p02982,u453623947,1593148036,Python,Python (3.8.2),py,Wrong Answer,27,9348,334,
s596142075,p02982,u453623947,1593147348,Python,Python (3.8.2),py,Wrong Answer,30,9440,334,
s338133044,p02982,u386122581,1593146569,Rust,Rust (1.42.0),rs,Accepted,6,2624,795,
s292046215,p02982,u942051624,1593144600,Python,Python (3.8.2),py,Accepted,29,9204,302,
s744882859,p02982,u313291636,1593122648,Python,PyPy3 (7.3.0),py,Accepted,64,62820,311,
s628157464,p02982,u534923072,1593121257,C++,C++ (GCC 9.2.1),cpp,Accepted,7,3652,612,
s405786932,p02982,u167931717,1593091625,C++,C++ (GCC 9.2.1),cpp,Accepted,269,50456,4911,
s714084962,p02982,u961945062,1593062029,Python,Python (3.8.2),py,Accepted,29,9372,316,
s901257101,p02982,u961945062,1593061761,Python,Python (3.8.2),py,Accepted,28,9440,314,
s837092217,p02982,u623007471,1593054937,Go,Go (1.14.1),go,Accepted,3,1828,1477,
s218398342,p02982,u623007471,1593054750,Go,Go (1.14.1),go,Runtime Error,12,1988,1476,
s585712853,p02982,u623007471,1593054645,Go,Go (1.14.1),go,Runtime Error,6,1832,1474,
s931418903,p02982,u723345499,1593029585,Python,Python (3.8.2),py,Runtime Error,25,9100,470,
s573239557,p02982,u723345499,1593029449,Python,Python (3.8.2),py,Runtime Error,23,9124,481,
s584286415,p02982,u122441571,1593029381,C,C (GCC 9.2.1),c,Accepted,9,1700,1478,
s265382874,p02982,u122441571,1593029351,C,C (GCC 9.2.1),c,Accepted,6,1704,1479,
s007551636,p02982,u244416763,1593023465,Python,Python (3.8.2),py,Accepted,31,9208,418,
s387328671,p02982,u423419254,1593016931,C++,C++ (GCC 9.2.1),cpp,Accepted,6,3728,464,
s223545824,p02982,u188827677,1593010975,Python,Python (3.8.2),py,Accepted,28,9340,272,
s859903871,p02982,u267235552,1593004427,JavaScript,JavaScript (Node.js 12.16.1),js,Accepted,66,29676,1241,
s167950200,p02982,u309370374,1593003652,Go,Go (1.14.1),go,Accepted,10,1784,2869,
s590001892,p02982,u837784642,1592977246,C++,C++ (GCC 9.2.1),cpp,Accepted,6,3588,689,
s705460639,p02982,u104354966,1592971261,Scala,Scala (2.13.1),scala,Accepted,497,55108,706,
s145288126,p02982,u393881437,1592969533,Python,Python (3.8.2),py,Accepted,33,9128,330,
s850987184,p02982,u600402037,1592968409,C++,C++ (GCC 9.2.1),cpp,Accepted,9,3580,498,
s993938051,p02982,u523146937,1592967743,Rust,Rust (1.42.0),rs,Accepted,7,2136,1144,
s489839020,p02982,u409390792,1592966819,Ruby,Ruby (2.7.1),rb,Accepted,65,14228,360,
s015753592,p02982,u628335443,1592963926,Python,Python (3.8.2),py,Accepted,30,9040,343,
s044487168,p02982,u085172266,1592956942,C++,C++ (GCC 9.2.1),cpp,Accepted,8,3756,574,
s653216720,p02982,u075775814,1592956886,C++,C++ (GCC 9.2.1),cpp,Accepted,6,3540,547,
s470491317,p02982,u253481827,1592952445,Python,Python (3.8.2),py,Runtime Error,29,9068,711,
s188774970,p02982,u253481827,1592952399,Python,PyPy3 (7.3.0),py,Runtime Error,82,74904,711,
s824964068,p02982,u945761460,1592949251,C++,C++ (GCC 9.2.1),cpp,Accepted,8,3668,434,
s934839829,p02982,u681323954,1592949213,C++,C++ (GCC 9.2.1),cpp,Accepted,6,3676,441,
s939488528,p02982,u681323954,1592948916,C++,C++ (GCC 9.2.1),cpp,Runtime Error,111,3424,568,
s949840797,p02982,u505122009,1592903625,C++,C++ (GCC 9.2.1),cpp,Accepted,6,3592,1629,
s731757584,p02982,u782144261,1592887324,C++,C++ (GCC 9.2.1),cpp,Accepted,8,3612,765,
s569012322,p02982,u277429554,1592882775,Python,Python (3.8.2),py,Accepted,30,9168,314,
s234592469,p02982,u088553842,1592880631,Python,Python (3.8.2),py,Accepted,28,9188,341,
s288365258,p02982,u761062383,1592878984,Python,Python (3.8.2),py,Accepted,30,9184,401,
s608856657,p02982,u205280593,1592873800,C++,C++ (GCC 9.2.1),cpp,Accepted,7,3616,599,
s897718235,p02982,u855665975,1592870564,Python,Python (3.8.2),py,Accepted,27,9048,343,
s378897442,p02982,u855665975,1592870156,Python,Python (3.8.2),py,Runtime Error,26,8948,318,
s260324377,p02982,u620932318,1592869446,C++,C++ (GCC 9.2.1),cpp,Accepted,5,3576,634,
s079649728,p02982,u053310629,1592865080,C++,C++ (GCC 9.2.1),cpp,Accepted,8,3628,992,
s636249026,p02982,u749614185,1592864789,Python,Python (3.8.2),py,Accepted,119,27176,285,
s389073327,p02982,u749614185,1592864763,Python,Python (3.8.2),py,Runtime Error,24,8936,427,
s237143192,p02982,u749614185,1592864710,Python,Python (3.8.2),py,Wrong Answer,28,9368,285,
s277121854,p02982,u749614185,1592864697,Python,Python (3.8.2),py,Wrong Answer,28,9408,285,
s025004243,p02982,u691169306,1592857033,C++,C++ (GCC 9.2.1),cpp,Accepted,7,3728,437,
s021296246,p02982,u276686572,1592856369,Python,Python (3.8.2),py,Accepted,28,9212,421,
s012927505,p02982,u805392425,1592845408,C++,C++ (GCC 9.2.1),cpp,Accepted,8,3584,1066,
s072013721,p02982,u902619368,1592831740,C++,C++ (GCC 9.2.1),cpp,Accepted,10,3588,885,
s794703566,p02982,u149861487,1592821846,Go,Go (1.14.1),go,Accepted,7,1800,1666,
s808279487,p02982,u466018786,1592810055,C++,C++ (GCC 9.2.1),cpp,Accepted,5,3776,437,
s012067248,p02982,u924935170,1592797349,C++,C++ (GCC 9.2.1),cpp,Accepted,7,3712,1441,
s041204389,p02982,u924935170,1592796093,C++,C++ (GCC 9.2.1),cpp,Wrong Answer,6,3708,1605,
s688668756,p02982,u073895786,1592791870,C++,C++ (GCC 9.2.1),cpp,Accepted,5,3728,569,
s242384869,p02982,u235376569,1592785671,Python,Python (3.8.2),py,Accepted,29,9376,334,
s886292438,p02982,u717943620,1592774945,Go,Go (1.14.1),go,Accepted,6,1848,723,
s711510384,p02982,u451954557,1592773716,C++,C++ (GCC 9.2.1),cpp,Accepted,4,3596,826,
s812720288,p02982,u926046014,1592770251,Python,Python (3.8.2),py,Accepted,30,9164,353,
s140453605,p02982,u231667262,1592754850,C++,C++ (GCC 9.2.1),cpp,Accepted,8,3600,580,
s148403237,p02982,u278855471,1592751509,Python,Python (3.8.2),py,Accepted,28,9032,359,
s982861198,p02982,u016987091,1592746112,C++,C++ (GCC 9.2.1),cpp,Accepted,6,3780,488,
s274788678,p02982,u313111801,1592725393,Python,Python (3.8.2),py,Accepted,116,26912,286,
s303665332,p02982,u617556913,1592715999,Python,Python (3.8.2),py,Accepted,30,9140,385,
s756890214,p02982,u000085263,1592701645,Python,Python (3.8.2),py,Accepted,27,9388,554,
s074522894,p02982,u395476105,1592697557,Python,Python (3.8.2),py,Accepted,26,9372,332,
s287679976,p02982,u755180064,1592692628,Python,Python (3.8.2),py,Accepted,25,9004,702,
s938308543,p02982,u755180064,1592692550,Python,Python (3.8.2),py,Wrong Answer,31,9084,704,
s412747061,p02982,u755180064,1592692102,Python,Python (3.8.2),py,Wrong Answer,26,9140,595,
s423883094,p02982,u968135171,1592688058,C#,C# (.NET Core 3.1.201),cs,Accepted,96,28364,2820,
s661736236,p02982,u224756887,1592679584,C++,C++ (GCC 9.2.1),cpp,Accepted,75,50620,22061,
s653771175,p02982,u320027541,1592662310,C++,C++ (GCC 9.2.1),cpp,Accepted,6,3632,839,
s480198082,p02982,u968166680,1592649538,Python,Python (3.8.2),py,Runtime Error,27,9188,410,
s468981106,p02982,u968166680,1592648994,Python,Python (3.8.2),py,Accepted,29,9252,919,
s371798035,p02982,u931173291,1592623589,C++,C++ (GCC 9.2.1),cpp,Accepted,7,3648,789,
s015632093,p02982,u931173291,1592622472,C++,C++ (GCC 9.2.1),cpp,Wrong Answer,6,3636,790,
s715286003,p02982,u229582356,1592615149,C++,C++ (GCC 9.2.1),cpp,Accepted,8,3616,840,
s396089365,p02982,u931173291,1592614658,C++,C++ (GCC 9.2.1),cpp,Wrong Answer,8,3624,795,
s448256827,p02982,u931173291,1592613268,C++,C++ (GCC 9.2.1),cpp,Wrong Answer,6,3624,793,
s162820945,p02982,u931173291,1592609918,C++,C++ (GCC 9.2.1),cpp,Wrong Answer,6,3632,793,
s765994627,p02982,u931173291,1592606915,C++,C++ (GCC 9.2.1),cpp,Wrong Answer,6,3656,843,
s842940870,p02982,u347086824,1592598037,C,C (GCC 9.2.1),c,Accepted,7,2160,515,
s218288466,p02982,u131453093,1592595153,Python,Python (3.8.2),py,Accepted,28,9164,408,
s924485167,p02982,u390997234,1592587421,C++,C++ (GCC 9.2.1),cpp,Accepted,8,3612,810,
s596550064,p02982,u095094246,1592579865,Python,Python (3.8.2),py,Accepted,30,9132,298,
s861486853,p02982,u746428948,1592571696,Python,Python (3.8.2),py,Accepted,120,9144,418,
s763744013,p02982,u350093546,1592559309,Python,Python (3.8.2),py,Accepted,27,9292,288,
s820331613,p02982,u350093546,1592559236,Python,Python (3.8.2),py,Runtime Error,24,9472,287,
s679442733,p02982,u269969976,1592548930,Kotlin,Kotlin (1.3.71),kt,Accepted,121,36944,500,
s579991156,p02982,u392973556,1592540710,C++,C++ (GCC 9.2.1),cpp,Accepted,7,3604,533,
s925634383,p02982,u392973556,1592540691,C++,C++ (GCC 9.2.1),cpp,Compile Error,,,514,
s418740734,p02982,u189023301,1592540417,Python,Python (3.8.2),py,Accepted,33,9472,404,
s805452542,p02982,u789673498,1592539976,C++,C++ (GCC 9.2.1),cpp,Accepted,8,3612,963,
s936953994,p02982,u651235280,1592537653,C++,C++ (GCC 9.2.1),cpp,Accepted,7,3732,859,
s148521345,p02982,u581403769,1592535951,Python,Python (3.8.2),py,Accepted,27,9256,392,
s692829502,p02982,u581403769,1592535265,Python,Python (3.8.2),py,Runtime Error,24,9060,340,
s607101357,p02982,u651235280,1592531363,C++,C++ (GCC 9.2.1),cpp,Accepted,6,3624,770,
s763429759,p02982,u666964944,1592531030,Python,Python (3.8.2),py,Accepted,30,9152,303,
s469157570,p02982,u617718239,1592522498,Python,PyPy3 (7.3.0),py,Accepted,73,62452,347,
s426632641,p02982,u007099475,1592518660,C++,C++ (GCC 9.2.1),cpp,Accepted,6,3704,1105,
s284028342,p02982,u500376440,1592516843,Python,Python (3.8.2),py,Accepted,42,9212,376,
s616598440,p02982,u388463553,1592513510,C++,C++ (GCC 5.4.1),cpp,Accepted,1,256,556,
s653190043,p02982,u388463553,1592513424,C++,C++ (GCC 5.4.1),cpp,Compile Error,,,554,
s984524863,p02982,u388463553,1592513137,C++,C++ (GCC 5.4.1),cpp,Compile Error,,,1658,
s519008686,p02982,u388463553,1592513079,C++,C++ (GCC 5.4.1),cpp,Compile Error,,,1674,
s496155921,p02982,u465652095,1592511587,Python,Python (3.4.3),py,Accepted,168,13568,338,
s596081344,p02982,u629540524,1592505742,Python,Python (3.4.3),py,Accepted,148,12504,290,
s685849062,p02982,u210555114,1592504747,C++,C++14 (GCC 5.4.1),cpp,Accepted,2,384,593,
s892994764,p02982,u629540524,1592501666,Python,Python (3.4.3),py,Runtime Error,148,12480,291,
s883049628,p02982,u825601908,1592452809,C++,C++14 (GCC 5.4.1),cpp,Accepted,1,256,1370,
s200332954,p02982,u825601908,1592452502,C++,C++14 (GCC 5.4.1),cpp,Wrong Answer,1,256,1375,
s172257340,p02982,u210555114,1592450911,C++,C++14 (GCC 5.4.1),cpp,Accepted,1,256,431,
s271930128,p02982,u109436774,1592449850,Python,Python (3.4.3),py,Accepted,152,12776,316,
s565015933,p02982,u367965715,1592448031,Python,Python (3.4.3),py,Accepted,152,12408,316,
s699061667,p02982,u816352006,1592445289,C++,C++14 (GCC 5.4.1),cpp,Accepted,1,256,781,
s316113488,p02982,u000975152,1592439518,C++,C++14 (GCC 5.4.1),cpp,Accepted,1,256,759,
s401060842,p02982,u731322489,1592437324,Python,Python (3.4.3),py,Accepted,18,3064,312,
s876988031,p02982,u354953865,1592431044,C++,C++14 (GCC 5.4.1),cpp,Accepted,1,384,2753,
s479331081,p02982,u563054590,1592423704,C++,C++14 (GCC 5.4.1),cpp,Accepted,1,256,708,
s575570799,p02982,u843073153,1592416009,Python,Python (3.4.3),py,Accepted,18,3064,312,
s831337257,p02982,u510558844,1592409139,Java,Java8 (OpenJDK 1.8.0),java,Accepted,123,24532,699,
s389076474,p02982,u510558844,1592408994,Java,Java8 (OpenJDK 1.8.0),java,Runtime Error,115,23252,695,
s229565943,p02982,u697205317,1592401602,C++,C++14 (GCC 5.4.1),cpp,Accepted,1,256,410,
s749600335,p02982,u746428948,1592400875,C++,C++14 (GCC 5.4.1),cpp,Accepted,1,256,873,
s484176973,p02982,u382639013,1592398707,Python,Python (3.4.3),py,Accepted,18,3188,315,
s898760510,p02982,u710877960,1592358888,C++,C++14 (GCC 5.4.1),cpp,Accepted,1,256,662,
s296298317,p02982,u710877960,1592358743,C++,C++14 (GCC 5.4.1),cpp,Wrong Answer,1,256,661,
s510308013,p02982,u864276028,1592347394,Python,Python (3.4.3),py,Accepted,18,3064,305,
s007836866,p02982,u864276028,1592347323,Python,Python (3.4.3),py,Runtime Error,17,3060,307,
s290294302,p02982,u864276028,1592347162,Python,Python (3.4.3),py,Runtime Error,17,2940,355,
s873565580,p02982,u168216888,1592346356,C++,C++14 (GCC 5.4.1),cpp,Accepted,1,256,947,
s744954628,p02982,u382947817,1592331933,C#,C# (Mono 4.6.2.0),cs,Wrong Answer,27,13396,1670,
s102414164,p02982,u382947817,1592331860,C#,C# (Mono 4.6.2.0),cs,Compile Error,,,1670,
s120533313,p02982,u382947817,1592331576,C#,C# (Mono 4.6.2.0),cs,Accepted,24,13396,1689,
s193549898,p02982,u382947817,1592323888,C#,C# (Mono 4.6.2.0),cs,Accepted,23,13396,1928,
s630188460,p02982,u382947817,1592323772,C#,C# (Mono 4.6.2.0),cs,Wrong Answer,24,13396,1927,
s350333760,p02982,u382947817,1592322955,C#,C# (Mono 4.6.2.0),cs,Wrong Answer,24,13396,1658,
s122036686,p02982,u382947817,1592321721,C#,C# (Mono 4.6.2.0),cs,Wrong Answer,25,13396,1695,
s320898237,p02982,u012133968,1592320304,Rust,Rust (1.15.1),rs,Accepted,4,8828,330367,
s608973329,p02982,u739360929,1592317579,Python,Python (3.4.3),py,Accepted,17,3060,445,
s018570346,p02982,u188827677,1592316928,Python,Python (3.4.3),py,Accepted,18,3064,272,
s697036277,p02982,u834987206,1592314563,C++,C++14 (GCC 5.4.1),cpp,Accepted,1,256,784,
s240552979,p02982,u572345088,1592307914,Java,Java8 (OpenJDK 1.8.0),java,Accepted,72,22484,950,
s843955286,p02982,u572345088,1592307023,Java,Java8 (OpenJDK 1.8.0),java,Accepted,81,25172,907,
s413831099,p02982,u403668916,1592299011,C++,C++14 (GCC 5.4.1),cpp,Accepted,1,256,591,
s113627384,p02982,u757274384,1592282246,Python,Python (3.4.3),py,Accepted,18,3064,341,
s977526084,p02982,u957957759,1592279587,Python,Python (3.4.3),py,Accepted,17,3064,318,
s895467971,p02982,u523087093,1592275794,Python,Python (3.4.3),py,Accepted,21,3316,580,
s013324658,p02982,u596724731,1592273039,C++,C++14 (GCC 5.4.1),cpp,Accepted,1,256,912,
s139800377,p02982,u364386647,1592268296,Python,Python (3.4.3),py,Accepted,152,12508,564,
s813145051,p02982,u164181205,1592267251,C++,C++14 (GCC 5.4.1),cpp,Accepted,1,256,928,
s177922975,p02982,u085717502,1592262153,Python,Python (3.4.3),py,Accepted,17,3064,391,
s034370565,p02982,u000134728,1592260419,C++,C++14 (GCC 5.4.1),cpp,Accepted,2,256,1012,
s964619856,p02982,u874741582,1592253121,Python,Python (3.4.3),py,Accepted,17,3188,772,
s626850237,p02982,u425086757,1592249476,C++,C++14 (GCC 5.4.1),cpp,Accepted,1,256,492,
s456615114,p02982,u345778634,1592247701,Python,Python (3.4.3),py,Accepted,59,3064,364,
s869731001,p02982,u345778634,1592247516,Python,Python (3.4.3),py,Wrong Answer,59,3064,362,
s387692566,p02982,u425086757,1592246182,C++,C++14 (GCC 5.4.1),cpp,Accepted,1,256,482,
s069335325,p02982,u425086757,1592245989,C++,C++14 (GCC 5.4.1),cpp,Compile Error,,,469,
s555914443,p02982,u423665486,1592181767,C++,C++14 (GCC 5.4.1),cpp,Accepted,1,256,805,
s492484411,p02982,u225642513,1592180958,C++,C++14 (GCC 5.4.1),cpp,Accepted,1,256,848,
s434657627,p02982,u225642513,1592180004,C++,C++14 (GCC 5.4.1),cpp,Wrong Answer,1,256,843,
s927673559,p02982,u163680061,1592173478,C,C (GCC 5.4.1),c,Accepted,1,128,827,
s751996515,p02982,u105290050,1592166995,Python,Python (3.4.3),py,Accepted,18,3188,276,
s579324814,p02982,u603958124,1592166260,C++,C++14 (GCC 5.4.1),cpp,Accepted,1,256,601,
s312094920,p02982,u739955570,1592159879,Python,Python (3.4.3),py,Accepted,18,3064,314,
s846082043,p02982,u632413369,1592153899,Python,Python (3.4.3),py,Accepted,19,3064,425,
s885665732,p02982,u632413369,1592153885,Python,PyPy3 (2.4.0),py,Accepted,203,38640,425,
s482771476,p02982,u880449276,1592147498,C++,C++14 (GCC 5.4.1),cpp,Accepted,1,256,695,
s046132451,p02982,u424542120,1592147092,C++,C++14 (GCC 5.4.1),cpp,Accepted,1,256,587,
s779686790,p02982,u307516601,1592144345,Python,Python (3.4.3),py,Accepted,17,3064,508,
s496333057,p02982,u640922335,1592138288,Python,Python (3.4.3),py,Accepted,18,3064,340,
s465829955,p02982,u299094505,1592109517,C++,C++14 (Clang 3.8.0),cpp,Accepted,1,256,1948,
s331549667,p02982,u313568050,1592105761,C++,C++14 (GCC 5.4.1),cpp,Accepted,1,256,1641,
s584036818,p02982,u222613738,1592104773,C++,C++14 (GCC 5.4.1),cpp,Accepted,1,256,807,
s829589747,p02982,u783603027,1592104224,C++,C++14 (GCC 5.4.1),cpp,Accepted,1,256,709,
s406853439,p02982,u425762225,1592098693,Python,Python (3.4.3),py,Accepted,19,3064,307,
s001676413,p02982,u296989351,1592090973,C++,C++14 (GCC 5.4.1),cpp,Accepted,1,256,603,
s782291147,p02982,u296989351,1592090844,C++,C++14 (GCC 5.4.1),cpp,Wrong Answer,1,256,588,
s283094629,p02982,u296989351,1592089519,C++,C++14 (GCC 5.4.1),cpp,Wrong Answer,1,256,587,
s305215741,p02982,u296989351,1592089399,C++,C++14 (GCC 5.4.1),cpp,Compile Error,,,579,
s236269034,p02982,u101048376,1592080687,C++,C++14 (GCC 5.4.1),cpp,Accepted,1,256,773,
s508283804,p02982,u289288647,1592078495,Python,Python (3.4.3),py,Accepted,18,3064,314,
s159272281,p02982,u881359256,1592034300,Go,Go (1.6),go,Accepted,1,512,524,
s832823278,p02982,u341447450,1592011988,C++,C++14 (GCC 5.4.1),cpp,Accepted,1,256,2530,
s373659127,p02982,u432333240,1592011934,Go,Go (1.6),go,Accepted,1,640,2693,
s683619587,p02982,u341447450,1592010983,C++,C++14 (GCC 5.4.1),cpp,Wrong Answer,1,256,2498,
s747982003,p02982,u243312682,1592009108,Python,Python (3.4.3),py,Accepted,18,3188,475,
s443708866,p02982,u448570453,1591992158,C++,C++14 (GCC 5.4.1),cpp,Accepted,1,256,1881,
s984245058,p02982,u448570453,1591991952,C++,C++14 (GCC 5.4.1),cpp,Wrong Answer,1,256,1854,
s427810263,p02982,u448570453,1591991822,C++,C++14 (GCC 5.4.1),cpp,Wrong Answer,1,256,1845,
s732597619,p02982,u894339989,1591986766,C++,C++14 (GCC 5.4.1),cpp,Accepted,1,256,838,
s103431719,p02982,u323022762,1591985440,C++,C++14 (GCC 5.4.1),cpp,Accepted,1,256,843,
s959581069,p02982,u552058878,1591965475,C++,C++14 (GCC 5.4.1),cpp,Accepted,1,256,673,
s704841895,p02982,u703739962,1591944350,Go,Go (1.6),go,Accepted,1,640,936,
s657688451,p02982,u509739538,1591941818,Python,Python (3.4.3),py,Accepted,22,3444,3030,
s221965284,p02982,u569559028,1591931687,Ruby,Ruby (2.3.3),rb,Accepted,9,1916,472,
s447484973,p02982,u768256617,1591925367,Python,Python (3.4.3),py,Accepted,17,3064,352,
s181678144,p02982,u827935538,1591923342,C,C (GCC 5.4.1),c,Wrong Answer,1,128,635,
s334273198,p02982,u827935538,1591922803,C,C (GCC 5.4.1),c,Wrong Answer,1,128,613,
s716563338,p02982,u867826040,1591913659,Python,Python (3.4.3),py,Accepted,17,3060,324,
s786545926,p02982,u566317458,1591905470,C,C (GCC 5.4.1),c,Accepted,1,128,517,
s979930033,p02982,u566317458,1591905029,C,C (GCC 5.4.1),c,Wrong Answer,1,128,510,
s006339412,p02982,u566317458,1591904931,C,C (GCC 5.4.1),c,Wrong Answer,1,128,510,
s321068005,p02982,u566317458,1591904203,C,C (GCC 5.4.1),c,Wrong Answer,1,128,512,
s770936028,p02982,u631558039,1591902748,Python,PyPy3 (2.4.0),py,Accepted,177,38384,288,
s055021711,p02982,u631558039,1591902513,Python,PyPy3 (2.4.0),py,Runtime Error,167,38640,283,
s169473296,p02982,u631558039,1591902413,Python,PyPy3 (2.4.0),py,Runtime Error,174,38256,290,
s927547057,p02982,u631558039,1591902380,Python,PyPy3 (2.4.0),py,Runtime Error,187,38256,341,
s593616124,p02982,u631558039,1591902287,Python,PyPy3 (2.4.0),py,Runtime Error,163,38256,339,
s183993026,p02982,u359856428,1591888999,C++,C++14 (GCC 5.4.1),cpp,Accepted,1,256,679,
s755572500,p02982,u568763892,1591887099,Go,Go (1.6),go,Accepted,1,512,1228,
s760168301,p02982,u202699008,1591882441,C++,C++14 (GCC 5.4.1),cpp,Accepted,1,256,826,
s723492130,p02982,u397604928,1591852475,Java,Java8 (OpenJDK 1.8.0),java,Accepted,112,23124,1307,
s627394861,p02982,u021657949,1591850690,C++,C++14 (GCC 5.4.1),cpp,Accepted,2,256,628,
s057361286,p02982,u171336585,1591845255,C++,C++14 (GCC 5.4.1),cpp,Accepted,1,256,691,
s455292464,p02982,u513083943,1591843538,C++,C++14 (GCC 5.4.1),cpp,Accepted,1,256,1005,
s042532958,p02982,u513083943,1591843493,C++,C++14 (GCC 5.4.1),cpp,Runtime Error,98,256,1005,
s121098845,p02982,u171328579,1591842187,Python,Python (3.4.3),py,Accepted,19,3188,385,
s014146573,p02982,u168416324,1591806363,Python,Python (3.4.3),py,Accepted,18,3064,328,
s707189544,p02982,u080465055,1591804375,C++,C++14 (GCC 5.4.1),cpp,Accepted,2,384,529,
s760427267,p02982,u224119985,1591798501,Python,Python (3.4.3),py,Accepted,17,3064,308,
s915259818,p02982,u891847179,1591769213,C++,C++14 (GCC 5.4.1),cpp,Accepted,1,256,1172,
s514198820,p02982,u549438788,1591760026,C++,C++14 (GCC 5.4.1),cpp,Accepted,1,256,609,
s240784454,p02982,u396266329,1591754939,C++,C++14 (GCC 5.4.1),cpp,Accepted,2,256,1244,
s624844541,p02982,u180824420,1591750353,Python,Python (3.4.3),py,Accepted,17,3064,302,
s852899829,p02982,u927801748,1591746250,C++,C++14 (GCC 5.4.1),cpp,Accepted,1,256,1361,
s055105602,p02982,u297738015,1591744631,C++,C++14 (GCC 5.4.1),cpp,Accepted,1,256,2209,
s304002963,p02982,u826608257,1591742178,C++,C++14 (GCC 5.4.1),cpp,Accepted,1,256,580,
s016056766,p02982,u652660628,1591735466,C++,C++14 (GCC 5.4.1),cpp,Accepted,1,256,539,
s691617626,p02982,u815628714,1591734470,C++,C++14 (GCC 5.4.1),cpp,Wrong Answer,1,256,551,
s190808156,p02982,u163783894,1591717276,Python,Python (3.4.3),py,Accepted,18,3064,594,
s265171901,p02982,u537976628,1591716803,Python,Python (3.4.3),py,Accepted,61,3064,406,
s350411776,p02982,u600402037,1591678241,C++,C++14 (GCC 5.4.1),cpp,Accepted,1,256,568,
s357519793,p02982,u413396046,1591677228,C++,C++14 (GCC 5.4.1),cpp,Accepted,1,256,553,
s413350250,p02982,u244257825,1591672907,Ruby,Ruby (2.3.3),rb,Accepted,7,1788,416,
s081367072,p02982,u757274384,1591671118,Python,Python (3.4.3),py,Accepted,18,3064,325,
s581990727,p02982,u382423941,1591666899,Python,Python (3.4.3),py,Accepted,18,3064,381,
s582633685,p02982,u157232135,1591647817,Python,Python (3.4.3),py,Accepted,17,3064,578,
s448107347,p02982,u235376569,1591642392,Python,Python (3.4.3),py,Accepted,18,3064,331,
s903583276,p02982,u499381410,1591637215,Java,Java8 (OpenJDK 1.8.0),java,Accepted,98,23636,760,
s649997242,p02982,u969708690,1591582225,Python,Python (3.4.3),py,Accepted,18,3064,368,
s124471172,p02982,u092387689,1591577290,Python,Python (3.4.3),py,Accepted,18,3064,436,
s462674579,p02982,u519832983,1591559617,Python,Python (3.4.3),py,Accepted,39,3064,343,
s612007956,p02982,u519832983,1591559576,Python,Python (3.4.3),py,Wrong Answer,41,3064,382,
s290839572,p02982,u940780117,1591559510,Python,Python (3.4.3),py,Accepted,18,3064,333,
s868403177,p02982,u940780117,1591559243,Python,Python (3.4.3),py,Wrong Answer,18,3064,337,
s886968844,p02982,u662185644,1591538462,C++,C++14 (GCC 5.4.1),cpp,Accepted,1,256,777,
s418994212,p02982,u311014146,1591528072,C++,C++14 (GCC 5.4.1),cpp,Accepted,1,256,1433,
s424715120,p02982,u531220228,1591523400,Python,Python (3.4.3),py,Accepted,149,12500,276,
s532767315,p02982,u730769327,1591513822,Python,PyPy3 (2.4.0),py,Accepted,165,38256,414,
s046664753,p02982,u564770050,1591492244,Python,Python (3.4.3),py,Accepted,18,3064,372,
s330605839,p02982,u926025622,1591485620,C++,C++14 (GCC 5.4.1),cpp,Accepted,1,256,972,
s567043124,p02982,u013513417,1591483792,Python,Python (3.4.3),py,Accepted,18,3064,496,
s324064056,p02982,u325119213,1591475804,Python,Python (3.4.3),py,Accepted,18,3064,395,
s575374777,p02982,u721094090,1591461947,C++,C++14 (GCC 5.4.1),cpp,Accepted,2,384,843,
s678233326,p02982,u375948148,1591458241,C++,C++14 (GCC 5.4.1),cpp,Accepted,1,256,554,
s395812133,p02982,u729703601,1591446933,C++,C++14 (GCC 5.4.1),cpp,Accepted,1,256,549,
s913827295,p02982,u729703601,1591446888,C++,C++14 (GCC 5.4.1),cpp,Wrong Answer,1,256,570,
s519281781,p02982,u624830211,1591446475,C++,C++14 (GCC 5.4.1),cpp,Accepted,1,256,743,
s925867212,p02982,u329213964,1591426866,C++,C++14 (GCC 5.4.1),cpp,Accepted,1,256,724,
s926785493,p02982,u029404735,1591421321,Java,Java8 (OpenJDK 1.8.0),java,Accepted,109,22996,560,
s176838683,p02982,u294721290,1591418490,Python,Python (3.4.3),py,Accepted,17,3064,339,
s550959604,p02982,u110044127,1591418403,C++,C++14 (GCC 5.4.1),cpp,Accepted,1,256,1214,
s296470875,p02982,u934119021,1591412114,Python,Python (3.4.3),py,Accepted,17,3064,384,
s328399419,p02982,u569361260,1591408952,C++,C++14 (GCC 5.4.1),cpp,Accepted,1,256,614,
s795800600,p02982,u306482197,1591408161,C++,C++14 (GCC 5.4.1),cpp,Accepted,3,512,396,
s324755922,p02982,u306482197,1591408107,C++,C++14 (GCC 5.4.1),cpp,Compile Error,,,396,
s887727005,p02982,u306482197,1591408073,C++,C++14 (GCC 5.4.1),cpp,Compile Error,,,396,
s190598162,p02982,u306482197,1591408039,C++,C++14 (GCC 5.4.1),cpp,Compile Error,,,388,
s942365175,p02982,u920694585,1591402721,Python,Python (3.4.3),py,Accepted,17,3064,332,
s422403475,p02982,u047572420,1591401150,Ruby,Ruby (2.3.3),rb,Accepted,7,3836,401,
s176928580,p02982,u342869120,1591392699,Python,PyPy3 (2.4.0),py,Accepted,181,38640,331,
s267504049,p02982,u600261652,1591388236,Python,Python (3.4.3),py,Accepted,19,3188,443,
s340969804,p02982,u600261652,1591388181,Python,Python (3.4.3),py,Accepted,18,3188,448,
s409854990,p02982,u600261652,1591387652,Python,Python (3.4.3),py,Wrong Answer,18,3064,465,
s771403792,p02982,u414558682,1591385774,Python,Python (3.4.3),py,Accepted,18,3064,461,
s271665112,p02982,u080608919,1591384129,C++,C++14 (GCC 5.4.1),cpp,Accepted,1,256,799,
s245911868,p02982,u616794313,1591383934,C++,C++14 (GCC 5.4.1),cpp,Accepted,1,256,2244,
s342472788,p02982,u834753207,1591382864,C++,C++14 (GCC 5.4.1),cpp,Accepted,1,256,464,
s038650104,p02982,u172147273,1591368751,Python,Python (3.4.3),py,Accepted,18,3064,407,
s337811497,p02982,u869790980,1591346986,Python,PyPy2 (5.6.0),py,Accepted,40,29292,351,
s552599663,p02982,u114407770,1591333181,C++,C++14 (GCC 5.4.1),cpp,Accepted,1,256,452,
s408843560,p02982,u474180590,1591327851,C++,C++14 (GCC 5.4.1),cpp,Accepted,1,256,650,
s892443848,p02982,u894496005,1591323437,C++,C++14 (GCC 5.4.1),cpp,Accepted,1,256,490,
s512157922,p02982,u410888565,1591315604,C++,C++14 (GCC 5.4.1),cpp,Accepted,1,256,554,
s706024975,p02982,u410888565,1591315183,C++,C++14 (GCC 5.4.1),cpp,Wrong Answer,1,256,553,
s789867072,p02982,u410888565,1591314976,C++,C++14 (GCC 5.4.1),cpp,Wrong Answer,1,256,555,
s636915830,p02982,u410888565,1591314899,C++,C++14 (GCC 5.4.1),cpp,Compile Error,,,555,
s400771368,p02982,u410888565,1591314769,C++,C++14 (GCC 5.4.1),cpp,Wrong Answer,2,256,493,
s545384855,p02982,u238940874,1591308755,Python,Python (3.4.3),py,Accepted,18,3064,306,
s786243327,p02982,u094861294,1591307299,C++,C++14 (GCC 5.4.1),cpp,Accepted,1,256,583,
s391265315,p02982,u442855610,1591307213,C++,C++14 (GCC 5.4.1),cpp,Accepted,1,256,554,
s439972830,p02982,u319329587,1591306632,C++,C++14 (GCC 5.4.1),cpp,Accepted,1,256,1760,
s889039791,p02982,u730499268,1591299156,C++,C++14 (GCC 5.4.1),cpp,Accepted,1,256,776,
s469851984,p02982,u941645670,1591298973,Python,Python (3.4.3),py,Accepted,18,3064,370,
s568224221,p02982,u027855659,1591297336,Python,Python (3.4.3),py,Accepted,18,3064,670,
s040240414,p02982,u259861571,1591296286,Python,Python (3.4.3),py,Accepted,18,3060,333,
s296512301,p02982,u027946359,1591284254,C++,C++14 (GCC 5.4.1),cpp,Accepted,1,256,1610,
s067381768,p02982,u027946359,1591283788,C++,C++14 (GCC 5.4.1),cpp,Wrong Answer,1,256,990,
s863271058,p02982,u334984353,1591280968,C++,C++14 (GCC 5.4.1),cpp,Accepted,1,256,554,
s456446126,p02982,u501451051,1591272875,Python,Python (3.4.3),py,Accepted,17,3188,347,
s264137625,p02982,u156383602,1591263550,Python,Python (3.4.3),py,Accepted,18,3188,318,
s983948908,p02982,u551437236,1591261431,Python,Python (3.4.3),py,Accepted,18,3064,354,
s748028952,p02982,u411353821,1591239496,Python,Python (3.4.3),py,Accepted,19,3188,482,
s321649268,p02982,u946346344,1591238899,Python,Python (3.4.3),py,Accepted,18,3064,518,
s286727542,p02982,u799751074,1591238713,C++,C++14 (GCC 5.4.1),cpp,Accepted,1,256,758,
s320229535,p02982,u056358163,1591237063,Python,Python (3.4.3),py,Accepted,19,3064,438,
s953719593,p02982,u344065503,1591237002,Python,PyPy3 (2.4.0),py,Runtime Error,177,38256,265,
s764630697,p02982,u723792785,1591225131,Python,Python (3.4.3),py,Accepted,22,4084,281,
s069658512,p02982,u304829684,1591223944,C++,C++14 (GCC 5.4.1),cpp,Accepted,1,256,2226,
s131069993,p02982,u442855610,1591221038,C++,C++14 (GCC 5.4.1),cpp,Accepted,1,256,593,
s439843917,p02982,u442855610,1591221013,C++,C++14 (GCC 5.4.1),cpp,Compile Error,,,592,
s350183873,p02982,u442855610,1591220634,C++,C++14 (GCC 5.4.1),cpp,Compile Error,,,533,
s529820218,p02982,u390727364,1591216984,Python,PyPy3 (2.4.0),py,Accepted,174,38384,477,
s533570985,p02982,u026788530,1591207687,Python,Python (3.4.3),py,Accepted,18,3188,339,
s371834908,p02982,u026788530,1591207513,Python,Python (3.4.3),py,Runtime Error,18,3316,331,
s630252462,p02982,u941022948,1591206252,Python,PyPy3 (2.4.0),py,Accepted,173,38384,434,
s936906613,p02982,u554080150,1591205081,C++,C++14 (GCC 5.4.1),cpp,Accepted,1,256,858,
s667946545,p02982,u319279308,1591203592,C++,C++14 (GCC 5.4.1),cpp,Accepted,1,256,903,
s239858733,p02982,u026788530,1591203587,Python,Python (3.4.3),py,Runtime Error,17,3064,329,
s844092108,p02982,u026788530,1591203561,Python,Python (3.4.3),py,Runtime Error,18,3064,328,
s412761755,p02982,u026788530,1591203251,Python,Python (3.4.3),py,Runtime Error,17,3064,313,
s337131161,p02982,u271752889,1591201818,Python,Python (3.4.3),py,Accepted,18,3064,394,
s123186093,p02982,u742899538,1591191873,Python,Python (3.4.3),py,Accepted,17,3188,412,
s772296028,p02982,u288435405,1591182215,Kotlin,Kotlin (1.0.0),kt,Accepted,244,36416,635,
s733436547,p02982,u505018470,1591155898,C++,C++14 (GCC 5.4.1),cpp,Accepted,1,256,915,
s250526863,p02982,u018312242,1591152353,Haskell,Haskell (GHC 7.10.3),hs,Accepted,2,508,854,
s543566100,p02982,u265456454,1591150186,C++,C++14 (GCC 5.4.1),cpp,Accepted,1,256,795,
s734698525,p02982,u762148180,1591119170,C++,C++14 (GCC 5.4.1),cpp,Accepted,1,256,726,
s582141190,p02982,u713914478,1591118031,Python,Python (3.4.3),py,Accepted,18,3064,499,
s946084854,p02982,u169799324,1591110851,C,C (GCC 5.4.1),c,Accepted,1,128,739,
s044313826,p02982,u169799324,1591109154,C,C (GCC 5.4.1),c,Wrong Answer,1,128,739,
s447218447,p02982,u169799324,1591109069,C,C (GCC 5.4.1),c,Wrong Answer,1,128,738,
s245441183,p02982,u506417357,1591106006,C++,C++14 (GCC 5.4.1),cpp,Accepted,1,256,1378,
s448033710,p02982,u323522006,1591064828,Kotlin,Kotlin (1.0.0),kt,Accepted,200,29480,629,
s728181437,p02982,u014268998,1591043280,Python,Python (3.4.3),py,Accepted,24,3064,313,
s011697731,p02982,u169799324,1591037458,C,C (GCC 5.4.1),c,Accepted,1,256,709,
s996722151,p02982,u169799324,1591037421,C,C (GCC 5.4.1),c,Compile Error,,,743,
s252502429,p02982,u169799324,1591035873,C,C (GCC 5.4.1),c,Compile Error,,,566,
s542382214,p02982,u517348254,1591033440,C++,C++14 (GCC 5.4.1),cpp,Accepted,1,256,1246,
s005833911,p02982,u517348254,1591033359,C++,C++14 (GCC 5.4.1),cpp,Wrong Answer,1,256,1245,
s639609540,p02982,u937238023,1591018256,C++,C++14 (GCC 5.4.1),cpp,Accepted,1,256,1058,
s335290976,p02982,u937238023,1591018110,C++,C++14 (GCC 5.4.1),cpp,Accepted,2,256,996,
s439102403,p02982,u937238023,1591017581,C++,C++14 (GCC 5.4.1),cpp,Wrong Answer,1,256,1054,
s390405480,p02982,u041777697,1591004206,C++,C++14 (GCC 5.4.1),cpp,Accepted,1,256,984,
s140442221,p02982,u041777697,1591003860,C++,C++14 (GCC 5.4.1),cpp,Wrong Answer,1,256,1154,
s897232735,p02982,u265359795,1590969708,C++,C++14 (GCC 5.4.1),cpp,Accepted,1,256,509,
s174727368,p02982,u014854522,1590962157,C++,C++14 (GCC 5.4.1),cpp,Accepted,1,256,817,
s562064174,p02982,u070471279,1590961804,C++,C++14 (GCC 5.4.1),cpp,Accepted,1,256,964,
s981132395,p02982,u234189749,1590960853,Python,Python (3.4.3),py,Accepted,18,3188,275,
s893648071,p02982,u937238023,1590959203,C++,C++14 (GCC 5.4.1),cpp,Wrong Answer,1,256,1054,
s305161019,p02982,u055245731,1590958749,C++,C++14 (GCC 5.4.1),cpp,Accepted,1,256,1195,
s208564719,p02982,u393658518,1590958596,C++,C++14 (GCC 5.4.1),cpp,Accepted,1,256,748,
s704606998,p02982,u055245731,1590958356,C++,C++14 (GCC 5.4.1),cpp,Accepted,1,256,1201,
s494403682,p02982,u563952871,1590958316,Python,Python (3.4.3),py,Accepted,18,3064,342,
s178296279,p02982,u032004842,1590957148,C,C (GCC 5.4.1),c,Accepted,1,128,668,
s861881442,p02982,u748795013,1590955629,C++,C++14 (GCC 5.4.1),cpp,Accepted,1,256,650,
s752215954,p02982,u490965711,1590948965,C++,C++ (GCC 5.4.1),cpp,Accepted,1,256,519,
s258213225,p02982,u271743799,1590939942,C++,C++14 (GCC 5.4.1),cpp,Accepted,1,256,607,
s735809835,p02982,u711193305,1590931584,C++,C++14 (GCC 5.4.1),cpp,Accepted,1,256,543,
s325155959,p02982,u095200025,1590921964,Java,Java8 (OpenJDK 1.8.0),java,Accepted,109,21716,654,
s416398537,p02982,u095200025,1590921879,Java,Java8 (OpenJDK 1.8.0),java,Accepted,109,21844,641,
s419823397,p02982,u796102246,1590913872,Python,Python (3.4.3),py,Accepted,18,3064,377,
s688463335,p02982,u152577008,1590887367,C++,C++14 (GCC 5.4.1),cpp,Accepted,1,256,7103,
s652084787,p02982,u201387466,1590885604,Python,Python (3.4.3),py,Accepted,41,5084,1326,
s647470458,p02982,u654978737,1590884986,C++,C++14 (GCC 5.4.1),cpp,Wrong Answer,1,256,862,
s101948568,p02982,u654978737,1590884686,C++,C++14 (GCC 5.4.1),cpp,Wrong Answer,1,256,854,
s074114568,p02982,u854685063,1590884196,Python,Python (3.4.3),py,Accepted,18,3064,776,
s872389581,p02982,u935254309,1590879925,Python,Python (3.4.3),py,Accepted,18,3188,444,
s647266899,p02982,u986568278,1590875446,C++,C++14 (GCC 5.4.1),cpp,Accepted,1,256,821,
s839209443,p02982,u330131083,1590874365,C++,C++14 (GCC 5.4.1),cpp,Accepted,1,256,484,
s137098348,p02982,u162326103,1590873807,Go,Go (1.6),go,Accepted,1,512,497,
s405891035,p02982,u778867542,1590851924,C++,C++14 (GCC 5.4.1),cpp,Accepted,1,256,870,
s087724893,p02982,u580316619,1590841649,Python,Python (3.4.3),py,Accepted,18,3064,269,
s565224854,p02982,u432487773,1590819090,C++,C++14 (GCC 5.4.1),cpp,Accepted,1,256,1104,
s858228602,p02982,u132892633,1590809802,Python,Python (3.4.3),py,Accepted,18,3188,398,
s681924334,p02982,u723792785,1590806532,Python,Python (3.4.3),py,Accepted,17,3064,312,
s137515548,p02982,u723792785,1590806493,Python,Python (3.4.3),py,Wrong Answer,17,3064,312,
s415017977,p02982,u685978216,1590806276,Java,Java8 (OpenJDK 1.8.0),java,Accepted,72,23252,3321,
s650232045,p02982,u685978216,1590806207,Java,Java8 (OpenJDK 1.8.0),java,Runtime Error,81,22740,3319,
s650743407,p02982,u742729271,1590787736,Python,Python (3.4.3),py,Accepted,18,3064,333,
s402030086,p02982,u538808095,1590778938,C++,C++14 (GCC 5.4.1),cpp,Accepted,1,256,530,
s067394382,p02982,u595084562,1590773140,C++,C++14 (GCC 5.4.1),cpp,Accepted,1,256,718,
s198853930,p02982,u007886915,1590771475,Python,Python (3.4.3),py,Accepted,157,13616,12097,
s937410302,p02982,u931394483,1590748548,Python,Python (3.4.3),py,Accepted,18,3064,368,
s120095350,p02982,u692550512,1590730900,C++,C++14 (GCC 5.4.1),cpp,Accepted,1,256,527,
s330811802,p02982,u692550512,1590730774,C++,C++14 (GCC 5.4.1),cpp,Wrong Answer,1,256,546,
s074133235,p02982,u349444371,1590716399,Python,Python (3.4.3),py,Accepted,18,3064,321,
s043311846,p02982,u759987571,1590711725,C++,C++14 (GCC 5.4.1),cpp,Accepted,1,256,659,
s222894037,p02982,u198930868,1590711228,Python,Python (3.4.3),py,Accepted,18,3064,280,
s316057143,p02982,u364862909,1590701311,Python,Python (3.4.3),py,Accepted,59,3064,368,
s034491364,p02982,u918599282,1590699513,C,C (GCC 5.4.1),c,Accepted,1,128,6175,
s590579197,p02982,u339430228,1590699186,C++,C++14 (GCC 5.4.1),cpp,Accepted,1,256,1294,
s180695185,p02982,u810288681,1590695223,Python,Python (3.4.3),py,Accepted,18,3064,304,
s483784926,p02982,u538361257,1590688013,Python,Python (3.4.3),py,Accepted,18,3064,387,
s324467386,p02982,u312666261,1590679966,C++,C++14 (GCC 5.4.1),cpp,Accepted,1,256,1162,
s082210033,p02982,u958323734,1590643080,C++,C++14 (GCC 5.4.1),cpp,Accepted,2,256,879,
s749641004,p02982,u992471673,1590638997,C++,C++14 (GCC 5.4.1),cpp,Accepted,1,256,651,
s080757434,p02982,u061898182,1590635127,C++,C++14 (Clang 3.8.0),cpp,Accepted,5,504,912,
s296792361,p02982,u918599282,1590633197,C,C (GCC 5.4.1),c,Wrong Answer,1,128,6376,
s515920614,p02982,u918599282,1590632273,C,C (GCC 5.4.1),c,Wrong Answer,1,128,6359,
s097698952,p02982,u918599282,1590631984,C,C (GCC 5.4.1),c,Wrong Answer,1,128,6359,
s426206038,p02982,u741815956,1590630049,C++,C++14 (GCC 5.4.1),cpp,Accepted,1,256,743,
s939407806,p02982,u741815956,1590629936,C++,C++14 (GCC 5.4.1),cpp,Accepted,3,256,743,
s230609022,p02982,u538283043,1590629698,Java,Java7 (OpenJDK 1.7.0),java,Accepted,110,22740,734,
s310456957,p02982,u495667483,1590625794,Python,PyPy3 (2.4.0),py,Accepted,179,38384,319,
s645353782,p02982,u511457539,1590620096,Python,Python (3.4.3),py,Accepted,18,3188,317,
s502607714,p02982,u888092736,1590618167,Python,Python (3.4.3),py,Accepted,18,3060,307,
s180690779,p02982,u888092736,1590617901,Python,Python (3.4.3),py,Wrong Answer,17,3060,299,
s428064547,p02982,u888092736,1590617750,Python,Python (3.4.3),py,Wrong Answer,18,3060,302,
s594636369,p02982,u656341025,1590612909,Python,Python (3.4.3),py,Accepted,17,3064,377,
s545617726,p02982,u928758473,1590612107,Python,Python (3.4.3),py,Accepted,36,5068,936,
s639642796,p02982,u016334391,1590602315,C++,C++14 (GCC 5.4.1),cpp,Accepted,1,256,562,
s998781331,p02982,u016334391,1590602245,C++,C++14 (GCC 5.4.1),cpp,Accepted,1,256,562,
s870820746,p02982,u657913472,1590601965,Bash,Bash (GNU bash v4.3.11),sh,Accepted,130,632,310,
s887398126,p02982,u657913472,1590601924,Bash,Bash (GNU bash v4.3.11),sh,Wrong Answer,100,880,309,
s290250220,p02982,u657913472,1590601905,Bash,Bash (GNU bash v4.3.11),sh,Wrong Answer,93,756,309,
s239505484,p02982,u394961950,1590550064,C++,C++14 (GCC 5.4.1),cpp,Accepted,1,256,935,
s373515813,p02982,u175590965,1590545160,Python,Python (3.4.3),py,Accepted,18,3064,292,
s370428141,p02982,u175590965,1590545001,Python,Python (3.4.3),py,Wrong Answer,18,3188,304,
s373704582,p02982,u175590965,1590544571,Python,Python (3.4.3),py,Runtime Error,17,3064,304,
s124589501,p02982,u551325550,1590540946,Java,Java8 (OpenJDK 1.8.0),java,Accepted,109,22228,870,
s503860280,p02982,u859436937,1590538127,C++,C++14 (GCC 5.4.1),cpp,Accepted,1,256,770,
s044761858,p02982,u954382202,1590535008,C,C (GCC 5.4.1),c,Accepted,1,128,850,
s823972078,p02982,u619677540,1590532742,C,C (GCC 5.4.1),c,Accepted,1,128,807,
s202755474,p02982,u218707541,1590526617,C++,C++14 (GCC 5.4.1),cpp,Accepted,1,256,901,
s730465645,p02982,u642883360,1590524153,Python,PyPy3 (2.4.0),py,Accepted,182,38384,250,
s241492487,p02982,u839231844,1590504620,C++,C++14 (GCC 5.4.1),cpp,Accepted,1,256,746,
s280934236,p02982,u596385287,1590475737,C++,C++14 (GCC 5.4.1),cpp,Accepted,1,256,894,
s570175607,p02982,u920103253,1590473383,Python,Python (3.4.3),py,Accepted,18,3064,1033,
s846758988,p02982,u091367113,1590473235,Ruby,Ruby (2.3.3),rb,Accepted,7,1788,322,
s108341215,p02982,u237390401,1590468036,C++,C++14 (GCC 5.4.1),cpp,Accepted,1,256,728,
s681795608,p02982,u237390401,1590467823,C++,C++14 (GCC 5.4.1),cpp,Wrong Answer,1,256,727,
s545603482,p02982,u539692012,1590464302,Python,Python (3.4.3),py,Accepted,19,3064,413,
s988780471,p02982,u371385198,1590463129,Python,Python (3.4.3),py,Accepted,18,3188,306,
s663134563,p02982,u842747358,1590461171,Python,Python (3.4.3),py,Accepted,17,3064,403,
s280541379,p02982,u958873500,1590459079,C++,C++14 (GCC 5.4.1),cpp,Accepted,1,256,1082,
s252838072,p02982,u694422786,1590448823,C++,C++14 (Clang 3.8.0),cpp,Accepted,1,256,2297,
s620270264,p02982,u252211543,1590441864,C++,C++14 (GCC 5.4.1),cpp,Accepted,1,256,579,
s212798424,p02982,u760831084,1590440610,Python,Python (3.4.3),py,Accepted,18,3064,359,
s192793146,p02982,u149991748,1590438321,Python,Python (3.4.3),py,Accepted,17,3064,384,
s190203667,p02982,u328136010,1590434808,Python,Python (3.4.3),py,Accepted,18,3064,477,
s718336698,p02982,u453642820,1590425065,Python,Python (3.4.3),py,Accepted,153,12428,265,
s894905976,p02982,u137226361,1590423871,Python,Python (3.4.3),py,Accepted,18,3064,556,
s690174505,p02982,u889173297,1590419697,C++,C++14 (GCC 5.4.1),cpp,Accepted,1,256,509,
s678333477,p02982,u889173297,1590419631,C++,C++14 (GCC 5.4.1),cpp,Wrong Answer,1,256,495,
s420700166,p02982,u889173297,1590419480,C++,C++14 (GCC 5.4.1),cpp,Compile Error,,,493,
s980481088,p02982,u383450070,1590405846,Python,Python (3.4.3),py,Accepted,161,13016,288,
s958075508,p02982,u401139594,1590371125,C++,C++14 (GCC 5.4.1),cpp,Accepted,1,256,676,
s243631635,p02982,u955691979,1590365210,Python,PyPy3 (2.4.0),py,Accepted,184,38384,366,
s130746913,p02982,u436660228,1590362812,C++,C++14 (GCC 5.4.1),cpp,Accepted,1,256,559,
s277383021,p02982,u436660228,1590362605,C++,C++14 (GCC 5.4.1),cpp,Runtime Error,99,256,559,
s629352363,p02982,u000022466,1590347790,C++,C++14 (GCC 5.4.1),cpp,Accepted,1,256,709,
s147882301,p02982,u767527520,1590346376,Rust,Rust (1.15.1),rs,Accepted,2,4352,2280,
s366710826,p02982,u077104253,1590341735,C++,C++14 (GCC 5.4.1),cpp,Accepted,1,256,769,
s823142990,p02982,u798260206,1590341247,Python,Python (3.4.3),py,Accepted,18,3188,310,
s407556501,p02982,u635508156,1590330645,C,C (GCC 5.4.1),c,Accepted,1,128,1512,
s496161295,p02982,u479060428,1590303261,C++,C++14 (GCC 5.4.1),cpp,Accepted,1,256,663,
s762341712,p02982,u479060428,1590303084,C++,C++14 (GCC 5.4.1),cpp,Wrong Answer,1,256,665,
s090836710,p02982,u479060428,1590303058,C++,C++14 (Clang 3.8.0),cpp,Wrong Answer,7,888,665,
s193761686,p02982,u834753207,1590281657,C++,C++14 (GCC 5.4.1),cpp,Wrong Answer,3,512,416,
s707229049,p02982,u834753207,1590281492,C++,C++14 (GCC 5.4.1),cpp,Wrong Answer,2,384,420,
s338559456,p02982,u834753207,1590281431,C++,C++14 (GCC 5.4.1),cpp,Compile Error,,,416,
s530801532,p02982,u834753207,1590281395,C++,C++14 (GCC 5.4.1),cpp,Compile Error,,,415,
s276495559,p02982,u734397606,1590263336,C++,C++14 (GCC 5.4.1),cpp,Accepted,1,256,5526,
s714753130,p02982,u961500618,1590250783,C++,C++14 (GCC 5.4.1),cpp,Accepted,1,256,367,
s296711179,p02982,u038021590,1590250186,Python,PyPy3 (2.4.0),py,Accepted,181,38384,303,
s935164950,p02982,u054184606,1590209567,C++,C++14 (Clang 3.8.0),cpp,Accepted,4,504,439,
s389543095,p02982,u760748346,1590207197,C++,C++14 (GCC 5.4.1),cpp,Accepted,1,256,722,
s374639830,p02982,u197955752,1590204904,Python,Python (3.4.3),py,Accepted,18,3064,323,
s625071590,p02982,u102223485,1590204815,Python,Python (3.4.3),py,Accepted,18,3060,321,
s541813739,p02982,u629350026,1590202005,Python,Python (3.4.3),py,Accepted,18,3064,291,
s243708428,p02982,u315542000,1590194768,C++,C++14 (GCC 5.4.1),cpp,Accepted,1,256,531,
s496432601,p02982,u021083776,1590193181,C++,C++14 (GCC 5.4.1),cpp,Accepted,1401,384,612,
s625251249,p02982,u872581897,1590192504,C++,C++14 (GCC 5.4.1),cpp,Accepted,1,256,550,
s683191577,p02982,u475843109,1590192334,C++,C++14 (GCC 5.4.1),cpp,Accepted,1,256,714,
s128123041,p02982,u965730380,1590192202,C++,C++14 (GCC 5.4.1),cpp,Accepted,1,256,1136,
s058064459,p02982,u190873802,1590183358,Python,Python (3.4.3),py,Accepted,18,3188,421,
s628620210,p02982,u803101149,1590175516,C,C (GCC 5.4.1),c,Accepted,1,128,758,
s335893869,p02982,u803101149,1590175204,C,C (GCC 5.4.1),c,Wrong Answer,1,128,765,
s584456341,p02982,u579015878,1590174955,Python,Python (3.4.3),py,Accepted,18,3064,279,
s396461481,p02982,u803101149,1590174912,C,C (GCC 5.4.1),c,Wrong Answer,2,384,774,
s577872009,p02982,u982939392,1590173867,C,C (GCC 5.4.1),c,Accepted,1,128,1163,
s278585886,p02982,u803101149,1590171623,C,C (GCC 5.4.1),c,Wrong Answer,1,128,759,
s547509537,p02982,u803101149,1590171245,C,C (GCC 5.4.1),c,Wrong Answer,2,384,749,
s153002753,p02982,u277956366,1590164250,C++,C++14 (GCC 5.4.1),cpp,Accepted,1,256,609,
s135284611,p02982,u486105630,1590143295,C++,C++14 (GCC 5.4.1),cpp,Accepted,1,256,1215,
s590305574,p02982,u486105630,1590142740,C++,C++14 (GCC 5.4.1),cpp,Accepted,1,256,1398,
s201472646,p02982,u803101149,1590126489,C,C (GCC 5.4.1),c,Wrong Answer,1,128,679,
s078702799,p02982,u628707847,1590125632,Python,Python (3.4.3),py,Accepted,18,3064,367,
s647387315,p02982,u254221913,1590116218,Python,Python (3.4.3),py,Accepted,19,3064,380,
s117221419,p02982,u794753968,1590116006,Java,Java8 (OpenJDK 1.8.0),java,Accepted,116,21844,877,
s861575010,p02982,u116038906,1590115504,Python,Python (3.4.3),py,Accepted,18,3064,445,
s043971540,p02982,u344988629,1590115502,C++,C++14 (GCC 5.4.1),cpp,Accepted,1,256,640,
s012234370,p02982,u344988629,1590115233,C++,C++14 (GCC 5.4.1),cpp,Runtime Error,98,256,640,
s637277295,p02982,u166378830,1590110373,C++,C++14 (GCC 5.4.1),cpp,Accepted,1,256,597,
s693330517,p02982,u166378830,1590110037,C++,C++14 (GCC 5.4.1),cpp,Wrong Answer,1,256,569,
s830778413,p02982,u680503348,1590109790,Python,Python (3.4.3),py,Accepted,18,3064,822,
s267952856,p02982,u488178971,1590109199,Python,Python (3.4.3),py,Accepted,18,3064,321,
s466995703,p02982,u521712919,1590098898,C++,C++14 (GCC 5.4.1),cpp,Accepted,2,512,514,
s218360660,p02982,u658901072,1590060810,C++,C++14 (GCC 5.4.1),cpp,Accepted,1,256,652,
s900933007,p02982,u658901072,1590058735,C++,C++14 (GCC 5.4.1),cpp,Wrong Answer,1,256,652,
s908249315,p02982,u947485517,1590056499,C++,C++14 (GCC 5.4.1),cpp,Accepted,1,256,545,
s724200300,p02982,u557934154,1590040212,C++,C++14 (GCC 5.4.1),cpp,Accepted,1,256,869,
s654259532,p02982,u104613587,1590036099,C++,C++14 (GCC 5.4.1),cpp,Accepted,1,256,465,
s543697279,p02982,u829403090,1590030848,C++,C++14 (GCC 5.4.1),cpp,Accepted,1,256,762,
s794998616,p02982,u829403090,1590030780,C++,C++14 (GCC 5.4.1),cpp,Compile Error,,,762,
s831739627,p02982,u934469795,1590023816,C++,C++14 (GCC 5.4.1),cpp,Accepted,1,256,522,
s350765072,p02982,u205087376,1590012323,Python,Python (3.4.3),py,Accepted,17,3060,309,
s292164917,p02982,u205087376,1590012036,Python,Python (3.4.3),py,Wrong Answer,18,3064,302,
s339312991,p02982,u205087376,1590011981,Python,Python (3.4.3),py,Wrong Answer,20,3064,303,
s934435358,p02982,u205087376,1590011814,Python,Python (3.4.3),py,Wrong Answer,19,3064,309,
s806827570,p02982,u205087376,1590011717,Python,Python (3.4.3),py,Wrong Answer,18,3064,297,
s637640411,p02982,u205087376,1590011682,Python,Python (3.4.3),py,Wrong Answer,18,3064,298,
s468328830,p02982,u539011156,1590010373,C++,C++14 (GCC 5.4.1),cpp,Accepted,1,256,453,
s785366216,p02982,u205087376,1590010354,Python,Python (3.4.3),py,Runtime Error,18,3064,268,
s375790820,p02982,u449514925,1590007474,Python,PyPy3 (2.4.0),py,Accepted,171,38384,593,
s197051431,p02982,u346040900,1590004369,C++,C++14 (GCC 5.4.1),cpp,Accepted,1,256,700,
s319609633,p02982,u346040900,1590004060,C++,C++14 (GCC 5.4.1),cpp,Wrong Answer,1,256,675,
s447237322,p02982,u369712616,1590002865,C++,C++14 (GCC 5.4.1),cpp,Accepted,1,256,478,
s422615587,p02982,u209457657,1589999300,C++,C++14 (GCC 5.4.1),cpp,Accepted,1,256,456,
s420526875,p02982,u209457657,1589998978,C++,C++14 (GCC 5.4.1),cpp,Accepted,1,256,452,
s152111523,p02982,u250554058,1589961811,Python,PyPy3 (2.4.0),py,Accepted,163,38384,315,
s765628680,p02982,u810288681,1589944938,Python,Python (3.4.3),py,Accepted,18,3064,308,
s540430425,p02982,u124119858,1589943346,Kotlin,Kotlin (1.0.0),kt,Compile Error,,,777,
s147066858,p02982,u748819456,1589941086,C++,C++14 (GCC 5.4.1),cpp,Accepted,1,256,568,
s522663331,p02982,u161892443,1589938951,C++,C++14 (GCC 5.4.1),cpp,Accepted,1,256,740,
s622615659,p02982,u014333473,1589938748,Python,Python (3.4.3),py,Accepted,18,3064,381,
s796326067,p02982,u319965179,1589937111,C++,C++14 (GCC 5.4.1),cpp,Accepted,2,384,633,
s585159913,p02982,u891218252,1589936378,Python,Python (3.4.3),py,Accepted,17,3064,404,
s700254016,p02982,u418420470,1589932146,Python,Python (3.4.3),py,Accepted,18,3064,295,
s498345138,p02982,u521272340,1589916816,C++,C++14 (GCC 5.4.1),cpp,Accepted,1,256,5776,
s916703908,p02982,u500376440,1589904211,C++,C++14 (GCC 5.4.1),cpp,Accepted,1,256,602,
s979521307,p02982,u225581241,1589896303,C++,C++14 (GCC 5.4.1),cpp,Accepted,5,1024,1121,
s885214484,p02982,u762019716,1589894914,Java,Java8 (OpenJDK 1.8.0),java,Accepted,96,23252,1907,
s498981665,p02982,u455957070,1589892566,Python,Python (3.4.3),py,Accepted,18,3064,340,
s585715005,p02982,u058781705,1589890616,Python,PyPy3 (2.4.0),py,Accepted,189,38512,411,
s578289809,p02982,u592248346,1589851722,Python,Python (3.4.3),py,Accepted,17,3060,337,
s823288024,p02982,u592248346,1589851141,C++,C++14 (GCC 5.4.1),cpp,Accepted,1,256,585,
s558200002,p02982,u592248346,1589850400,C,C (GCC 5.4.1),c,Accepted,1,128,541,
s267015440,p02982,u869728296,1589848497,Java,Java8 (OpenJDK 1.8.0),java,Accepted,113,23124,658,
s796544385,p02982,u988606100,1589845972,C++,C++14 (GCC 5.4.1),cpp,Accepted,1,256,952,
s893471055,p02982,u284363684,1589825313,Python,Python (3.4.3),py,Accepted,19,3064,333,
s526857751,p02982,u448720391,1589816255,Python,Python (3.4.3),py,Accepted,18,3064,382,
s206353160,p02982,u351264758,1589813429,Python,Python (3.4.3),py,Accepted,18,3064,377,
s002054510,p02982,u991134049,1589812821,Python,PyPy3 (2.4.0),py,Accepted,176,38640,306,
s063236253,p02982,u991134049,1589812627,Python,PyPy3 (2.4.0),py,Runtime Error,169,38768,300,
s145014002,p02982,u991134049,1589812523,Python,PyPy3 (2.4.0),py,Wrong Answer,193,38384,298,
s264557331,p02982,u991134049,1589812221,Python,PyPy3 (2.4.0),py,Wrong Answer,183,38256,302,
s417383995,p02982,u295420596,1589785891,C++,C++14 (GCC 5.4.1),cpp,Accepted,1,256,975,
s266129013,p02982,u265359795,1589763384,C++,C++14 (GCC 5.4.1),cpp,Wrong Answer,1,256,495,
s063472240,p02982,u265359795,1589763253,C++,C++14 (GCC 5.4.1),cpp,Wrong Answer,1,256,489,
s803871164,p02982,u534661831,1589763005,C++,C++14 (GCC 5.4.1),cpp,Accepted,1,256,815,
s290493732,p02982,u424544969,1589762768,C++,C++14 (GCC 5.4.1),cpp,Accepted,1,256,2408,
s689397712,p02982,u104005543,1589739721,Python,Python (3.4.3),py,Accepted,18,3064,333,
s607867924,p02982,u426764965,1589733836,Python,Python (3.4.3),py,Accepted,17,3064,399,
s706426207,p02982,u289578952,1589729232,C++,C++14 (GCC 5.4.1),cpp,Accepted,1,256,664,
s662624349,p02982,u462257825,1589720982,C++,C++14 (GCC 5.4.1),cpp,Accepted,1,256,821,
s631349353,p02982,u693378622,1589710309,Crystal,Crystal (0.20.5),cr,Accepted,2,2556,352,
s388788390,p02982,u693378622,1589710278,Ruby,Ruby (2.3.3),rb,Accepted,7,1788,352,
s705973975,p02982,u860789370,1589701627,Kotlin,Kotlin (1.0.0),kt,Accepted,243,37944,509,
s860142958,p02982,u825343780,1589695728,C++,C++14 (GCC 5.4.1),cpp,Accepted,1,256,790,
s529457578,p02982,u866594486,1589694495,Java,Java8 (OpenJDK 1.8.0),java,Accepted,110,21972,857,
s038196616,p02982,u766566560,1589685378,Python,Python (3.4.3),py,Accepted,18,3064,356,
s280539495,p02982,u766566560,1589685137,Python,Python (3.4.3),py,Wrong Answer,18,3064,348,
s719779414,p02982,u133583235,1589684220,Python,Python (3.4.3),py,Accepted,17,3064,290,
s740243447,p02982,u133583235,1589684131,Python,Python (3.4.3),py,Wrong Answer,18,3060,290,
s539571610,p02982,u240249402,1589682462,Python,PyPy3 (2.4.0),py,Accepted,177,38384,308,
s451793126,p02982,u394731058,1589681719,Python,Python (3.4.3),py,Accepted,18,3064,471,
s100524744,p02982,u465760322,1589678306,C++,C++14 (GCC 5.4.1),cpp,Accepted,1,256,1187,
s154238930,p02982,u086539505,1589677659,C++,C++14 (GCC 5.4.1),cpp,Accepted,1,256,581,
s282997578,p02982,u164081575,1589672478,C++,C++14 (GCC 5.4.1),cpp,Accepted,3,4992,1315,
s880000541,p02982,u488934106,1589670171,Python,Python (3.4.3),py,Accepted,18,3064,488,
s310601891,p02982,u488934106,1589669632,Python,Python (3.4.3),py,Wrong Answer,18,3064,539,
s214984680,p02982,u926412290,1589663366,Python,Python (3.4.3),py,Accepted,19,3064,330,
s177115255,p02982,u716660050,1589662659,Python,Python (3.4.3),py,Accepted,18,3188,374,
s533431667,p02982,u871244227,1589634766,Java,Java8 (OpenJDK 1.8.0),java,Accepted,72,22356,3612,
s447122659,p02982,u871244227,1589634308,Java,Java8 (OpenJDK 1.8.0),java,Accepted,73,22100,3579,
s891481657,p02982,u400662464,1589617250,C++,C++14 (GCC 5.4.1),cpp,Accepted,1,256,847,
s398746764,p02982,u492660436,1589614470,C++,C++14 (GCC 5.4.1),cpp,Accepted,1,256,2646,
s154278101,p02982,u766566560,1589598604,Python,Python (3.4.3),py,Runtime Error,17,3064,361,
s063504688,p02982,u766566560,1589598220,Python,Python (3.4.3),py,Wrong Answer,18,3064,366,
s660167581,p02982,u940622864,1589598154,Python,Python (3.4.3),py,Accepted,18,3064,330,
s858634648,p02982,u634079249,1589597242,Python,Python (3.4.3),py,Accepted,22,3316,1053,
s234563641,p02982,u766566560,1589597027,Python,Python (3.4.3),py,Wrong Answer,18,3064,315,
s592709671,p02982,u806976856,1589595208,Python,Python (3.4.3),py,Accepted,18,3060,230,
s300720548,p02982,u806976856,1589595039,Python,Python (3.4.3),py,Accepted,17,3060,246,
s837718617,p02982,u806976856,1589594775,Python,Python (3.4.3),py,Accepted,19,3316,263,
s828884500,p02982,u267222408,1589577386,C++,C++14 (GCC 5.4.1),cpp,Accepted,1,256,1428,
s333638491,p02982,u547099897,1589574787,C++,C++14 (GCC 5.4.1),cpp,Accepted,1,256,597,
s635887424,p02982,u929569377,1589551597,C++,C++14 (GCC 5.4.1),cpp,Accepted,1,256,540,
s787844430,p02982,u941047297,1589551323,Python,PyPy3 (2.4.0),py,Accepted,165,38256,372,
s251600711,p02982,u941047297,1589551294,Python,Python (3.4.3),py,Accepted,18,3064,372,
s987691205,p02982,u329785342,1589544082,C++,C++14 (GCC 5.4.1),cpp,Accepted,2,512,621,
s718835914,p02982,u342563578,1589515296,Python,PyPy3 (2.4.0),py,Accepted,168,38256,331,
s180800209,p02982,u053035261,1589512505,C++,C++14 (GCC 5.4.1),cpp,Accepted,1,256,1106,
s435898273,p02982,u133583235,1589512108,Python,Python (3.4.3),py,Accepted,18,3064,295,
s983739518,p02982,u671060652,1589511098,Python,PyPy3 (2.4.0),py,Accepted,285,63980,455,
s573529614,p02982,u959888075,1589506815,C#,C# (Mono 4.6.2.0),cs,Accepted,25,13396,15966,
s830634514,p02982,u572343785,1589503726,Python,Python (3.4.3),py,Accepted,19,3064,353,
s842392830,p02982,u572343785,1589503277,Python,Python (3.4.3),py,Accepted,18,3188,359,
s044633004,p02982,u805552010,1589498981,Python,Python (3.4.3),py,Accepted,153,12424,271,
s638811742,p02982,u519939795,1589494365,Python,Python (3.4.3),py,Accepted,152,12500,245,
s959516011,p02982,u519939795,1589494207,Python,Python (3.4.3),py,Accepted,18,3064,272,
s108105198,p02982,u519939795,1589494185,Python,Python (3.4.3),py,Accepted,151,12480,299,
s875237179,p02982,u771167374,1589484178,Python,Python (3.4.3),py,Accepted,18,3064,309,
s722055564,p02982,u771167374,1589484091,Python,Python (3.4.3),py,Wrong Answer,18,3064,308,
s708404692,p02982,u771167374,1589484028,Python,Python (3.4.3),py,Wrong Answer,18,3064,297,
s356765481,p02982,u191299753,1589476266,C++,C++14 (GCC 5.4.1),cpp,Accepted,1,256,985,
s188405482,p02982,u417360233,1589453156,C++,C++ (GCC 9.2.1),cpp,Accepted,3,3652,3472,
s762149607,p02982,u417360233,1589453044,C++,C++ (GCC 9.2.1),cpp,Wrong Answer,4,3616,3147,
s306273842,p02982,u973298467,1589436121,C++,C++ (GCC 9.2.1),cpp,Accepted,4,3596,520,
s867190447,p02982,u118647609,1589435466,C++,C++ (GCC 9.2.1),cpp,Accepted,3,3728,772,
s737619025,p02982,u387221709,1589430028,C++,C++ (GCC 9.2.1),cpp,Accepted,2,3612,794,
s450221462,p02982,u171356453,1589424988,Fortran,Fortran (GNU Fortran 9.2.1),f,Accepted,9,2844,537,
s195240275,p02982,u466332671,1589424304,Ruby,Ruby (2.7.1),rb,Accepted,60,14364,424,
s216430018,p02982,u466332671,1589424185,Ruby,Ruby (2.7.1),rb,Runtime Error,62,14372,424,
s999743671,p02982,u792720861,1589422271,C,C (GCC 5.4.1),c,Accepted,1,128,475,
s106869214,p02982,u776280752,1589421659,C++,C++14 (GCC 5.4.1),cpp,Accepted,1,256,600,
s407168308,p02982,u776280752,1589421408,C++,C++14 (GCC 5.4.1),cpp,Wrong Answer,1,256,598,
s267785660,p02982,u526639495,1589421347,C++,C++14 (GCC 5.4.1),cpp,Accepted,1,256,1174,
s627052350,p02982,u246139109,1589418938,Rust,Rust (1.15.1),rs,Accepted,2,4352,908,
s583125947,p02982,u085530099,1589414412,Python,Python (3.4.3),py,Accepted,18,3064,392,
s683091321,p02982,u007463213,1589409257,C++,C++14 (GCC 5.4.1),cpp,Accepted,1,384,674,
s972830045,p02982,u186506670,1589402650,C++,C++14 (GCC 5.4.1),cpp,Accepted,1,256,441,
s069842105,p02982,u215341636,1589394017,Python,Python (3.4.3),py,Accepted,18,3060,328,
s592479002,p02982,u531730314,1589381296,C#,C# (Mono 4.6.2.0),cs,Accepted,21,11220,969,
s051302549,p02982,u932868243,1589379843,Python,Python (3.4.3),py,Accepted,18,3064,257,
s352416342,p02982,u639032323,1589379484,C++,C++14 (GCC 5.4.1),cpp,Accepted,1,256,962,
s942883585,p02982,u639032323,1589379388,C++,C++14 (GCC 5.4.1),cpp,Wrong Answer,1,256,975,
s620064393,p02982,u448922807,1589377458,C++,C++14 (GCC 5.4.1),cpp,Accepted,1,256,705,
s775248221,p02982,u448922807,1589377167,C++,C++14 (GCC 5.4.1),cpp,Wrong Answer,1,256,691,
s609666441,p02982,u145562832,1589342432,C++,C++14 (GCC 5.4.1),cpp,Accepted,1,256,600,
s985373574,p02982,u358055446,1589336017,C++,C++14 (GCC 5.4.1),cpp,Accepted,1,256,1603,
s835726291,p02982,u366581326,1589335649,C++,C++14 (GCC 5.4.1),cpp,Accepted,1,256,1388,
s057828223,p02982,u366581326,1589335372,C++,C++14 (GCC 5.4.1),cpp,Wrong Answer,1,256,1431,
s131649144,p02982,u582588783,1589332487,C++,C++14 (GCC 5.4.1),cpp,Accepted,1,256,489,
s581918049,p02982,u894993744,1589330187,C++,C++14 (GCC 5.4.1),cpp,Accepted,3,256,735,
s394636033,p02982,u058742919,1589324131,C++,C++14 (GCC 5.4.1),cpp,Accepted,1,256,767,
s118926898,p02982,u902380746,1589323364,Python,Python (3.4.3),py,Accepted,19,3064,561,
s238901086,p02982,u134019875,1589311975,Python,Python (3.4.3),py,Accepted,17,3064,344,
s508084037,p02982,u496821919,1589307429,Python,Python (3.4.3),py,Accepted,18,3188,429,
s527204608,p02982,u409773778,1589305590,C#,C# (Mono 4.6.2.0),cs,Accepted,28,13524,940,
s386029163,p02982,u321761416,1589296053,C#,C# (Mono 4.6.2.0),cs,Accepted,22,11092,2025,
s987527865,p02982,u393696056,1589287613,Python,Python (3.4.3),py,Accepted,20,3188,288,
s990945719,p02982,u493130708,1589262368,Python,PyPy3 (2.4.0),py,Accepted,265,63980,2350,
s046848445,p02982,u493130708,1589262263,Python,PyPy3 (2.4.0),py,Runtime Error,291,63980,2346,
s932610812,p02982,u836743234,1589255742,C++,C++14 (GCC 5.4.1),cpp,Accepted,1,256,1600,
s240023774,p02982,u759510609,1589253517,C++,C++14 (GCC 5.4.1),cpp,Accepted,1,256,539,
s478838110,p02982,u135626132,1589252120,C++,C++14 (GCC 5.4.1),cpp,Accepted,1,256,675,
s136141176,p02982,u623819879,1589248685,Python,PyPy3 (2.4.0),py,Accepted,182,38256,528,
s380254072,p02982,u894418077,1589242685,C++,C++14 (GCC 5.4.1),cpp,Accepted,1,256,674,
s209806505,p02982,u711676593,1589242438,C++,C++14 (GCC 5.4.1),cpp,Accepted,1,256,655,
s748062334,p02982,u944545272,1589235249,C++,C++14 (GCC 5.4.1),cpp,Accepted,1,256,877,
s004458425,p02982,u392422101,1589233456,C++,C++14 (GCC 5.4.1),cpp,Accepted,1,256,1242,
s942706007,p02982,u021877437,1589230792,Python,Python (3.4.3),py,Accepted,18,3064,502,
s624335223,p02982,u646412443,1589229378,Python,Python (3.4.3),py,Accepted,18,3060,327,
s824447154,p02982,u857428111,1589210552,Python,PyPy3 (2.4.0),py,Accepted,168,38512,725,
s601243020,p02982,u952081880,1589210213,C++,C++14 (GCC 5.4.1),cpp,Accepted,1,256,1435,
s502463913,p02982,u071396528,1589209560,C++,C++14 (GCC 5.4.1),cpp,Accepted,2,384,1681,
s160483659,p02982,u212857313,1589207028,C,C (GCC 5.4.1),c,Accepted,1,128,434,
s548220565,p02982,u905080613,1589204282,Rust,Rust (1.15.1),rs,Accepted,2,4352,1066,
s315014224,p02982,u690844139,1589203320,Java,Java8 (OpenJDK 1.8.0),java,Runtime Error,100,21972,1129,
s058919867,p02982,u590057656,1589202947,C++,C++14 (GCC 5.4.1),cpp,Accepted,1,256,747,
s483262604,p02982,u250828304,1589170063,Python,Python (3.4.3),py,Accepted,18,3064,344,
s229727323,p02982,u755589905,1589169122,C++,C++14 (GCC 5.4.1),cpp,Accepted,1,256,1197,
s672899103,p02982,u755589905,1589168921,C++,C++14 (GCC 5.4.1),cpp,Wrong Answer,1,256,1189,
s737557277,p02982,u943800443,1589155360,C,C (GCC 5.4.1),c,Accepted,1,128,469,
s508024905,p02982,u522293645,1589154892,Python,Python (3.4.3),py,Accepted,18,3064,301,
s827250316,p02982,u522293645,1589154256,Python,Python (3.4.3),py,Wrong Answer,18,3064,337,
s491607913,p02982,u918808222,1589154225,C++,C++14 (GCC 5.4.1),cpp,Accepted,1,256,1814,
s337728903,p02982,u876174845,1589154006,C++,C++14 (GCC 5.4.1),cpp,Accepted,1,256,706,
s191134159,p02982,u610104058,1589152569,C#,C# (Mono 4.6.2.0),cs,Accepted,30,13652,2509,
s974987479,p02982,u309018392,1589148137,Python,Python (3.4.3),py,Accepted,276,18756,316,
s011161268,p02982,u309018392,1589147669,Python,Python (3.4.3),py,Wrong Answer,373,21408,314,
s548821845,p02982,u437215432,1589144933,Python,Python (3.4.3),py,Accepted,149,12392,359,
s032701117,p02982,u437215432,1589144906,Python,Python (3.4.3),py,Wrong Answer,153,14448,357,
s456819356,p02982,u852974293,1589144607,Ruby,Ruby (2.3.3),rb,Accepted,7,1788,260,
s968100668,p02982,u213868052,1589144533,C++,C++14 (GCC 5.4.1),cpp,Accepted,1,256,1089,
s371221847,p02982,u852974293,1589144469,Ruby,Ruby (2.3.3),rb,Accepted,7,1788,277,
s584955339,p02982,u729294108,1589139217,Python,Python (3.4.3),py,Accepted,152,12440,441,
s326373452,p02982,u711238850,1589138652,Python,Python (3.4.3),py,Accepted,298,20772,244,
s724911504,p02982,u109191542,1589132421,C++,C++14 (GCC 5.4.1),cpp,Accepted,1,256,554,
s584252363,p02982,u909716307,1589128349,Python,Python (3.4.3),py,Accepted,18,3060,241,
s419075142,p02982,u752006685,1589127547,C++,C++14 (GCC 5.4.1),cpp,Accepted,1,256,507,
s101069766,p02982,u752006685,1589127427,C++,C++14 (GCC 5.4.1),cpp,Wrong Answer,1,256,506,
s779033886,p02982,u276980836,1589106913,C++,C++14 (GCC 5.4.1),cpp,Accepted,1,256,807,
s121788678,p02982,u233632872,1589101984,C++,C++14 (GCC 5.4.1),cpp,Accepted,1,128,442,
s863359196,p02982,u233632872,1589101808,C++,C++14 (GCC 5.4.1),cpp,Wrong Answer,1,128,412,
s541805084,p02982,u233632872,1589101763,C++,C++14 (GCC 5.4.1),cpp,Runtime Error,101,128,409,
s349543866,p02982,u394950523,1589086665,Python,Python (3.4.3),py,Accepted,18,3064,343,
s348421801,p02982,u823871776,1589085799,C++,C++14 (Clang 3.8.0),cpp,Accepted,1,256,686,
s244204465,p02982,u590427200,1589084020,C++,C++14 (GCC 5.4.1),cpp,Accepted,1,256,651,
s821937547,p02982,u111392182,1589081474,Python,Python (3.4.3),py,Wrong Answer,17,2940,155,
s655044984,p02982,u450883456,1589081354,C++,C++14 (GCC 5.4.1),cpp,Accepted,1,256,709,
s062492772,p02982,u111392182,1589075911,Python,Python (3.4.3),py,Accepted,18,3064,318,
s146127033,p02982,u225660136,1589072299,C++,C++14 (GCC 5.4.1),cpp,Accepted,1,256,768,
s116885444,p02982,u969223279,1589066366,C++,C++14 (GCC 5.4.1),cpp,Accepted,1,256,1137,
s595393606,p02982,u969223279,1589065698,C++,C++14 (GCC 5.4.1),cpp,Accepted,1,256,1143,
s004552060,p02982,u458429268,1589064938,Ruby,Ruby (2.3.3),rb,Accepted,7,1788,339,
s350325805,p02982,u709848760,1589058995,C++,C++14 (GCC 5.4.1),cpp,Wrong Answer,1,256,491,
s241723778,p02982,u709848760,1589058944,C++,C++14 (GCC 5.4.1),cpp,Compile Error,,,490,
s602278066,p02982,u336145516,1589056555,C++,C++14 (GCC 5.4.1),cpp,Accepted,1,256,860,
s177893623,p02982,u336145516,1589056500,C++,C++14 (GCC 5.4.1),cpp,Wrong Answer,1,256,858,
s271156365,p02982,u336145516,1589056446,C++,C++14 (GCC 5.4.1),cpp,Runtime Error,100,256,858,
s207512955,p02982,u466865328,1589050471,C++,C++ (GCC 5.4.1),cpp,Wrong Answer,1,256,630,
s048223599,p02982,u582684800,1589048933,C++,C++14 (GCC 5.4.1),cpp,Accepted,1,256,516,
s958699671,p02982,u178079174,1589048576,Python,Python (3.4.3),py,Accepted,32,3944,394,
s179069400,p02982,u663842230,1589043129,C++,C++14 (GCC 5.4.1),cpp,Accepted,1,256,665,
s402280790,p02982,u485319545,1589039093,Python,Python (3.4.3),py,Accepted,37,5104,452,
s705575167,p02982,u221391729,1589034727,C++,C++14 (GCC 5.4.1),cpp,Accepted,1,256,542,
s390212132,p02982,u108108663,1589016721,C++,C++14 (GCC 5.4.1),cpp,Accepted,1,256,1410,
s094454746,p02982,u279460955,1589000625,Python,PyPy3 (2.4.0),py,Accepted,166,38256,1219,
s499655872,p02982,u757358412,1588997362,Ruby,Ruby (2.3.3),rb,Accepted,7,1788,321,
s753938851,p02982,u650236619,1588995322,C++,C++14 (GCC 5.4.1),cpp,Accepted,1,256,584,
s372561232,p02982,u650236619,1588995027,C++,C++14 (GCC 5.4.1),cpp,Wrong Answer,1,256,555,
s910795694,p02982,u953379577,1588993510,Python,Python (3.4.3),py,Accepted,17,3064,393,
s611603874,p02982,u515923980,1588993003,C++,C++14 (GCC 5.4.1),cpp,Accepted,1,256,574,
s317760160,p02982,u508164527,1588992996,Python,Python (3.4.3),py,Accepted,18,3064,373,
s231962600,p02982,u860002137,1588992649,Python,Python (3.4.3),py,Accepted,154,12500,379,
s252659317,p02982,u368324062,1588989706,C++,C++14 (GCC 5.4.1),cpp,Accepted,1,256,1392,
s209429554,p02982,u841299958,1588987345,Java,Java8 (OpenJDK 1.8.0),java,Accepted,112,23764,1328,
s435065483,p02982,u841299958,1588987051,Java,Java8 (OpenJDK 1.8.0),java,Accepted,99,22996,1799,
s091417471,p02982,u433685759,1588986369,C++,C++14 (GCC 5.4.1),cpp,Accepted,1,256,694,
s997047243,p02982,u265273596,1588984574,C++,C++14 (GCC 5.4.1),cpp,Accepted,1,256,1940,
s881999717,p02982,u265273596,1588984332,C++,C++14 (GCC 5.4.1),cpp,Wrong Answer,1,256,1918,
s147491122,p02982,u265273596,1588984198,C++,C++14 (GCC 5.4.1),cpp,Wrong Answer,1,256,1937,
s331097333,p02982,u265273596,1588984060,C++,C++14 (GCC 5.4.1),cpp,Wrong Answer,1,256,1928,
s414428468,p02982,u265273596,1588984025,C++,C++14 (GCC 5.4.1),cpp,Runtime Error,98,384,1928,
s113111390,p02982,u265273596,1588983953,C++,C++14 (GCC 5.4.1),cpp,Wrong Answer,1,256,1928,
s808656600,p02982,u265273596,1588983737,C++,C++14 (GCC 5.4.1),cpp,Wrong Answer,1,256,1901,
s917240256,p02982,u784838174,1588983243,C++,C++14 (Clang 3.8.0),cpp,Accepted,2,384,1197,
s755904570,p02982,u265273596,1588983022,C++,C++14 (GCC 5.4.1),cpp,Wrong Answer,1,256,1893,
s604428910,p02982,u901598613,1588981005,Python,Python (3.4.3),py,Accepted,18,3064,346,
s547436690,p02982,u272107664,1588980706,C++,C++14 (GCC 5.4.1),cpp,Accepted,1,256,629,
s772360292,p02982,u901598613,1588979283,Python,Python (3.4.3),py,Wrong Answer,18,3064,346,
s759088981,p02982,u718758485,1588978320,C++,C++14 (GCC 5.4.1),cpp,Accepted,1,256,761,
s605539998,p02982,u718758485,1588978254,C++,C++14 (GCC 5.4.1),cpp,Wrong Answer,1,256,761,
s772068558,p02982,u119310692,1588973170,C++,C++14 (GCC 5.4.1),cpp,Accepted,1,384,970,
s191815998,p02982,u215334265,1588972349,Python,PyPy3 (2.4.0),py,Accepted,184,38384,386,
s928237564,p02982,u830770242,1588971839,C++,C++14 (GCC 5.4.1),cpp,Accepted,1,256,1726,
s666650247,p02982,u460185449,1588969680,Python,PyPy3 (2.4.0),py,Accepted,177,38512,325,
s690881939,p02982,u886142147,1588969453,Python,Python (3.4.3),py,Accepted,18,3188,337,
s803361545,p02982,u901598613,1588965212,Python,Python (3.4.3),py,Runtime Error,18,3064,346,
s153913240,p02982,u053064675,1588955267,C++,C++14 (GCC 5.4.1),cpp,Accepted,1,256,997,
s262954582,p02982,u838959206,1588955122,Python,Python (3.4.3),py,Accepted,18,3064,556,
s203554042,p02982,u838959206,1588954135,Python,Python (3.4.3),py,Wrong Answer,18,3188,516,
s346942163,p02982,u577170763,1588949350,Python,PyPy3 (2.4.0),py,Accepted,170,38384,409,
s454880394,p02982,u917851778,1588947730,C,C (GCC 5.4.1),c,Accepted,1,128,420,
s189258391,p02982,u338193317,1588941570,C++,C++14 (GCC 5.4.1),cpp,Accepted,1,256,1090,
s324244151,p02982,u338193317,1588941263,C++,C++14 (GCC 5.4.1),cpp,Wrong Answer,1,256,1132,
s868498134,p02982,u338193317,1588941228,C++,C++14 (GCC 5.4.1),cpp,Compile Error,,,1131,
s319457588,p02982,u884323674,1588941100,Python,Python (3.4.3),py,Accepted,18,3064,355,
s380472215,p02982,u929977034,1588915490,C++,C++14 (GCC 5.4.1),cpp,Accepted,2,256,651,
s059634518,p02982,u270535768,1588910949,C,C (GCC 5.4.1),c,Accepted,1,128,781,
s109045696,p02982,u533713111,1588910054,Python,Python (3.4.3),py,Accepted,59,3064,387,
s703968283,p02982,u533713111,1588909978,Python,Python (3.4.3),py,Wrong Answer,61,3064,386,
s473030355,p02982,u392029857,1588909586,C,C (GCC 5.4.1),c,Accepted,1,128,622,
s392864769,p02982,u533713111,1588909064,Python,Python (3.4.3),py,Accepted,18,3064,358,
s339404430,p02982,u683406607,1588908967,Python,Python (3.4.3),py,Accepted,19,3064,370,
s051050798,p02982,u901060001,1588908315,Python,Python (3.4.3),py,Accepted,18,3064,454,
s768017469,p02982,u366886346,1588905033,Python,Python (3.4.3),py,Accepted,17,3064,435,
s666739363,p02982,u806417535,1588903500,C++,C++14 (GCC 5.4.1),cpp,Accepted,1,256,755,
s382651883,p02982,u281303342,1588902843,Python,Python (3.4.3),py,Accepted,18,3060,635,
s827931827,p02982,u268132693,1588901582,Java,Java8 (OpenJDK 1.8.0),java,Accepted,121,23508,696,
s429566156,p02982,u891422384,1588901096,Python,Python (3.4.3),py,Accepted,25,3188,262,
s651594230,p02982,u891422384,1588900994,Python,Python (3.4.3),py,Accepted,18,3064,271,
s511477149,p02982,u443996531,1588899253,Python,Python (3.4.3),py,Accepted,18,3064,340,
s303045268,p02982,u537892680,1588898613,Python,Python (3.4.3),py,Accepted,18,3060,340,
s107657906,p02982,u548791035,1588898380,C++,C++14 (GCC 5.4.1),cpp,Accepted,1,256,1336,
s458650974,p02982,u979605701,1588897206,Rust,Rust (1.15.1),rs,Accepted,6,8700,154636,
s920707637,p02982,u043964516,1588893431,C++,C++14 (GCC 5.4.1),cpp,Accepted,1,256,1674,
s769992183,p02982,u020238108,1588891404,C++,C++14 (GCC 5.4.1),cpp,Accepted,1,256,766,
s498153444,p02982,u812498271,1588890003,C++,C++14 (GCC 5.4.1),cpp,Accepted,1,256,443,
s740263161,p02982,u674959776,1588888724,Python,Python (3.4.3),py,Accepted,18,3188,296,
s625607897,p02982,u294638337,1588880961,C++,C++14 (GCC 5.4.1),cpp,Accepted,1,256,826,
s122297464,p02982,u113960459,1588878401,C++,C++14 (GCC 5.4.1),cpp,Accepted,1,256,527,
s833087086,p02982,u131946248,1588872704,C++,C++14 (GCC 5.4.1),cpp,Accepted,1,256,1692,
s597757049,p02982,u248221744,1588863570,Python,Python (3.4.3),py,Accepted,18,3064,358,
s180213496,p02982,u339199690,1588862559,Python,Python (3.4.3),py,Accepted,36,5076,490,
s497147405,p02982,u143278390,1588839026,Python,Python (3.4.3),py,Accepted,147,12452,404,
s555753729,p02982,u616420833,1588832011,C++,C++14 (GCC 5.4.1),cpp,Accepted,1,256,580,
s604681993,p02982,u616420833,1588831876,C++,C++14 (GCC 5.4.1),cpp,Accepted,1,256,610,
s586462356,p02982,u700981792,1588822355,C++,C++14 (GCC 5.4.1),cpp,Accepted,1,256,681,
s425991125,p02982,u250996767,1588818230,C++,C++14 (GCC 5.4.1),cpp,Accepted,463,47104,1563,
s876839023,p02982,u548601871,1588816832,C++,C++14 (GCC 5.4.1),cpp,Accepted,2,512,526,
s015664586,p02982,u700981792,1588816578,C++,C++14 (GCC 5.4.1),cpp,Wrong Answer,1,256,695,
s415775828,p02982,u236536206,1588808598,Python,Python (3.4.3),py,Runtime Error,17,3064,601,
s037943721,p02982,u709848760,1588806898,C++,C++14 (GCC 5.4.1),cpp,Wrong Answer,1,256,513,
s869818470,p02982,u709848760,1588806735,C++,C++14 (GCC 5.4.1),cpp,Wrong Answer,1,256,504,
s182998625,p02982,u399973890,1588802341,Python,Python (3.4.3),py,Accepted,17,3064,359,
s066320109,p02982,u399973890,1588801690,Python,Python (3.4.3),py,Accepted,18,3064,404,
s603691130,p02982,u331997680,1588801547,Python,Python (3.4.3),py,Accepted,319,21808,260,
s820866915,p02982,u847165882,1588796237,Python,Python (3.4.3),py,Accepted,18,3064,365,
s520731734,p02982,u814663076,1588775629,Python,PyPy3 (2.4.0),py,Accepted,182,38896,517,
s018480629,p02982,u973108807,1588775014,Python,Python (3.4.3),py,Accepted,18,3064,349,
s277819172,p02982,u309780279,1588759160,C++,C++14 (GCC 5.4.1),cpp,Accepted,1,256,531,
s728738568,p02982,u017212285,1588750305,C,C (GCC 5.4.1),c,Accepted,1,256,736,
s710071657,p02982,u367131219,1588743655,C++,C++14 (GCC 5.4.1),cpp,Accepted,1,256,663,
s151478243,p02982,u440920318,1588742723,C++,C++14 (GCC 5.4.1),cpp,Accepted,1,128,454,
s449649261,p02982,u531461815,1588740113,C++,C++14 (GCC 5.4.1),cpp,Accepted,1,256,581,
s255831199,p02982,u541830414,1588736639,C++,C++14 (GCC 5.4.1),cpp,Accepted,1,256,632,
s003407748,p02982,u541830414,1588736582,C++,C++14 (GCC 5.4.1),cpp,Accepted,1,256,710,
s784178663,p02982,u351892848,1588733246,Python,Python (3.4.3),py,Accepted,18,3064,394,
s594287854,p02982,u800169017,1588731543,PHP,PHP7 (7.0.15),php,Accepted,12,4984,455,
s446370793,p02982,u229427161,1588725216,C++,C++14 (GCC 5.4.1),cpp,Accepted,1,256,1082,
s572683730,p02982,u222643545,1588714989,C++,C++14 (GCC 5.4.1),cpp,Accepted,1,256,403,
s898651337,p02982,u222643545,1588714722,C++,C++14 (GCC 5.4.1),cpp,Wrong Answer,2,384,401,
s380787728,p02982,u222643545,1588714687,C++,C++14 (GCC 5.4.1),cpp,Compile Error,,,400,
s011309645,p02982,u929582923,1588713990,C++,C++14 (GCC 5.4.1),cpp,Accepted,1,256,1856,
s224963965,p02982,u981759938,1588713155,C++,C++14 (GCC 5.4.1),cpp,Accepted,1,256,761,
s445809348,p02982,u981759938,1588713092,C++,C++14 (GCC 5.4.1),cpp,Compile Error,,,760,
s567308199,p02982,u845434829,1588706149,Java,Java8 (OpenJDK 1.8.0),java,Accepted,73,23124,1999,
s285621455,p02982,u415671616,1588705401,C++,C++14 (GCC 5.4.1),cpp,Accepted,1,256,624,
s453224226,p02982,u308463793,1588705148,C++,C++14 (GCC 5.4.1),cpp,Accepted,1,256,967,
s765499399,p02982,u515131769,1588704300,C++,C++14 (GCC 5.4.1),cpp,Accepted,1,256,683,
s540644898,p02982,u830592648,1588703308,Python,Python (3.4.3),py,Accepted,18,3064,330,
s661288132,p02982,u711985352,1588699516,C++,C++14 (GCC 5.4.1),cpp,Accepted,1,256,1066,
s565520847,p02982,u585678284,1588696384,C++,C++14 (GCC 5.4.1),cpp,Accepted,1,256,944,
s152528863,p02982,u223663729,1588696384,Python,Python (3.4.3),py,Accepted,17,2940,272,
s640993952,p02982,u041513069,1588696100,C++,C++14 (GCC 5.4.1),cpp,Accepted,1,256,1360,
s232903794,p02982,u867848444,1588696008,Python,Python (3.4.3),py,Accepted,18,3064,364,
s202447079,p02982,u184929210,1588695928,C++,C++14 (GCC 5.4.1),cpp,Accepted,1,256,525,
s382233172,p02982,u971256474,1588695909,C++,C++14 (GCC 5.4.1),cpp,Accepted,1,256,3062,
s222912302,p02982,u678146855,1588695879,C++,C++14 (GCC 5.4.1),cpp,Accepted,1,256,1481,
s602414977,p02982,u057964173,1588695856,Python,Python (3.4.3),py,Accepted,163,13204,386,
s579024519,p02982,u893584578,1588695759,C++,C++14 (GCC 5.4.1),cpp,Accepted,1,256,585,
s415283398,p02982,u527993431,1588695710,Python,Python (3.4.3),py,Accepted,17,3064,273,
s006728238,p02982,u915797797,1588695631,C++,C++14 (GCC 5.4.1),cpp,Accepted,2,256,580,
s843183071,p02982,u532966492,1588695625,Python,Python (3.4.3),py,Accepted,18,3064,362,
s098001772,p02982,u312025627,1588695588,Python,PyPy3 (2.4.0),py,Accepted,169,38512,549,
s604868413,p02982,u412908746,1588695566,C++,C++14 (GCC 5.4.1),cpp,Accepted,1,256,833,
s286167113,p02982,u588794534,1588695513,Python,PyPy3 (2.4.0),py,Accepted,164,38256,348,
s961071918,p02982,u761989513,1588695503,Python,Python (3.4.3),py,Accepted,18,3064,336,
s265419019,p02982,u226233437,1588695489,C++,C++14 (GCC 5.4.1),cpp,Accepted,1,256,461,
s499870815,p02982,u318127926,1588695473,Python,Python (3.4.3),py,Accepted,18,3064,303,
s130756456,p02982,u263830634,1588695469,Python,Python (3.4.3),py,Accepted,18,3064,335,
s783361639,p02982,u242031676,1588695423,Python,Python (3.4.3),py,Accepted,17,3064,267,
s614344160,p02982,u221285045,1588695376,C++,C++14 (GCC 5.4.1),cpp,Accepted,1,256,2584,
s087847542,p02982,u761320129,1588695324,Python,Python (3.4.3),py,Accepted,17,3060,281,
s030849893,p02982,u853721692,1588695253,C++,C++14 (GCC 5.4.1),cpp,Accepted,1,256,1654,
s331047640,p02982,u897304429,1588695195,C++,C++14 (GCC 5.4.1),cpp,Accepted,1,256,2514,
s979725210,p02982,u878615689,1588695136,C++,C++14 (GCC 5.4.1),cpp,Accepted,1,256,4292,
s007103688,p02982,u585678284,1588695058,C++,C++14 (GCC 5.4.1),cpp,Wrong Answer,1,256,944,
s118607979,p02982,u556589653,1588694992,Python,Python (3.4.3),py,Accepted,19,3188,383,
s411747882,p02982,u210718367,1588694947,C++,C++14 (GCC 5.4.1),cpp,Accepted,1,256,669,
s829927434,p02982,u172873334,1588694875,C++,C++14 (GCC 5.4.1),cpp,Accepted,1,256,15762,
s142980927,p02982,u585678284,1588694832,C++,C++14 (GCC 5.4.1),cpp,Wrong Answer,1,256,940,
s255367629,p02982,u229518917,1588693335,Python,Python (3.4.3),py,Accepted,17,3064,317,
s884482073,p02982,u965095643,1588687152,C++,C++14 (GCC 5.4.1),cpp,Accepted,1,256,817,
s020619256,p02982,u172873334,1588681214,C++,C++14 (GCC 5.4.1),cpp,Accepted,1,256,15449,
s507800827,p02982,u247123590,1588663166,C++,C++14 (GCC 5.4.1),cpp,Accepted,1,256,513,
s531203635,p02982,u247830763,1588657642,Python,Python (3.4.3),py,Accepted,17,3064,551,
s389054815,p02982,u706330549,1588657256,Python,Python (3.4.3),py,Accepted,158,12424,475,
s308583988,p02982,u886708442,1588650791,Java,Java8 (OpenJDK 1.8.0),java,Accepted,183,26452,691,
s745958236,p02982,u671060652,1588648322,Python,PyPy3 (2.4.0),py,Accepted,165,38384,340,
s607786928,p02982,u785492958,1588646891,C++,C++14 (GCC 5.4.1),cpp,Accepted,1,256,1350,
s003148167,p02982,u902387200,1588644008,C++,C++14 (GCC 5.4.1),cpp,Accepted,1,256,863,
s891339065,p02982,u057964173,1588641515,Python,Python (3.4.3),py,Accepted,157,12244,424,
s601304388,p02982,u057964173,1588641467,Python,PyPy3 (2.4.0),py,Runtime Error,172,38256,424,
s773359593,p02982,u843318346,1588641108,Python,Python (3.4.3),py,Accepted,18,3060,345,
s623803817,p02982,u102126195,1588640436,Python,Python (3.4.3),py,Accepted,18,3064,331,
s093823082,p02982,u942085302,1588637470,C++,C++14 (GCC 5.4.1),cpp,Accepted,1,256,1431,
s340040054,p02982,u482840940,1588633295,Ruby,Ruby (2.3.3),rb,Accepted,8,1916,289,
s207118562,p02982,u705561278,1588630038,C++,C++14 (GCC 5.4.1),cpp,Accepted,1,256,902,
s310347403,p02982,u519091008,1588625205,C++,C++14 (GCC 5.4.1),cpp,Accepted,1,256,401,
s057886724,p02982,u789075914,1588622312,C++,C++14 (GCC 5.4.1),cpp,Accepted,1,256,599,
s504868489,p02982,u214781572,1588621624,C++,C++14 (GCC 5.4.1),cpp,Accepted,1,256,907,
s477988860,p02982,u572138437,1588621390,C++,C++14 (GCC 5.4.1),cpp,Accepted,1,256,724,
s919288734,p02982,u732578115,1588620688,C++,C++14 (GCC 5.4.1),cpp,Accepted,1,256,665,
s074675967,p02982,u563556491,1588620055,Kotlin,Kotlin (1.0.0),kt,Accepted,239,37832,504,
s836762260,p02982,u911917041,1588619128,C++,C++14 (GCC 5.4.1),cpp,Accepted,1,256,812,
s284780483,p02982,u108377418,1588618695,C++,C++14 (GCC 5.4.1),cpp,Accepted,1,256,721,
s351168653,p02982,u986480146,1588616109,C++,C++14 (GCC 5.4.1),cpp,Accepted,1,256,565,
s308599083,p02982,u656731444,1588597953,C++,C++14 (Clang 3.8.0),cpp,Accepted,1,256,1285,
s685001880,p02982,u073057072,1588594812,C++,C++14 (GCC 5.4.1),cpp,Wrong Answer,1,256,471,
s133686994,p02982,u073057072,1588594732,C++,C++14 (GCC 5.4.1),cpp,Compile Error,,,471,
s510866886,p02982,u073057072,1588594711,C++,C++14 (GCC 5.4.1),cpp,Compile Error,,,466,
s043075310,p02982,u048176319,1588580749,Python,Python (3.4.3),py,Accepted,18,3064,412,
s754259836,p02982,u255302563,1588580504,C++,C++14 (GCC 5.4.1),cpp,Accepted,1,256,647,
s800895312,p02982,u255302563,1588580437,C++,C++14 (GCC 5.4.1),cpp,Compile Error,,,639,
s635660263,p02982,u201553784,1588569072,C++,C++14 (GCC 5.4.1),cpp,Accepted,1,256,541,
s294703415,p02982,u383141964,1588568005,C++,C++14 (GCC 5.4.1),cpp,Accepted,1,256,600,
s807502936,p02982,u383141964,1588567320,C++,C++14 (GCC 5.4.1),cpp,Compile Error,,,535,
s875889741,p02982,u880337594,1588564630,C++,C++14 (GCC 5.4.1),cpp,Accepted,1,256,1026,
s935722896,p02982,u880337594,1588564419,C++,C++14 (GCC 5.4.1),cpp,Wrong Answer,1,256,1028,
s625524877,p02982,u880337594,1588564390,C++,C++14 (GCC 5.4.1),cpp,Compile Error,,,1027,
s547686079,p02982,u875407613,1588563980,C++,C++14 (GCC 5.4.1),cpp,Accepted,2,384,765,
s617187150,p02982,u709848760,1588561398,C++,C++14 (GCC 5.4.1),cpp,Wrong Answer,1,256,502,
s852152333,p02982,u709848760,1588561223,C++,C++14 (GCC 5.4.1),cpp,Wrong Answer,1,256,507,
s766291372,p02982,u709848760,1588561158,C++,C++14 (GCC 5.4.1),cpp,Compile Error,,,506,
s038929036,p02982,u709848760,1588561049,C++,C++14 (GCC 5.4.1),cpp,Compile Error,,,502,
s151173785,p02982,u709848760,1588560160,C++,C++14 (GCC 5.4.1),cpp,Runtime Error,96,256,473,
s239306185,p02982,u709848760,1588559858,C++,C++14 (GCC 5.4.1),cpp,Runtime Error,101,256,453,
s434936182,p02982,u218740431,1588553867,Java,Java8 (OpenJDK 1.8.0),java,Accepted,111,22996,859,
s502076886,p02982,u218740431,1588553692,Java,Java8 (OpenJDK 1.8.0),java,Wrong Answer,112,23636,865,
s152826751,p02982,u218740431,1588553640,Java,Java8 (OpenJDK 1.8.0),java,Wrong Answer,113,21844,865,
s860964577,p02982,u217547685,1588553429,Python,PyPy3 (2.4.0),py,Accepted,178,38460,361,
s776752170,p02982,u190196352,1588551416,C++,C++14 (GCC 5.4.1),cpp,Accepted,1,256,621,
s396956423,p02982,u130263865,1588545550,D,D (DMD64 v2.070.1),d,Accepted,1,256,1373,
s758851465,p02982,u255302563,1588539527,C++,C++14 (GCC 5.4.1),cpp,Accepted,1,256,592,
s889363795,p02982,u821989875,1588539486,Python,Python (3.4.3),py,Accepted,17,3060,292,
s330335601,p02982,u970809473,1588536798,Python,Python (3.4.3),py,Accepted,18,3192,307,
s071774043,p02982,u981759938,1588535912,C++,C++14 (GCC 5.4.1),cpp,Accepted,2,256,759,
s400005064,p02982,u981759938,1588535573,C++,C++14 (GCC 5.4.1),cpp,Runtime Error,100,256,736,
s765213869,p02982,u680574634,1588535176,C++,C++14 (GCC 5.4.1),cpp,Accepted,1,256,775,
s559903613,p02982,u981759938,1588534478,C++,C++14 (GCC 5.4.1),cpp,Runtime Error,96,256,747,
s930948957,p02982,u680574634,1588534311,C++,C++14 (GCC 5.4.1),cpp,Wrong Answer,1,256,751,
s454273158,p02982,u981759938,1588534197,C++,C++14 (GCC 5.4.1),cpp,Wrong Answer,1,256,700,
s065775544,p02982,u692453235,1588529831,Python,Python (3.4.3),py,Accepted,19,3064,355,
s477134425,p02982,u692453235,1588529653,Python,Python (3.4.3),py,Runtime Error,17,3064,343,
s476327272,p02982,u602301110,1588529124,C++,C++14 (GCC 5.4.1),cpp,Accepted,1,256,832,
s034917118,p02982,u182326544,1588525801,C++,C++14 (GCC 5.4.1),cpp,Accepted,1,256,969,
s897416943,p02982,u353099601,1588522422,Python,Python (3.4.3),py,Accepted,17,3064,331,
s837789073,p02982,u077898957,1588522408,Python,Python (3.4.3),py,Accepted,277,20636,353,
s081895090,p02982,u938152299,1588519063,JavaScript,JavaScript (node.js v5.12),js,Accepted,195,21064,5660,
s801636947,p02982,u066976091,1588507715,PHP,PHP7 (7.0.15),php,Accepted,9,4604,606,
s710542823,p02982,u729173935,1588467880,C++,C++14 (GCC 5.4.1),cpp,Accepted,2,256,1195,
s653274447,p02982,u614181788,1588466894,Python,Python (3.4.3),py,Accepted,18,3064,355,
s493904629,p02982,u614181788,1588466843,Python,Python (3.4.3),py,Wrong Answer,19,3064,351,
s393364938,p02982,u116002573,1588465537,Python,Python (3.4.3),py,Accepted,18,3064,447,
s343894530,p02982,u111342448,1588463327,Rust,Rust (1.15.1),rs,Accepted,2,4352,1944,
s538657149,p02982,u114396358,1588462493,C++,C++14 (GCC 5.4.1),cpp,Accepted,1,256,505,
s773812493,p02982,u431484963,1588461377,Python,Python (3.4.3),py,Accepted,17,3188,310,
s106946012,p02982,u590927341,1588456218,C++,C++14 (GCC 5.4.1),cpp,Accepted,1,256,3163,
s978541287,p02982,u837654535,1588455598,C++,C++14 (GCC 5.4.1),cpp,Accepted,1,256,778,
s699543727,p02982,u418810472,1588455466,C++,C++14 (GCC 5.4.1),cpp,Accepted,1,256,880,
s388604140,p02982,u317379170,1588455133,C++,C++14 (GCC 5.4.1),cpp,Accepted,1,256,1188,
s590823466,p02982,u711381986,1588453718,C++,C++14 (GCC 5.4.1),cpp,Accepted,1,256,614,
s135194222,p02982,u282657760,1588450898,Python,Python (3.4.3),py,Accepted,290,12488,314,
s453722385,p02982,u981759938,1588449767,C++,C++14 (GCC 5.4.1),cpp,Accepted,1,256,815,
s311776485,p02982,u981759938,1588449744,C++,C++14 (GCC 5.4.1),cpp,Compile Error,,,816,
s679779529,p02982,u981759938,1588449684,C++,C++14 (GCC 5.4.1),cpp,Runtime Error,100,256,819,
s476172666,p02982,u981759938,1588449121,C++,C++14 (GCC 5.4.1),cpp,Runtime Error,96,256,830,
s964328385,p02982,u981759938,1588449076,C++,C++14 (GCC 5.4.1),cpp,Compile Error,,,823,
s234529792,p02982,u007886915,1588447633,Python,Python (3.4.3),py,Accepted,160,13656,6563,
s873708280,p02982,u842897677,1588446322,C++,C++14 (GCC 5.4.1),cpp,Accepted,1,256,1217,
s739518948,p02982,u417096287,1588445450,Python,PyPy3 (2.4.0),py,Accepted,177,38384,343,
s656469337,p02982,u417096287,1588445174,Python,PyPy3 (2.4.0),py,Wrong Answer,180,38384,337,
s984206079,p02982,u417096287,1588445129,Python,PyPy3 (2.4.0),py,Runtime Error,184,38640,319,
s461551058,p02982,u873167698,1588443066,Java,Java8 (OpenJDK 1.8.0),java,Accepted,107,21716,1025,
s862355836,p02982,u596813883,1588439646,C,C (GCC 5.4.1),c,Accepted,1,128,358,
s446554676,p02982,u596813883,1588439584,C,C (GCC 5.4.1),c,Wrong Answer,1,128,350,
s060050327,p02982,u596813883,1588439444,C,C (GCC 5.4.1),c,Compile Error,,,350,
s857434646,p02982,u596813883,1588439356,C,C (GCC 5.4.1),c,Compile Error,,,339,
s483278384,p02982,u596813883,1588439231,C,C (GCC 5.4.1),c,Compile Error,,,337,
s878490066,p02982,u241090452,1588436419,Java,Java8 (OpenJDK 1.8.0),java,Accepted,109,21716,880,
s084153345,p02982,u596813883,1588435910,C,C (GCC 5.4.1),c,Compile Error,,,340,
s713390979,p02982,u596813883,1588435865,C,C (GCC 5.4.1),c,Compile Error,,,323,
s890593732,p02982,u596813883,1588435781,C,C (GCC 5.4.1),c,Compile Error,,,322,
s739117338,p02982,u596813883,1588435753,C,C (GCC 5.4.1),c,Compile Error,,,321,
s790484768,p02982,u482157295,1588394046,Python,PyPy3 (2.4.0),py,Accepted,181,38256,328,
s963256871,p02982,u180257813,1588388597,C++,C++14 (GCC 5.4.1),cpp,Accepted,1,256,613,
s855578755,p02982,u952557476,1588385199,C++,C++14 (GCC 5.4.1),cpp,Accepted,1,256,517,
s722181325,p02982,u088608223,1588383378,C++,C++14 (GCC 5.4.1),cpp,Accepted,1,256,2641,
s779039564,p02982,u088608223,1588383195,C++,C++14 (GCC 5.4.1),cpp,Wrong Answer,1,256,2630,
s344968548,p02982,u163501259,1588379359,Python,Python (3.4.3),py,Accepted,17,3064,465,
s494864097,p02982,u277641173,1588360241,Python,Python (3.4.3),py,Accepted,17,3064,286,
s020040159,p02982,u905203728,1588360057,Python,Python (3.4.3),py,Accepted,19,3064,565,
s158219490,p02982,u534481484,1588356231,Go,Go (1.6),go,Accepted,1,512,2294,
s352719839,p02982,u940139461,1588351216,Python,PyPy3 (2.4.0),py,Accepted,174,38640,564,
s733108338,p02982,u652908807,1588348164,C++,C++14 (GCC 5.4.1),cpp,Accepted,1,256,542,
s640782079,p02982,u028014940,1588346374,Python,Python (3.4.3),py,Accepted,310,21516,351,
s029700839,p02982,u556774846,1588319353,C++,C++14 (GCC 5.4.1),cpp,Accepted,1,256,668,
s201024988,p02982,u443151804,1588313533,Julia,Julia (0.5.0),jl,Accepted,706,126044,234,
s877680964,p02982,u097326875,1588309607,C++,C++14 (GCC 5.4.1),cpp,Accepted,1,256,5436,
s609944953,p02982,u604329931,1588306147,C++,C++14 (GCC 5.4.1),cpp,Accepted,1,256,1156,
s082071627,p02982,u578694888,1588305243,Python,Python (3.4.3),py,Accepted,18,3060,327,
s396157034,p02982,u196953553,1588302409,C++,C++14 (GCC 5.4.1),cpp,Accepted,1,256,755,
s123829623,p02982,u539826121,1588302278,C++,C++14 (GCC 5.4.1),cpp,Accepted,1,256,1026,
s635809144,p02982,u622570247,1588289394,Python,Python (3.4.3),py,Accepted,18,3064,369,
s427824167,p02982,u039189422,1588287963,Python,Python (3.4.3),py,Accepted,18,3060,247,
s793529645,p02982,u297574184,1588286299,Python,Python (3.4.3),py,Accepted,18,3060,310,
s375216721,p02982,u130588436,1588285643,C++,C++14 (GCC 5.4.1),cpp,Accepted,1,256,1091,
s264704481,p02982,u978308810,1588274343,C++,C++14 (GCC 5.4.1),cpp,Accepted,1,256,494,
s475845656,p02982,u717762991,1588274128,C++,C++14 (GCC 5.4.1),cpp,Accepted,1,256,471,
s733929845,p02982,u523698212,1588272912,C++,C++14 (GCC 5.4.1),cpp,Accepted,1,256,508,
s676840728,p02982,u707053380,1588270597,C++,C++14 (GCC 5.4.1),cpp,Accepted,1,256,1020,
s727709939,p02982,u972350827,1588265309,C#,C# (Mono 4.6.2.0),cs,Accepted,26,13396,3637,
s932799273,p02982,u231354686,1588261794,C++,C++14 (GCC 5.4.1),cpp,Accepted,1,256,637,
s829138128,p02982,u578969098,1588260998,C++,C++14 (GCC 5.4.1),cpp,Accepted,1,256,569,
s284379405,p02982,u583701239,1588260861,C++,C++14 (GCC 5.4.1),cpp,Accepted,1,256,574,
s829942825,p02982,u578969098,1588260103,C++,C++14 (GCC 5.4.1),cpp,Accepted,1,256,572,
s395657874,p02982,u164730704,1588257268,C++,C++14 (GCC 5.4.1),cpp,Accepted,1,256,520,
s544204047,p02982,u488493347,1588230813,C++,C++14 (GCC 5.4.1),cpp,Accepted,1,256,813,
s968624178,p02982,u419330815,1588219296,C++,C++14 (GCC 5.4.1),cpp,Accepted,1,256,1057,
s712961693,p02982,u150155436,1588213521,C++,C++14 (GCC 5.4.1),cpp,Accepted,1,256,590,
s946765578,p02982,u470123394,1588210010,C++,C++14 (GCC 5.4.1),cpp,Accepted,1,256,755,
s912010409,p02982,u067694718,1588207459,C++,C++14 (GCC 5.4.1),cpp,Accepted,1,256,550,
s656470742,p02982,u932868243,1588207251,Python,Python (3.4.3),py,Runtime Error,17,3064,295,
s129721118,p02982,u932868243,1588206230,Python,Python (3.4.3),py,Runtime Error,17,3064,297,
s512001353,p02982,u932868243,1588205916,Python,Python (3.4.3),py,Wrong Answer,18,3064,303,
s418043051,p02982,u932868243,1588205341,Python,Python (3.4.3),py,Runtime Error,17,3064,303,
s874208254,p02982,u054756502,1588204022,Java,Java8 (OpenJDK 1.8.0),java,Accepted,116,23124,950,
s501936506,p02982,u480172743,1588203422,C++,C++14 (GCC 5.4.1),cpp,Accepted,1,256,605,
s372470252,p02982,u932868243,1588200689,Python,Python (3.4.3),py,Runtime Error,18,3188,301,
s540960040,p02982,u932868243,1588200545,Python,Python (3.4.3),py,Runtime Error,17,3060,299,
s217870600,p02982,u385678999,1588199088,Kotlin,Kotlin (1.0.0),kt,Accepted,243,37688,673,
s220786125,p02982,u506314975,1588196295,C,C (GCC 5.4.1),c,Accepted,1,128,786,
s035889141,p02982,u808976884,1588195579,Kotlin,Kotlin (1.0.0),kt,Accepted,242,37900,770,
s560560912,p02982,u621935300,1588191977,Python,PyPy2 (5.6.0),py,Accepted,42,28524,382,
s414221714,p02982,u133583235,1588188171,Python,Python (3.4.3),py,Accepted,17,3064,298,
s724395816,p02982,u254871849,1588186926,Go,Go (1.6),go,Accepted,3,512,576,
s569617392,p02982,u303453927,1588186719,C++,C++14 (GCC 5.4.1),cpp,Accepted,1,256,923,
s426465624,p02982,u238084414,1588185465,Python,Python (3.4.3),py,Accepted,17,3064,294,
s511036902,p02982,u026862065,1588176868,Python,Python (3.4.3),py,Accepted,18,3064,335,
s686208187,p02982,u067986264,1588176791,Python,Python (3.4.3),py,Accepted,18,3060,329,
s810871761,p02982,u675314298,1588171645,C++,C++14 (GCC 5.4.1),cpp,Accepted,1,256,679,
s872509391,p02982,u262451272,1588163252,C++,C++14 (GCC 5.4.1),cpp,Accepted,1,256,643,
s543780427,p02982,u453055089,1588156464,Python,PyPy3 (2.4.0),py,Accepted,180,38384,318,
s499936442,p02982,u662686937,1588141309,C++,C++14 (GCC 5.4.1),cpp,Accepted,1,256,733,
s985009785,p02982,u662686937,1588141187,C++,C++14 (GCC 5.4.1),cpp,Wrong Answer,1,256,718,
s212162942,p02982,u884601206,1588130996,Python,Python (3.4.3),py,Accepted,18,3188,266,
s598556671,p02982,u208723543,1588128265,Rust,Rust (1.15.1),rs,Accepted,2,4352,1939,
s024969756,p02982,u641900703,1588127794,C++,C++14 (GCC 5.4.1),cpp,Accepted,1,256,576,
s085197668,p02982,u641900703,1588127650,C++,C++14 (GCC 5.4.1),cpp,Wrong Answer,1,256,575,
s986279092,p02982,u641900703,1588127333,C++,C++14 (GCC 5.4.1),cpp,Wrong Answer,1,256,576,
s796851756,p02982,u641900703,1588126932,C++,C++14 (GCC 5.4.1),cpp,Wrong Answer,1,256,584,
s125924559,p02982,u844646164,1588124730,Python,PyPy3 (2.4.0),py,Accepted,172,38256,289,
s059623830,p02982,u133356863,1588124614,Python,Python (3.4.3),py,Accepted,18,3060,310,
s267983531,p02982,u452240501,1588123751,C++,C++14 (GCC 5.4.1),cpp,Accepted,1,256,2843,
s506009592,p02982,u177497208,1588123085,C++,C++14 (GCC 5.4.1),cpp,Accepted,1,256,1693,
s673236909,p02982,u769447691,1588116547,PHP,PHP7 (7.0.15),php,Accepted,9,4604,522,
s087306385,p02982,u769447691,1588116135,PHP,PHP7 (7.0.15),php,Wrong Answer,9,4604,551,
s480859281,p02982,u553494195,1588114714,PHP,PHP7 (7.0.15),php,Accepted,9,4604,483,
s614188606,p02982,u227085629,1588112127,Python,Python (3.4.3),py,Accepted,18,3064,284,
s390966447,p02982,u136086822,1588106047,C++,C++14 (GCC 5.4.1),cpp,Accepted,1,256,725,
s104394990,p02982,u136086822,1588105907,C++,C++14 (GCC 5.4.1),cpp,Wrong Answer,1,256,725,
s005840324,p02982,u789075914,1588105583,C++,C++14 (GCC 5.4.1),cpp,Accepted,1,256,645,
s283744050,p02982,u735016696,1588103666,C++,C++14 (GCC 5.4.1),cpp,Accepted,1,256,1025,
s820603994,p02982,u232429509,1588102339,Python,Python (3.4.3),py,Accepted,17,3060,462,
s471088890,p02982,u469281291,1588101618,Java,Java8 (OpenJDK 1.8.0),java,Accepted,106,22612,1071,
s057091611,p02982,u658987783,1588093560,Python,Python (3.4.3),py,Runtime Error,18,3064,419,
s317394308,p02982,u803173123,1588091641,C++,C++14 (GCC 5.4.1),cpp,Accepted,1,256,1009,
s960824052,p02982,u803173123,1588091602,C++,C++14 (GCC 5.4.1),cpp,Wrong Answer,1,256,1038,
s909694228,p02982,u159703196,1588089180,C++,C++14 (GCC 5.4.1),cpp,Accepted,1,256,503,
s585714118,p02982,u330169562,1588087789,Python,Python (3.4.3),py,Accepted,36,5044,880,
s047279397,p02982,u825443083,1588056087,C++,C++14 (GCC 5.4.1),cpp,Accepted,1,256,1807,
s311591350,p02982,u787059958,1588056066,Python,Python (3.4.3),py,Accepted,18,3064,421,
s392542689,p02982,u933129390,1588049065,Python,Python (3.4.3),py,Accepted,160,13132,305,
s916322033,p02982,u686962993,1588045006,C++,C++14 (GCC 5.4.1),cpp,Accepted,1,256,674,
s790006609,p02982,u589508454,1588040701,C++,C++14 (GCC 5.4.1),cpp,Wrong Answer,1,256,657,
s707224183,p02982,u371051907,1588032640,C++,C++14 (GCC 5.4.1),cpp,Accepted,1,256,730,
s635558337,p02982,u691446391,1588032286,Python,Python (3.4.3),py,Accepted,18,3064,361,
s426055180,p02982,u514118270,1588021606,Python,PyPy3 (2.4.0),py,Accepted,185,38384,289,
s423434356,p02982,u912952979,1588015430,C++,C++14 (Clang 3.8.0),cpp,Accepted,7,888,798,
s135696703,p02982,u201304522,1588014613,C++,C++14 (GCC 5.4.1),cpp,Accepted,1,256,1057,
s212863723,p02982,u433852402,1588013300,C++,C++14 (GCC 5.4.1),cpp,Accepted,1,256,822,
s657447401,p02982,u130651752,1588002803,C++,C++14 (GCC 5.4.1),cpp,Accepted,1,256,480,
s123517931,p02982,u426966697,1587996941,C++,C++14 (GCC 5.4.1),cpp,Accepted,1,256,895,
s297943038,p02982,u227604873,1587974332,C++,C++14 (GCC 5.4.1),cpp,Accepted,1,256,476,
s271295934,p02982,u420245204,1587961350,C++,C++14 (GCC 5.4.1),cpp,Accepted,1,256,1874,
s505591856,p02982,u409757418,1587960685,Python,Python (3.4.3),py,Accepted,18,3064,361,
s769295097,p02982,u025047544,1587948952,C,C (Clang 3.8.0),c,Accepted,1,128,690,
s575382156,p02982,u969211566,1587948833,Python,Python (3.4.3),py,Accepted,18,3064,338,
s842310736,p02982,u025047544,1587946179,C,C (Clang 3.8.0),c,Wrong Answer,1,384,784,
s626487702,p02982,u152811626,1587943497,C++,C++14 (GCC 5.4.1),cpp,Accepted,2,256,728,
s328195432,p02982,u130651752,1587938243,C++,C++14 (GCC 5.4.1),cpp,Wrong Answer,1,256,492,
s191838985,p02982,u945949346,1587934581,Rust,Rust (1.15.1),rs,Accepted,2,4352,1659,
s506494643,p02982,u870074807,1587933666,C++,C++14 (GCC 5.4.1),cpp,Accepted,1,256,724,
s409535481,p02982,u141786930,1587926974,Python,Python (3.4.3),py,Accepted,18,3064,332,
s008441196,p02982,u048400646,1587920597,C++,C++14 (GCC 5.4.1),cpp,Accepted,1,256,2471,
s761924268,p02982,u048400646,1587920469,C++,C++14 (GCC 5.4.1),cpp,Wrong Answer,1,256,2417,
s749789756,p02982,u737758066,1587917149,Python,PyPy3 (2.4.0),py,Accepted,170,38324,306,
s812073551,p02982,u737758066,1587917057,Python,Python (3.4.3),py,Accepted,18,3060,306,
s388550056,p02982,u073336549,1587907917,C,C (GCC 5.4.1),c,Accepted,1,128,590,
s889909773,p02982,u349724238,1587878890,Python,PyPy3 (2.4.0),py,Accepted,172,39024,334,
s256569778,p02982,u737960041,1587877356,C++,C++14 (GCC 5.4.1),cpp,Accepted,1,256,985,
s326387596,p02982,u419963262,1587876800,Python,Python (3.4.3),py,Accepted,18,3064,1031,
s319282482,p02982,u624613992,1587874117,Python,Python (3.4.3),py,Accepted,18,3064,481,
s942286312,p02982,u739489568,1587873122,C++,C++14 (GCC 5.4.1),cpp,Accepted,1,256,558,
s896657115,p02982,u189867560,1587873032,C++,C++14 (GCC 5.4.1),cpp,Accepted,1,256,813,
s555995328,p02982,u189867560,1587872727,C++,C++14 (GCC 5.4.1),cpp,Wrong Answer,1,256,809,
s605607861,p02982,u189867560,1587872109,C++,C++14 (GCC 5.4.1),cpp,Wrong Answer,1,256,851,
s407497507,p02982,u187013893,1587868528,C++,C++14 (GCC 5.4.1),cpp,Accepted,1,256,768,
s049876706,p02982,u257304866,1587868178,C++,C++14 (GCC 5.4.1),cpp,Accepted,1,256,1104,
s307575974,p02982,u896847891,1587864882,Python,Python (3.4.3),py,Accepted,18,3188,278,
s787078331,p02982,u987326700,1587861075,Python,Python (3.4.3),py,Accepted,18,3064,339,
s198113646,p02982,u915761992,1587857526,C#,C# (Mono 4.6.2.0),cs,Accepted,25,11476,1654,
s511944503,p02982,u507549471,1587852306,C++,C++14 (GCC 5.4.1),cpp,Accepted,1,256,613,
s867423907,p02982,u084320347,1587850528,Python,Python (3.4.3),py,Accepted,18,3064,747,
s669142637,p02982,u084320347,1587850330,Python,Python (3.4.3),py,Accepted,18,3064,309,
s582369359,p02982,u769411997,1587847131,Python,Python (3.4.3),py,Accepted,26,3316,382,
s472290756,p02982,u769411997,1587847061,Python,Python (3.4.3),py,Wrong Answer,18,3064,388,
s039494257,p02982,u769411997,1587846976,Python,Python (3.4.3),py,Wrong Answer,18,3064,377,
s406941719,p02982,u769411997,1587846903,Python,Python (3.4.3),py,Wrong Answer,18,3064,389,
s411454927,p02982,u769411997,1587846829,Python,Python (3.4.3),py,Wrong Answer,18,3064,376,
s779166985,p02982,u821071900,1587843936,C++,C++14 (GCC 5.4.1),cpp,Accepted,1,256,620,
s015195683,p02982,u821071900,1587843527,C++,C++14 (GCC 5.4.1),cpp,Wrong Answer,1,256,618,
s599834988,p02982,u821071900,1587843250,C++,C++14 (GCC 5.4.1),cpp,Wrong Answer,2,256,629,
s312100621,p02982,u821071900,1587842909,C++,C++14 (GCC 5.4.1),cpp,Wrong Answer,1,256,621,
s319364850,p02982,u821071900,1587842809,C++,C++14 (GCC 5.4.1),cpp,Wrong Answer,1,256,621,
s695941453,p02982,u977389981,1587841894,Python,Python (3.4.3),py,Accepted,166,13240,335,
s982880291,p02982,u917518913,1587840028,C++,C++14 (GCC 5.4.1),cpp,Accepted,1,256,637,
s082041152,p02982,u552143188,1587831960,Python,Python (3.4.3),py,Accepted,19,3316,366,
s533388779,p02982,u487594898,1587828473,Python,Python (3.4.3),py,Accepted,154,12480,327,
s572694480,p02982,u145855676,1587823412,C++,C++14 (GCC 5.4.1),cpp,Accepted,1,256,467,
s765131336,p02982,u647875062,1587821001,Ruby,Ruby (2.3.3),rb,Accepted,7,1788,140,
s024546932,p02982,u883040023,1587808872,Python,Python (3.4.3),py,Accepted,151,13488,334,
s174112552,p02982,u383681712,1587787429,C++,C++14 (GCC 5.4.1),cpp,Accepted,1,256,614,
s107305827,p02982,u303621502,1587787034,C++,C++14 (GCC 5.4.1),cpp,Accepted,1,256,314,
s993274631,p02982,u848007850,1587780998,C++,C++14 (GCC 5.4.1),cpp,Accepted,1,256,384,
s204699248,p02982,u106778233,1587775179,Python,Python (3.4.3),py,Accepted,18,3064,306,
s832439869,p02982,u025047544,1587775092,C,C (Clang 3.8.0),c,Wrong Answer,1,384,783,
s992920462,p02982,u025047544,1587775048,C,C (Clang 3.8.0),c,Wrong Answer,1,128,677,
s428892845,p02982,u106778233,1587774575,Python,Python (3.4.3),py,Runtime Error,17,2940,311,
s844061791,p02982,u892922562,1587758670,C++,C++14 (GCC 5.4.1),cpp,Accepted,1,256,1872,
s405273630,p02982,u892922562,1587758502,C++,C++14 (GCC 5.4.1),cpp,Runtime Error,99,256,2001,
s105950773,p02982,u813387707,1587752596,Python,Python (3.4.3),py,Accepted,18,3064,361,
s445251013,p02982,u586121204,1587752120,C++,C++14 (GCC 5.4.1),cpp,Accepted,1,256,810,
s788106429,p02982,u383508661,1587750344,Python,Python (3.4.3),py,Accepted,19,3064,306,
s848542972,p02982,u361948770,1587735301,C++,C++14 (GCC 5.4.1),cpp,Accepted,1,256,846,
s480425756,p02982,u368735320,1587726160,C++,C++14 (GCC 5.4.1),cpp,Accepted,1,256,2010,
s422789452,p02982,u001317235,1587714235,Java,Java8 (OpenJDK 1.8.0),java,Accepted,100,23764,1225,
s993357132,p02982,u102242691,1587700272,Python,Python (3.4.3),py,Accepted,18,3060,282,
s479620685,p02982,u332591228,1587700060,C++,C++14 (GCC 5.4.1),cpp,Accepted,34,31616,2931,
s158389338,p02982,u723843066,1587696644,C++,C++14 (GCC 5.4.1),cpp,Accepted,1,256,1510,
s357533460,p02982,u137913818,1587683012,Python,PyPy3 (2.4.0),py,Accepted,174,38256,310,
s385523275,p02982,u823855263,1587669929,C++,C++14 (GCC 5.4.1),cpp,Accepted,1,256,636,
s151291141,p02982,u871244227,1587669024,Java,Java8 (OpenJDK 1.8.0),java,Accepted,194,28496,1110,
s250091450,p02982,u070488164,1587661848,C++,C++14 (GCC 5.4.1),cpp,Accepted,1,256,621,
s206290337,p02982,u252463862,1587661692,C++,C++14 (GCC 5.4.1),cpp,Accepted,1,256,620,
s560939476,p02982,u863955163,1587658338,Python,Python (3.4.3),py,Accepted,18,3064,314,
s270226315,p02982,u237925781,1587655655,C++,C++14 (GCC 5.4.1),cpp,Accepted,1,256,677,
s866365369,p02982,u610752387,1587649317,C++,C++14 (GCC 5.4.1),cpp,Accepted,1,256,3397,
s512346393,p02982,u610752387,1587649137,C++,C++14 (GCC 5.4.1),cpp,Wrong Answer,1,256,3396,
s459606116,p02982,u398942100,1587640602,C++,C++14 (GCC 5.4.1),cpp,Accepted,2,384,4543,
s965042862,p02982,u808092084,1587639060,C++,C++14 (GCC 5.4.1),cpp,Accepted,2,384,679,
s949422719,p02982,u009937643,1587637791,C++,C++14 (GCC 5.4.1),cpp,Accepted,1,384,774,
s278254020,p02982,u389498936,1587637059,C++,C++14 (GCC 5.4.1),cpp,Accepted,1,256,1126,
s239587056,p02982,u101777447,1587615829,C++,C++14 (GCC 5.4.1),cpp,Accepted,3,256,722,
s831410768,p02982,u303621502,1587615533,C++,C++14 (GCC 5.4.1),cpp,Accepted,1,256,302,
s165586038,p02982,u101777447,1587615360,C++,C++14 (GCC 5.4.1),cpp,Wrong Answer,1,256,535,
s274972558,p02982,u019151685,1587612939,C++,C++14 (GCC 5.4.1),cpp,Accepted,1,256,968,
s971305251,p02982,u019151685,1587612887,C++,C++14 (GCC 5.4.1),cpp,Wrong Answer,1,256,967,
s696945551,p02982,u019151685,1587612508,C++,C++14 (GCC 5.4.1),cpp,Wrong Answer,1,256,961,
s117772356,p02982,u019151685,1587612382,C++,C++14 (GCC 5.4.1),cpp,Wrong Answer,1,256,961,
s389870123,p02982,u019151685,1587610890,C++,C++14 (GCC 5.4.1),cpp,Wrong Answer,1,256,967,
s662183249,p02982,u160064368,1587610568,Rust,Rust (1.15.1),rs,Accepted,6,8700,156692,
s784629697,p02982,u070779615,1587610235,C++,C++14 (GCC 5.4.1),cpp,Accepted,1,256,612,
s012697344,p02982,u298123314,1587607906,C++,C++14 (GCC 5.4.1),cpp,Accepted,1,256,796,
s034324539,p02982,u224794697,1587593494,C++,C++14 (GCC 5.4.1),cpp,Accepted,1,256,823,
s895695228,p02982,u343273517,1587591262,C++,C++14 (GCC 5.4.1),cpp,Accepted,1,256,679,
s791321305,p02982,u450617345,1587589387,Python,Python (3.4.3),py,Accepted,59,3064,394,
s555117338,p02982,u386587421,1587588520,C++,C++14 (GCC 5.4.1),cpp,Accepted,1,256,917,
s477831994,p02982,u878116546,1587584648,C++,C++14 (GCC 5.4.1),cpp,Accepted,1,256,949,
s781283408,p02982,u878116546,1587584594,C++,C++14 (GCC 5.4.1),cpp,Accepted,1,256,949,
s100674198,p02982,u094654185,1587579249,C++,C++14 (GCC 5.4.1),cpp,Accepted,1,256,491,
s626182119,p02982,u094654185,1587579127,C++,C++14 (GCC 5.4.1),cpp,Wrong Answer,3,256,593,
s733953616,p02982,u758831502,1587578892,Python,PyPy3 (2.4.0),py,Accepted,165,38256,321,
s585003815,p02982,u094654185,1587578623,C++,C++14 (GCC 5.4.1),cpp,Wrong Answer,1,256,593,
s060672777,p02982,u913232477,1587575180,Rust,Rust (1.15.1),rs,Accepted,4,8828,313531,
s794369913,p02982,u896053584,1587574054,C++,C++14 (GCC 5.4.1),cpp,Accepted,1,256,491,
s072299107,p02982,u896053584,1587573967,C++,C++14 (GCC 5.4.1),cpp,Compile Error,,,491,
s550693435,p02982,u194930818,1587572664,C++,C++14 (GCC 5.4.1),cpp,Accepted,1,256,788,
s202753133,p02982,u327750344,1587570468,C++,C++14 (GCC 5.4.1),cpp,Accepted,1,256,692,
s316735652,p02982,u894471318,1587568290,C++,C++14 (GCC 5.4.1),cpp,Accepted,1,256,586,
s884450956,p02982,u540631540,1587560581,Python,Python (3.4.3),py,Accepted,18,3060,305,
s068052417,p02982,u993037852,1587534980,C,C (GCC 5.4.1),c,Accepted,1,128,474,
s070959081,p02982,u993037852,1587533384,C,C (GCC 5.4.1),c,Wrong Answer,1,128,539,
s674321441,p02982,u993037852,1587532608,C,C (GCC 5.4.1),c,Compile Error,,,492,
s593465640,p02982,u863442865,1587532400,Python,Python (3.4.3),py,Accepted,21,3316,907,
s004341744,p02982,u810671118,1587528963,Rust,Rust (1.15.1),rs,Accepted,2,4352,2312,
s841762404,p02982,u830770242,1587527062,C++,C++14 (GCC 5.4.1),cpp,Wrong Answer,1,256,774,
s380824669,p02982,u735335967,1587524438,Python,Python (3.4.3),py,Accepted,18,3064,330,
s266196353,p02982,u827277099,1587523949,C++,C++14 (GCC 5.4.1),cpp,Accepted,1,256,442,
s679286325,p02982,u595446852,1587523162,C++,C++14 (GCC 5.4.1),cpp,Accepted,1,256,2737,
s584210124,p02982,u712837698,1587521576,C++,C++14 (GCC 5.4.1),cpp,Accepted,1,256,850,
s008822849,p02982,u464052933,1587518008,C++,C++14 (GCC 5.4.1),cpp,Accepted,1,256,633,
s845845479,p02982,u024764559,1587515590,C++,C++14 (GCC 5.4.1),cpp,Accepted,1,256,2462,
s865839551,p02982,u353919145,1587502663,C++,C++14 (GCC 5.4.1),cpp,Accepted,1,256,774,
s744728241,p02982,u028061225,1587500038,C++,C++14 (GCC 5.4.1),cpp,Accepted,1,256,732,
s073260565,p02982,u563321291,1587494533,Java,Java8 (OpenJDK 1.8.0),java,Accepted,109,21844,2908,
s489127422,p02982,u028061225,1587488209,C++,C++14 (GCC 5.4.1),cpp,Wrong Answer,1,256,719,
s135128402,p02982,u028061225,1587488181,C++,C++14 (GCC 5.4.1),cpp,Compile Error,,,717,
s387398638,p02982,u028061225,1587488145,C++,C++14 (GCC 5.4.1),cpp,Compile Error,,,716,
s471545887,p02982,u839110000,1587482817,Python,Python (3.4.3),py,Accepted,20,3060,330,
s896753838,p02982,u863370423,1587479731,C++,C++14 (GCC 5.4.1),cpp,Accepted,1,256,652,
s116069735,p02982,u276115223,1587474562,Python,Python (3.4.3),py,Accepted,18,3064,355,
s765355996,p02982,u882179152,1587472373,Ruby,Ruby (2.3.3),rb,Accepted,7,1788,276,
s414062195,p02982,u451012573,1587449855,Python,Python (3.4.3),py,Accepted,173,13420,378,
s525111682,p02982,u451012573,1587449835,Python,PyPy3 (2.4.0),py,Runtime Error,165,38256,378,
s966959016,p02982,u018679195,1587447086,C++,C++14 (GCC 5.4.1),cpp,Accepted,1,256,415,
s118362911,p02982,u816631826,1587443956,C++,C++14 (GCC 5.4.1),cpp,Accepted,1,256,4241,
s576099177,p02982,u089230684,1587443143,C++,C++14 (GCC 5.4.1),cpp,Accepted,1,256,454,
s879594194,p02982,u863370423,1587442209,C++,C++14 (GCC 5.4.1),cpp,Accepted,1,256,462,
s408312961,p02982,u031240034,1587441659,C++,C++14 (GCC 5.4.1),cpp,Accepted,1,256,538,
s908045520,p02982,u018679195,1587441485,C++,C++14 (GCC 5.4.1),cpp,Accepted,1,256,709,
s634714419,p02982,u816631826,1587441453,C++,C++14 (GCC 5.4.1),cpp,Accepted,1,256,547,
s096577657,p02982,u089230684,1587441023,C++,C++14 (GCC 5.4.1),cpp,Accepted,2,384,512,
s711694534,p02982,u089230684,1587440999,C++,C++14 (GCC 5.4.1),cpp,Wrong Answer,1,256,743,
s428073499,p02982,u089230684,1587440860,C++,C++14 (GCC 5.4.1),cpp,Wrong Answer,1,256,758,
s672620981,p02982,u018679195,1587440692,C++,C++14 (GCC 5.4.1),cpp,Wrong Answer,1,256,552,
s089613161,p02982,u353919145,1587440649,C++,C++14 (GCC 5.4.1),cpp,Accepted,2,384,684,
s097275417,p02982,u018679195,1587440647,C++,C++14 (GCC 5.4.1),cpp,Accepted,1,256,655,
s060768601,p02982,u018679195,1587440470,C++,C++14 (GCC 5.4.1),cpp,Wrong Answer,1,256,817,
s023813083,p02982,u353919145,1587440355,C++,C++14 (GCC 5.4.1),cpp,Accepted,1,256,2675,
s246833769,p02982,u089230684,1587440306,C++,C++14 (GCC 5.4.1),cpp,Wrong Answer,1,256,680,
s950245624,p02982,u018679195,1587440201,C++,C++14 (GCC 5.4.1),cpp,Accepted,1,256,766,
s794337526,p02982,u353919145,1587439978,C++,C++14 (GCC 5.4.1),cpp,Wrong Answer,1,256,676,
s374724024,p02982,u816631826,1587439911,C++,C++14 (GCC 5.4.1),cpp,Wrong Answer,1,256,665,
s374623272,p02982,u863370423,1587439822,C++,C++14 (GCC 5.4.1),cpp,Accepted,1,256,623,
s856061137,p02982,u089230684,1587439749,C++,C++14 (GCC 5.4.1),cpp,Wrong Answer,1,256,829,
s175736843,p02982,u863370423,1587439490,C++,C++14 (GCC 5.4.1),cpp,Accepted,1,256,531,
s099575790,p02982,u089230684,1587439475,C++,C++14 (GCC 5.4.1),cpp,Wrong Answer,1,256,2550,
s628176845,p02982,u018679195,1587439336,C++,C++14 (GCC 5.4.1),cpp,Accepted,1,256,646,
s852686808,p02982,u863370423,1587438468,C++,C++14 (GCC 5.4.1),cpp,Accepted,1,256,547,
s578668694,p02982,u018679195,1587438376,C++,C++14 (GCC 5.4.1),cpp,Accepted,1,256,2636,
s075151494,p02982,u816631826,1587438336,C++,C++14 (GCC 5.4.1),cpp,Accepted,1,256,655,
s694066523,p02982,u060793972,1587438176,Python,Python (3.4.3),py,Accepted,18,3064,298,
s741750430,p02982,u863370423,1587437618,C++,C++14 (GCC 5.4.1),cpp,Accepted,1,256,1579,
s673846964,p02982,u353919145,1587437054,C++,C++14 (GCC 5.4.1),cpp,Accepted,1,256,801,
s112333406,p02982,u535171899,1587436569,Python,Python (3.4.3),py,Accepted,18,3064,332,
s575376560,p02982,u577774192,1587430843,C++,C++14 (GCC 5.4.1),cpp,Accepted,1,256,2069,
s650716839,p02982,u554781254,1587420693,Python,Python (3.4.3),py,Accepted,149,13400,1008,
s953802133,p02982,u947382132,1587417657,C++,C++14 (GCC 5.4.1),cpp,Accepted,1,256,602,
s018325692,p02982,u423585790,1587414588,Python,PyPy3 (2.4.0),py,Accepted,192,38640,2112,
s898386237,p02982,u348398921,1587408390,C++,C++14 (GCC 5.4.1),cpp,Accepted,1,256,557,
s443261396,p02982,u348398921,1587408232,C++,C++14 (GCC 5.4.1),cpp,Compile Error,,,555,
s077735890,p02982,u018713014,1587404228,C++,C++14 (GCC 5.4.1),cpp,Accepted,1,256,585,
s436580014,p02982,u168684371,1587392595,C++,C++14 (GCC 5.4.1),cpp,Accepted,1,256,735,
s680352055,p02982,u244401500,1587350748,Java,Java8 (OpenJDK 1.8.0),java,Accepted,105,23124,798,
s245471162,p02982,u674052742,1587343917,Python,Python (3.4.3),py,Accepted,18,3064,443,
s536428489,p02982,u266569040,1587343437,Python,Python (3.4.3),py,Accepted,18,3064,361,
s645679927,p02982,u620868411,1587343150,Python,Python (3.4.3),py,Accepted,18,3064,339,
s418523059,p02982,u765690804,1587343076,C++,C++14 (GCC 5.4.1),cpp,Accepted,1,256,4772,
s873748265,p02982,u806403461,1587342714,Python,Python (3.4.3),py,Accepted,31,3060,364,
s083960816,p02982,u370608397,1587341399,C#,C# (Mono 4.6.2.0),cs,Accepted,26,13396,7323,
s980656277,p02982,u239653493,1587341032,Python,Python (3.4.3),py,Accepted,18,3064,330,
s414795144,p02982,u344869639,1587339470,Java,Java8 (OpenJDK 1.8.0),java,Accepted,118,23252,665,
s038345681,p02982,u952090000,1587334407,C++,C++14 (GCC 5.4.1),cpp,Accepted,1,256,3360,
s614705959,p02982,u285891772,1587326328,Python,Python (3.4.3),py,Accepted,56,5844,1029,
s032443372,p02982,u985125584,1587325158,Python,Python (3.4.3),py,Accepted,18,3064,334,
s259251469,p02982,u568877271,1587323234,C++,C++14 (GCC 5.4.1),cpp,Accepted,1,384,618,
s265199097,p02982,u193866675,1587318972,C++,C++14 (GCC 5.4.1),cpp,Accepted,1,256,859,
s602861653,p02982,u446371873,1587313222,C++,C++14 (GCC 5.4.1),cpp,Accepted,1,256,1032,
s227831994,p02982,u446371873,1587313138,C++,C++14 (GCC 5.4.1),cpp,Wrong Answer,1,256,1030,
s233616841,p02982,u344119694,1587310571,C++,C++14 (GCC 5.4.1),cpp,Accepted,1,256,2017,
s097617911,p02982,u914797917,1587297227,Python,Python (3.4.3),py,Accepted,18,3060,288,
s811797893,p02982,u914797917,1587294428,Python,Python (3.4.3),py,Accepted,18,3188,471,
s926284741,p02982,u105001881,1587271886,C++,C++14 (GCC 5.4.1),cpp,Accepted,1,256,3390,
s489287862,p02982,u143618600,1587270637,C++,C++14 (GCC 5.4.1),cpp,Accepted,1,256,2001,
s270352740,p02982,u989306199,1587269465,Python,Python (3.4.3),py,Accepted,18,3060,342,
s107578689,p02982,u812973725,1587268965,C++,C++14 (GCC 5.4.1),cpp,Accepted,1,256,1690,
s335414173,p02982,u228943017,1587267531,C++,C++14 (GCC 5.4.1),cpp,Accepted,1,256,613,
s218479126,p02982,u228943017,1587267440,C++,C++14 (GCC 5.4.1),cpp,Wrong Answer,1,256,613,
s748522078,p02982,u228943017,1587267050,C++,C++14 (GCC 5.4.1),cpp,Wrong Answer,1,256,590,
s657645154,p02982,u576432509,1587260250,Python,Python (3.4.3),py,Accepted,18,3188,510,
s990242579,p02982,u228943017,1587258142,C++,C++14 (GCC 5.4.1),cpp,Wrong Answer,1,256,560,
s765214752,p02982,u492288342,1587257631,C++,C++14 (GCC 5.4.1),cpp,Accepted,1,256,1315,
s788382990,p02982,u492288342,1587257100,C++,C++14 (GCC 5.4.1),cpp,Wrong Answer,1,256,1172,
s726859755,p02982,u371132735,1587251269,Python,Python (3.4.3),py,Accepted,18,3060,490,
s811407418,p02982,u663075270,1587247004,C++,C++14 (GCC 5.4.1),cpp,Accepted,1,256,537,
s984657782,p02982,u401487574,1587246480,Python,Python (3.4.3),py,Accepted,158,12508,298,
s679963103,p02982,u519759783,1587246104,C++,C++14 (GCC 5.4.1),cpp,Accepted,1,256,700,
s584816259,p02982,u636683284,1587246030,Python,PyPy3 (2.4.0),py,Accepted,179,38384,346,
s960748580,p02982,u556125658,1587243822,Java,Java8 (OpenJDK 1.8.0),java,Accepted,111,23764,837,
s449306979,p02982,u045224675,1587243084,C++,C++14 (GCC 5.4.1),cpp,Accepted,1,256,1014,
s510551291,p02982,u306516971,1587238873,Python,Python (3.4.3),py,Accepted,18,3064,335,
s677026165,p02982,u415154163,1587237626,Python,PyPy3 (2.4.0),py,Accepted,167,38384,392,
s458677641,p02982,u131944095,1587237244,Python,Python (3.4.3),py,Accepted,18,3064,318,
s435932692,p02982,u989306199,1587237164,C++,C++14 (GCC 5.4.1),cpp,Accepted,1,256,1025,
s007668854,p02982,u363892646,1587236715,C++,C++14 (GCC 5.4.1),cpp,Accepted,1,256,693,
s735483168,p02982,u553987207,1587232969,Python,Python (3.4.3),py,Accepted,37,3064,335,
s605776018,p02982,u188745744,1587232327,Python,Python (3.4.3),py,Accepted,18,3064,443,
s673242128,p02982,u553987207,1587232013,Python,Python (3.4.3),py,Accepted,17,3064,328,
s693837759,p02982,u969850098,1587231312,Python,Python (3.4.3),py,Accepted,17,3188,545,
s154619394,p02982,u668785999,1587230554,C++,C++14 (GCC 5.4.1),cpp,Accepted,1,256,1663,
s587639057,p02982,u107464079,1587229485,C++,C++14 (GCC 5.4.1),cpp,Accepted,1,256,503,
s372185159,p02982,u107464079,1587229434,C++,C++14 (GCC 5.4.1),cpp,Wrong Answer,1,256,502,
s770141234,p02982,u676754184,1587228145,C#,C# (Mono 4.6.2.0),cs,Accepted,26,13396,1342,
s902573834,p02982,u017603316,1587224460,Python,PyPy3 (2.4.0),py,Accepted,179,38484,611,
s294416445,p02982,u363892646,1587224437,C++,C++14 (GCC 5.4.1),cpp,Accepted,1,256,495,
s999041407,p02982,u426449570,1587223909,C++,C++14 (GCC 5.4.1),cpp,Accepted,1,256,557,
s450013407,p02982,u835283937,1587221634,Python,Python (3.4.3),py,Accepted,19,3060,425,
s857208636,p02982,u706341784,1587191145,C++,C++14 (GCC 5.4.1),cpp,Accepted,1,256,610,
s643042066,p02982,u934052933,1587188203,Python,Python (3.4.3),py,Accepted,154,12280,382,
s193074735,p02982,u223160139,1587187555,C++,C++14 (GCC 5.4.1),cpp,Accepted,1,256,1102,
s935901405,p02982,u223160139,1587187354,C++,C++14 (GCC 5.4.1),cpp,Accepted,1,256,1098,
s831392462,p02982,u223160139,1587187231,C++,C++14 (GCC 5.4.1),cpp,Wrong Answer,1,256,1261,
s169191115,p02982,u223160139,1587187069,C++,C++14 (GCC 5.4.1),cpp,Wrong Answer,1,256,1247,
s769769190,p02982,u223160139,1587186956,C++,C++14 (GCC 5.4.1),cpp,Wrong Answer,1,256,1246,
s637192012,p02982,u873839198,1587182915,Python,Python (3.4.3),py,Accepted,20,3064,353,
s019855957,p02982,u363892646,1587182232,C++,C++14 (GCC 5.4.1),cpp,Accepted,1,256,483,
s884967366,p02982,u193264896,1587178628,Python,Python (3.4.3),py,Accepted,149,12484,582,
s167485212,p02982,u000349418,1587176932,Python,Python (3.4.3),py,Accepted,20,3064,559,
s879565713,p02982,u578775554,1587175489,Java,Java8 (OpenJDK 1.8.0),java,Accepted,120,25044,1007,
s489627879,p02982,u649423108,1587175382,Java,Java8 (OpenJDK 1.8.0),java,Accepted,107,21588,946,
s134381167,p02982,u616169109,1587173411,Python,Python (3.4.3),py,Accepted,18,3064,467,
s775243539,p02982,u093973314,1587172418,C++,C++14 (GCC 5.4.1),cpp,Accepted,1,256,585,
s023283341,p02982,u363892646,1587168864,C++,C++14 (GCC 5.4.1),cpp,Accepted,1,256,489,
s153463512,p02982,u645614197,1587165021,Java,Java8 (OpenJDK 1.8.0),java,Wrong Answer,99,23764,441,
s100695193,p02982,u645614197,1587163751,Java,Java8 (OpenJDK 1.8.0),java,Wrong Answer,109,23636,728,
s492163059,p02982,u666880357,1587163592,Java,Java8 (OpenJDK 1.8.0),java,Accepted,109,21844,882,
s811441393,p02982,u645614197,1587163244,Java,Java8 (OpenJDK 1.8.0),java,Wrong Answer,110,24020,735,
s278289348,p02982,u666880357,1587163240,Java,Java8 (OpenJDK 1.8.0),java,Wrong Answer,110,23764,816,
s136122282,p02982,u645614197,1587163181,Java,Java8 (OpenJDK 1.8.0),java,Wrong Answer,110,21844,724,
s020917310,p02982,u032174114,1587162490,Java,Java8 (OpenJDK 1.8.0),java,Accepted,100,23764,928,
s656887772,p02982,u994307795,1587158937,Python,Python (3.4.3),py,Accepted,18,3064,264,
s621931406,p02982,u045238009,1587158008,Lua,Lua (5.3.2),lua,Accepted,3,376,542,
s141678271,p02982,u262597910,1587156516,Python,Python (3.4.3),py,Accepted,18,3188,291,
s381882153,p02982,u631429391,1587155718,Python,Python (3.4.3),py,Accepted,18,3064,458,
s101177944,p02982,u749388872,1587146906,Haskell,Haskell (GHC 7.10.3),hs,Accepted,2,1020,3907,
s475013314,p02982,u238956837,1587140797,Ruby,Ruby (2.3.3),rb,Accepted,7,1788,289,
s469854764,p02982,u771007149,1587098720,Python,Python (3.4.3),py,Accepted,18,3064,499,
s516101746,p02982,u858670323,1587096223,C++,C++14 (GCC 5.4.1),cpp,Accepted,1,256,542,
s803436938,p02982,u858670323,1587096085,C++,C++14 (GCC 5.4.1),cpp,Compile Error,,,539,
s343237759,p02982,u858670323,1587096024,C++,C++14 (GCC 5.4.1),cpp,Compile Error,,,515,
s408389911,p02982,u616017354,1587091248,C++,C++14 (GCC 5.4.1),cpp,Wrong Answer,622,256,788,
s733466349,p02982,u655179794,1587087113,C++,C++14 (GCC 5.4.1),cpp,Accepted,1,256,1076,
s695496433,p02982,u655179794,1587086947,C++,C++14 (GCC 5.4.1),cpp,Wrong Answer,1,256,1051,
s556846641,p02982,u655179794,1587085898,C++,C++14 (GCC 5.4.1),cpp,Compile Error,,,1095,
s667789744,p02982,u655179794,1587085791,C++,C++14 (GCC 5.4.1),cpp,Compile Error,,,1083,
s417812578,p02982,u655179794,1587085686,C++,C++14 (GCC 5.4.1),cpp,Compile Error,,,1081,
s492968500,p02982,u655179794,1587085085,C++,C++14 (GCC 5.4.1),cpp,Compile Error,,,1063,
s794377148,p02982,u655179794,1587085053,C++,C++14 (GCC 5.4.1),cpp,Compile Error,,,1062,
s325920173,p02982,u634576930,1587084555,Python,Python (3.4.3),py,Accepted,18,3060,325,
s355923716,p02982,u105124953,1587080936,Python,PyPy3 (2.4.0),py,Accepted,177,38256,390,
s561068410,p02982,u478462004,1587076837,C++,C++14 (GCC 5.4.1),cpp,Accepted,1,256,828,
s425404584,p02982,u223663729,1587076729,Python,Python (3.4.3),py,Accepted,20,2940,291,
s159801979,p02982,u249433240,1587071536,Java,Java8 (OpenJDK 1.8.0),java,Accepted,106,21844,902,
s494407990,p02982,u466335531,1587069042,C++,C++14 (GCC 5.4.1),cpp,Accepted,1,256,602,
s766508703,p02982,u416650504,1587060115,F#,F# (Mono 4.0),fs,Accepted,30,13524,575,
s521077428,p02982,u450089835,1587052554,C++,C++14 (GCC 5.4.1),cpp,Accepted,1,256,665,
s841496361,p02982,u326080192,1587041440,C++,C++14 (GCC 5.4.1),cpp,Accepted,1,256,497,
s628400098,p02982,u767481489,1587033424,C++,C++14 (GCC 5.4.1),cpp,Accepted,1,256,739,
s057510797,p02982,u924373338,1587028377,C++,C++14 (GCC 5.4.1),cpp,Accepted,1,256,1240,
s246884357,p02982,u526894223,1587017269,C++,C++14 (GCC 5.4.1),cpp,Accepted,1,256,1372,
s265957640,p02982,u101018317,1587005530,C++,C++14 (GCC 5.4.1),cpp,Accepted,1,256,498,
s810281941,p02982,u632527507,1587002862,C++,C++14 (GCC 5.4.1),cpp,Accepted,1,256,692,
s953212378,p02982,u632527507,1587002767,C++,C++14 (GCC 5.4.1),cpp,Wrong Answer,1,256,699,
s454960781,p02982,u957377447,1587001944,C++,C++14 (GCC 5.4.1),cpp,Accepted,1,256,906,
s712563624,p02982,u277556971,1587000588,C++,C++14 (GCC 5.4.1),cpp,Accepted,1,256,2081,
s244240356,p02982,u590825760,1586998597,C++,C++14 (GCC 5.4.1),cpp,Accepted,1,256,492,
s067226473,p02982,u165018080,1586995132,C++,C++14 (GCC 5.4.1),cpp,Accepted,1,256,574,
s816192018,p02982,u165018080,1586994964,C++,C++14 (GCC 5.4.1),cpp,Wrong Answer,2,256,568,
s372261681,p02982,u165018080,1586994885,C++,C++14 (GCC 5.4.1),cpp,Wrong Answer,1,256,562,
s911244766,p02982,u599380526,1586994800,C++,C++14 (GCC 5.4.1),cpp,Accepted,1,256,470,
s355349671,p02982,u168474884,1586994646,C++,C++14 (GCC 5.4.1),cpp,Accepted,1,256,496,
s781020362,p02982,u168474884,1586994542,C++,C++14 (GCC 5.4.1),cpp,Wrong Answer,1,256,495,
s485905202,p02982,u247576416,1586993790,C++,C++14 (GCC 5.4.1),cpp,Accepted,1,256,627,
s825992970,p02982,u827974318,1586991314,C++,C++14 (GCC 5.4.1),cpp,Accepted,2,256,427,
s627576300,p02982,u472696272,1586990416,Python,Python (3.4.3),py,Accepted,18,3064,291,
s957851339,p02982,u472696272,1586990018,Python,Python (3.4.3),py,Wrong Answer,19,3188,280,
s633882885,p02982,u261700262,1586986105,Python,Python (3.4.3),py,Accepted,17,3064,444,
s574968412,p02982,u301624971,1586985853,Python,Python (3.4.3),py,Accepted,18,3064,580,
s102560567,p02982,u444722572,1586981637,Python,Python (3.4.3),py,Accepted,19,3188,316,
s860290653,p02982,u870559097,1586979994,Python,PyPy3 (2.4.0),py,Accepted,166,38384,282,
s410450394,p02982,u512964959,1586979867,Python,Python (3.4.3),py,Accepted,20,3064,315,
s654645275,p02982,u358774056,1586976146,C++,C++14 (GCC 5.4.1),cpp,Accepted,3,512,874,
s907618640,p02982,u143051858,1586975498,Python,Python (3.4.3),py,Accepted,18,3064,305,
s131010356,p02982,u143051858,1586975471,C++,C++14 (GCC 5.4.1),cpp,Compile Error,,,305,
s955124102,p02982,u358774056,1586975117,C++,C++14 (GCC 5.4.1),cpp,Wrong Answer,3,512,966,
s811137168,p02982,u194015723,1586970626,C++,C++14 (GCC 5.4.1),cpp,Accepted,1,256,682,
s055672231,p02982,u652656291,1586965383,Python,Python (3.4.3),py,Accepted,18,3060,281,
s567514812,p02982,u337626942,1586960981,Python,Python (3.4.3),py,Accepted,18,3064,276,
s352081321,p02982,u584787460,1586960533,C++,C++14 (GCC 5.4.1),cpp,Accepted,1,256,2015,
s415129814,p02982,u642883360,1586960037,C++,C++14 (GCC 5.4.1),cpp,Accepted,1,256,577,
s308246880,p02982,u264405855,1586950814,C++,C++14 (GCC 5.4.1),cpp,Accepted,2,256,4482,
s311367354,p02982,u264405855,1586950354,C++,C++14 (GCC 5.4.1),cpp,Wrong Answer,1,256,4414,
s036308426,p02982,u686230543,1586939790,Python,Python (3.4.3),py,Accepted,164,12968,322,
s619705494,p02982,u159994501,1586927960,Python,Python (3.4.3),py,Accepted,155,12444,312,
s824970310,p02982,u375398641,1586926210,C++,C++14 (GCC 5.4.1),cpp,Accepted,1,256,539,
s730212616,p02982,u607564800,1586917751,C++,C++14 (GCC 5.4.1),cpp,Accepted,1,256,664,
s060177756,p02982,u307592354,1586916343,Ruby,Ruby (2.3.3),rb,Accepted,10,2044,758,
s586905620,p02982,u914707890,1586912247,C++,C++14 (GCC 5.4.1),cpp,Accepted,1,256,510,
s106994304,p02982,u459402168,1586908643,C++,C++14 (GCC 5.4.1),cpp,Accepted,1,256,1379,
s997183367,p02982,u816145694,1586904853,C++,C++14 (GCC 5.4.1),cpp,Accepted,1,256,603,
s229593065,p02982,u406634703,1586900939,C++,C++14 (GCC 5.4.1),cpp,Accepted,1,256,554,
s151961845,p02982,u014442925,1586894907,C++,C++14 (GCC 5.4.1),cpp,Accepted,1,256,6322,
s725583012,p02982,u654949547,1586892468,C++,C++14 (GCC 5.4.1),cpp,Accepted,1,256,750,
s268778002,p02982,u679520304,1586884385,Python,PyPy3 (2.4.0),py,Accepted,179,38256,350,
s656395434,p02982,u646962247,1586871890,C++,C++14 (GCC 5.4.1),cpp,Accepted,1,256,1073,
s575321856,p02982,u845442981,1586863532,Java,Java8 (OpenJDK 1.8.0),java,Accepted,110,23252,879,
s858766885,p02982,u203979694,1586840828,C++,C++14 (GCC 5.4.1),cpp,Accepted,1,256,644,
s735045746,p02982,u457985479,1586839592,C++,C++14 (GCC 5.4.1),cpp,Accepted,1,256,2137,
s333245623,p02982,u553070631,1586831273,Python,Python (3.4.3),py,Accepted,19,3064,346,
s017651318,p02982,u553070631,1586831236,Python,PyPy3 (2.4.0),py,Accepted,167,38256,346,
s526318865,p02982,u764118909,1586816439,C++,C++14 (GCC 5.4.1),cpp,Accepted,1,256,855,
s970269208,p02982,u852862907,1586813552,C++,C++14 (GCC 5.4.1),cpp,Accepted,1,256,4100,
s887716256,p02982,u298633786,1586805437,Python,PyPy3 (2.4.0),py,Accepted,168,38256,377,
s165654940,p02982,u619653948,1586805203,C++,C++14 (GCC 5.4.1),cpp,Accepted,1,256,544,
s549320803,p02982,u619382421,1586803128,C++,C++14 (GCC 5.4.1),cpp,Accepted,2,384,713,
s032132483,p02982,u896014917,1586794234,C++,C++14 (GCC 5.4.1),cpp,Accepted,1,256,1973,
s188561997,p02982,u246366098,1586784819,C++,C++14 (GCC 5.4.1),cpp,Accepted,1,256,504,
s833867557,p02982,u246366098,1586784783,C++,C++14 (GCC 5.4.1),cpp,Compile Error,,,501,
s306987150,p02982,u765815947,1586774132,C++,C++14 (Clang 3.8.0),cpp,Accepted,1,256,1598,
s362693064,p02982,u932038818,1586767283,Rust,Rust (1.15.1),rs,Accepted,6,8700,155366,
s654790758,p02982,u790626495,1586764383,C++,C++14 (GCC 5.4.1),cpp,Wrong Answer,1,256,948,
s533259522,p02982,u086776991,1586756680,C++,C++14 (GCC 5.4.1),cpp,Accepted,1,256,547,
s020743022,p02982,u581816556,1586754909,C,C (GCC 5.4.1),c,Accepted,1,128,663,
s872209124,p02982,u253584031,1586754506,C,C (GCC 5.4.1),c,Accepted,1,128,648,
s780946072,p02982,u796273093,1586753336,C++,C++14 (GCC 5.4.1),cpp,Accepted,1,256,631,
s698411876,p02982,u832871520,1586753245,Python,Python (3.4.3),py,Accepted,18,3064,318,
s871170440,p02982,u575802441,1586738955,C++,C++14 (GCC 5.4.1),cpp,Accepted,1,256,602,
s177116022,p02982,u624645160,1586736208,C++,C++14 (GCC 5.4.1),cpp,Accepted,1,256,2651,
s742111187,p02982,u342075214,1586733884,C++,C++14 (GCC 5.4.1),cpp,Accepted,1,256,586,
s741677031,p02982,u760636024,1586730055,Python,PyPy3 (2.4.0),py,Accepted,167,38384,286,
s921000846,p02982,u201802797,1586721556,Python,Python (3.4.3),py,Accepted,18,3064,385,
s717981625,p02982,u476027087,1586721054,C++,C++14 (GCC 5.4.1),cpp,Accepted,1,256,746,
s501945288,p02982,u955627293,1586713665,C++,C++14 (GCC 5.4.1),cpp,Accepted,1,256,973,
s183409843,p02982,u458311335,1586712650,C++,C++14 (GCC 5.4.1),cpp,Accepted,1,256,789,
s654818267,p02982,u554990639,1586708264,C++,C++14 (GCC 5.4.1),cpp,Accepted,1,256,2130,
s356948090,p02982,u252964975,1586708245,Python,Python (3.4.3),py,Accepted,17,3188,284,
s452797555,p02982,u347600233,1586703662,Python,Python (3.4.3),py,Accepted,19,3064,329,
s749348030,p02982,u648284535,1586701385,C++,C++14 (GCC 5.4.1),cpp,Accepted,1,256,866,
s974530656,p02982,u854992222,1586701185,Python,Python (3.4.3),py,Accepted,18,3064,425,
s683483132,p02982,u334644046,1586691037,C++,C++14 (GCC 5.4.1),cpp,Accepted,1,256,1370,
s100656273,p02982,u316226687,1586682759,C++,C++14 (GCC 5.4.1),cpp,Accepted,1,256,656,
s942477431,p02982,u706001235,1586676150,C++,C++14 (GCC 5.4.1),cpp,Accepted,1,256,1034,
s704235242,p02982,u851574063,1586668564,C++,C++14 (GCC 5.4.1),cpp,Accepted,1,256,547,
s661148719,p02982,u501547554,1586668075,C++,C++14 (GCC 5.4.1),cpp,Accepted,1,256,2285,
s436138463,p02982,u501547554,1586667701,C++,C++14 (GCC 5.4.1),cpp,Wrong Answer,1,256,2280,
s191883668,p02982,u501547554,1586667601,C++,C++14 (GCC 5.4.1),cpp,Wrong Answer,1,256,2275,
s978976274,p02982,u912115033,1586661239,Python,Python (3.4.3),py,Accepted,20,3064,319,
s718989201,p02982,u912115033,1586661124,Python,Python (3.4.3),py,Wrong Answer,17,3064,318,
s535415090,p02982,u879949614,1586659033,C++,C++14 (GCC 5.4.1),cpp,Accepted,1,256,761,
s214983902,p02982,u549383771,1586651541,Python,Python (3.4.3),py,Accepted,149,12500,403,
s062162445,p02982,u896741788,1586643875,Python,Python (3.4.3),py,Accepted,17,3064,283,
s451475381,p02982,u229429359,1586642395,Python,Python (3.4.3),py,Accepted,18,3064,340,
s514235211,p02982,u229156891,1586637650,Python,Python (3.4.3),py,Accepted,18,3064,342,
s480712855,p02982,u820341516,1586636580,C++,C++14 (GCC 5.4.1),cpp,Accepted,1,256,1260,
s103781146,p02982,u583628727,1586636549,C++,C++14 (GCC 5.4.1),cpp,Accepted,1,256,605,
s372481898,p02982,u820341516,1586636420,C++,C++14 (GCC 5.4.1),cpp,Wrong Answer,1,256,1250,
s673926513,p02982,u013281968,1586634836,C++,C++14 (GCC 5.4.1),cpp,Accepted,1,256,1008,
s241241891,p02982,u231189826,1586634523,Python,Python (3.4.3),py,Accepted,17,3064,399,
s869319278,p02982,u709799578,1586634165,Python,Python (3.4.3),py,Accepted,18,3064,355,
s701646371,p02982,u199184624,1586634131,C++,C++14 (GCC 5.4.1),cpp,Accepted,1,256,779,
s576469071,p02982,u139478771,1586633750,Kotlin,Kotlin (1.0.0),kt,Accepted,241,36440,597,
s508856010,p02982,u628597699,1586633540,C++,C++14 (GCC 5.4.1),cpp,Accepted,1,256,768,
s999421456,p02982,u935370883,1586633463,C++,C++14 (GCC 5.4.1),cpp,Accepted,1,256,806,
s000458296,p02982,u628597699,1586633386,C++,C++14 (GCC 5.4.1),cpp,Wrong Answer,1,256,773,
s588565240,p02982,u628597699,1586633366,C,C (GCC 5.4.1),c,Compile Error,,,772,
s281332693,p02982,u363936720,1586633242,C++,C++14 (GCC 5.4.1),cpp,Accepted,1,256,1165,
s605998223,p02982,u374671031,1586633198,Python,Python (3.4.3),py,Accepted,17,3064,288,
s328438049,p02982,u615258936,1586633064,C++,C++14 (GCC 5.4.1),cpp,Accepted,5,768,737,
s824471940,p02982,u601444374,1586632976,C++,C++14 (GCC 5.4.1),cpp,Accepted,1,256,1069,
s991272705,p02982,u472696272,1586631780,Python,Python (3.4.3),py,Accepted,17,3064,517,
s154231570,p02982,u001534842,1586628729,C++,C++14 (GCC 5.4.1),cpp,Accepted,1,256,820,
s610519725,p02982,u115927976,1586627480,C++,C++14 (GCC 5.4.1),cpp,Accepted,1,256,608,
s871849842,p02982,u152335469,1586621345,C++,C++14 (GCC 5.4.1),cpp,Accepted,1,256,1228,
s423103631,p02982,u582486901,1586614463,C#,C# (Mono 4.6.2.0),cs,Accepted,32,13780,8696,
s562842297,p02982,u557565572,1586611621,C++,C++14 (GCC 5.4.1),cpp,Accepted,1,256,1009,
s786798105,p02982,u810356688,1586609183,Python,Python (3.4.3),py,Accepted,18,3064,340,
s236635502,p02982,u810356688,1586609019,Python,Python (3.4.3),py,Wrong Answer,18,3064,339,
s685509065,p02982,u297046168,1586598252,Python,PyPy3 (2.4.0),py,Accepted,167,38256,381,
s233490780,p02982,u705427370,1586581911,Python,Python (3.4.3),py,Accepted,17,3188,307,
s971298075,p02982,u021916304,1586578805,Python,Python (3.4.3),py,Accepted,18,3188,446,
s130455519,p02982,u011716617,1586576600,C++,C++14 (GCC 5.4.1),cpp,Accepted,1,256,655,
s869230784,p02982,u556589653,1586575781,Python,Python (3.4.3),py,Accepted,18,3064,382,
s750566523,p02982,u556589653,1586575726,Python,Python (3.4.3),py,Runtime Error,18,3064,374,
s206238569,p02982,u389577910,1586564266,C++,C++14 (GCC 5.4.1),cpp,Accepted,1,256,759,
s268184859,p02982,u389577910,1586564247,C++,C++14 (GCC 5.4.1),cpp,Compile Error,,,647,
s464284657,p02982,u731665172,1586556524,C++,C++14 (GCC 5.4.1),cpp,Accepted,1,256,538,
s743384058,p02982,u731665172,1586556228,C++,C++14 (GCC 5.4.1),cpp,Accepted,1,256,538,
s341311010,p02982,u731665172,1586556070,C++,C++14 (GCC 5.4.1),cpp,Runtime Error,100,256,536,
s019669163,p02982,u731665172,1586555929,C++,C++14 (GCC 5.4.1),cpp,Runtime Error,103,256,537,
s405868480,p02982,u731665172,1586555865,C++,C++14 (GCC 5.4.1),cpp,Wrong Answer,1,256,524,
s914997811,p02982,u731665172,1586555657,C++,C++14 (GCC 5.4.1),cpp,Wrong Answer,1,256,539,
s822247655,p02982,u731665172,1586555425,C++,C++14 (GCC 5.4.1),cpp,Compile Error,,,541,
s924758886,p02982,u731665172,1586555386,C++,C++14 (GCC 5.4.1),cpp,Compile Error,,,541,
s668827858,p02982,u835805357,1586552903,C++,C++14 (GCC 5.4.1),cpp,Accepted,1,256,881,
s343520282,p02982,u835805357,1586552838,C++,C++14 (GCC 5.4.1),cpp,Runtime Error,98,256,881,
s879403358,p02982,u731665172,1586550554,C++,C++14 (GCC 5.4.1),cpp,Wrong Answer,1,256,533,
s623302516,p02982,u077870329,1586550169,C,C (GCC 5.4.1),c,Accepted,1,128,718,
s585548220,p02982,u731665172,1586548797,C++,C++14 (GCC 5.4.1),cpp,Wrong Answer,1,256,533,
s405295301,p02982,u731665172,1586548543,C++,C++14 (GCC 5.4.1),cpp,Wrong Answer,1,256,532,
s421532310,p02982,u731665172,1586548481,C++,C++14 (GCC 5.4.1),cpp,Compile Error,,,526,
s450565008,p02982,u731665172,1586548385,C++,C++14 (GCC 5.4.1),cpp,Wrong Answer,1,256,529,
s388277358,p02982,u731665172,1586548034,C++,C++14 (GCC 5.4.1),cpp,Wrong Answer,1,256,529,
s901679981,p02982,u731665172,1586547976,C++,C++14 (GCC 5.4.1),cpp,Compile Error,,,508,
s387212538,p02982,u731665172,1586547865,C++,C++14 (GCC 5.4.1),cpp,Compile Error,,,520,
s517044493,p02982,u731665172,1586547828,C++,C++14 (GCC 5.4.1),cpp,Compile Error,,,500,
s040292167,p02982,u731665172,1586547709,C++,C++14 (GCC 5.4.1),cpp,Compile Error,,,476,
s281281364,p02982,u474760662,1586542150,C++,C++14 (GCC 5.4.1),cpp,Accepted,1,256,939,
s393063735,p02982,u235745986,1586541339,C++,C++14 (GCC 5.4.1),cpp,Accepted,1,256,669,
s238263195,p02982,u279976468,1586531682,C++,C++14 (GCC 5.4.1),cpp,Accepted,1,256,1132,
s081996057,p02982,u029000441,1586525120,Python,Python (3.4.3),py,Accepted,18,3064,461,
s290681756,p02982,u601575292,1586522208,Python,Python (3.4.3),py,Accepted,18,3064,351,
s951523178,p02982,u313970998,1586516186,C++,C++14 (GCC 5.4.1),cpp,Accepted,2,256,450,
s999221092,p02982,u135957438,1586501512,C++,C++14 (GCC 5.4.1),cpp,Accepted,1,256,753,
s488318125,p02982,u893297141,1586492144,C++,C++14 (GCC 5.4.1),cpp,Accepted,1,256,496,
s822999568,p02982,u893297141,1586492024,C++,C++14 (GCC 5.4.1),cpp,Wrong Answer,1,256,494,
s314807698,p02982,u893297141,1586491971,C++,C++14 (GCC 5.4.1),cpp,Compile Error,,,496,
s238030662,p02982,u893297141,1586491894,C++,C++14 (GCC 5.4.1),cpp,Compile Error,,,490,
s644875035,p02982,u328811800,1586485118,C++,C++14 (GCC 5.4.1),cpp,Accepted,1,256,559,
s994389302,p02982,u328811800,1586484987,C++,C++14 (GCC 5.4.1),cpp,Time Limit Exceeded,2103,256,559,
s973344677,p02982,u328811800,1586484532,C++,C++14 (GCC 5.4.1),cpp,Compile Error,,,557,
s108115397,p02982,u328811800,1586484491,C++,C++14 (GCC 5.4.1),cpp,Compile Error,,,563,
s801881376,p02982,u328811800,1586484458,C++,C++14 (GCC 5.4.1),cpp,Compile Error,,,561,
s117579316,p02982,u328811800,1586484393,C++,C++14 (GCC 5.4.1),cpp,Compile Error,,,553,
s948794893,p02982,u328811800,1586484304,C++,C++14 (GCC 5.4.1),cpp,Compile Error,,,550,
s294267950,p02982,u584790715,1586474091,C++,C++14 (GCC 5.4.1),cpp,Accepted,1,256,1667,
s545476957,p02982,u584790715,1586473838,C++,C++14 (GCC 5.4.1),cpp,Accepted,1,256,1667,
s903190957,p02982,u749643742,1586471264,C++,C++14 (GCC 5.4.1),cpp,Accepted,1,256,712,
s850790912,p02982,u840958781,1586470951,Python,Python (3.4.3),py,Accepted,18,3060,288,
s677147346,p02982,u751717561,1586467293,Python,Python (3.4.3),py,Accepted,17,3064,295,
s706006302,p02982,u773265208,1586466681,Python,Python (3.4.3),py,Accepted,18,3064,451,
s349260066,p02982,u069744971,1586465785,Python,Python (3.4.3),py,Accepted,18,3060,278,
s755274648,p02982,u893907405,1586465607,C++,C++14 (GCC 5.4.1),cpp,Accepted,1,256,731,
s763012143,p02982,u872538555,1586465460,Python,Python (3.4.3),py,Accepted,148,12452,422,
s422541261,p02982,u893907405,1586465239,C++,C++14 (GCC 5.4.1),cpp,Wrong Answer,1,256,730,
s759856673,p02982,u893907405,1586464813,C++,C++14 (GCC 5.4.1),cpp,Compile Error,,,715,
s988608962,p02982,u297651868,1586459186,Python,Python (3.4.3),py,Accepted,18,3188,291,
s148805348,p02982,u459150945,1586458469,Python,Python (3.4.3),py,Accepted,18,3060,322,
s121129695,p02982,u987575170,1586455296,C++,C++14 (GCC 5.4.1),cpp,Accepted,1,256,585,
s996307220,p02982,u987575170,1586454726,C++,C++14 (GCC 5.4.1),cpp,Wrong Answer,1,256,714,
s564113498,p02982,u084218424,1586451681,C++,C++14 (GCC 5.4.1),cpp,Accepted,1,256,1402,
s798905252,p02982,u068750695,1586451195,Python,Python (3.4.3),py,Accepted,27,3064,550,
s363574276,p02982,u967669872,1586446546,Go,Go (1.6),go,Accepted,1,640,5825,
s795757245,p02982,u580258754,1586442887,C++,C++14 (GCC 5.4.1),cpp,Accepted,1,256,2426,
s958134301,p02982,u050087249,1586403728,C++,C++14 (GCC 5.4.1),cpp,Accepted,1,256,711,
s512499063,p02982,u663438907,1586402351,Python,Python (3.4.3),py,Accepted,18,3064,341,
s464985687,p02982,u749770850,1586401910,Python,Python (3.4.3),py,Accepted,21,3064,397,
s490171247,p02982,u147331814,1586398267,C++,C++14 (GCC 5.4.1),cpp,Accepted,1,256,685,
s355863718,p02982,u360085167,1586397081,Python,PyPy3 (2.4.0),py,Accepted,165,38256,398,
s485879514,p02982,u105533331,1586383953,C++,C++14 (GCC 5.4.1),cpp,Accepted,1,256,446,
s083333592,p02982,u994074033,1586376735,C++,C++14 (GCC 5.4.1),cpp,Accepted,1,256,439,
s206269520,p02982,u994074033,1586376719,C++,C++14 (GCC 5.4.1),cpp,Compile Error,,,441,
s780168989,p02982,u631438357,1586376374,C++,C++14 (GCC 5.4.1),cpp,Accepted,1,256,1678,
s256141935,p02982,u342703951,1586368898,C++,C++14 (GCC 5.4.1),cpp,Accepted,1,256,773,
s295996174,p02982,u645855527,1586367363,Python,PyPy3 (2.4.0),py,Accepted,166,38384,400,
s778019838,p02982,u473023730,1586363826,C++,C++14 (GCC 5.4.1),cpp,Accepted,1,256,695,
s691089453,p02982,u473023730,1586363782,C++,C++14 (GCC 5.4.1),cpp,Wrong Answer,1,256,725,
s395791898,p02982,u773711732,1586318288,Python,Python (3.4.3),py,Accepted,18,3064,378,
s500878179,p02982,u056912761,1586316517,C,C (GCC 5.4.1),c,Accepted,1,128,491,
s089593364,p02982,u569322757,1586315237,Python,Python (3.4.3),py,Accepted,18,3188,283,
s100587521,p02982,u391819434,1586313810,Python,Python (3.4.3),py,Accepted,17,3064,328,
s590470275,p02982,u539281377,1586310879,Python,Python (3.4.3),py,Accepted,17,3060,213,
s514243449,p02982,u073139376,1586310738,Python,Python (3.4.3),py,Accepted,150,12448,315,
s709559205,p02982,u491550356,1586305833,Go,Go (1.6),go,Accepted,1,640,1152,
s719081735,p02982,u145600939,1586305108,Python,Python (3.4.3),py,Accepted,18,3188,268,
s022215492,p02982,u145600939,1586304145,Python,Python (3.4.3),py,Wrong Answer,18,3060,264,
s710932150,p02982,u257571179,1586297350,C++,C++14 (GCC 5.4.1),cpp,Accepted,1,256,807,
s154731306,p02982,u437779154,1586280275,C++,C++14 (GCC 5.4.1),cpp,Accepted,1,256,599,
s190171402,p02982,u894074703,1586271120,Python,PyPy3 (2.4.0),py,Accepted,182,38256,546,
s786905818,p02982,u017624958,1586266848,Python,Python (3.4.3),py,Accepted,18,3064,443,
s994161262,p02982,u017624958,1586266696,Python,Python (3.4.3),py,Wrong Answer,19,3064,465,
s473678101,p02982,u073336549,1586251926,C,C (GCC 5.4.1),c,Accepted,1,128,487,
s901686480,p02982,u073336549,1586251560,C,C (GCC 5.4.1),c,Compile Error,,,412,
s578109160,p02982,u018679195,1586246235,C,C (GCC 5.4.1),c,Accepted,1,128,1152,
s778832884,p02982,u089230684,1586243612,C++,C++14 (GCC 5.4.1),cpp,Accepted,1,256,599,
s596665570,p02982,u089230684,1586242498,C,C (GCC 5.4.1),c,Runtime Error,100,128,611,
s707826332,p02982,u645174893,1586242067,C,C (GCC 5.4.1),c,Accepted,1,128,908,
s247877987,p02982,u089230684,1586231528,C++,C++14 (GCC 5.4.1),cpp,Accepted,1,256,591,
s031569894,p02982,u151785909,1586227924,C,C (GCC 5.4.1),c,Accepted,1,128,407,
s610044631,p02982,u929582923,1586224416,C++,C++14 (GCC 5.4.1),cpp,Accepted,1,256,1404,
s179714931,p02982,u636018568,1586217511,C++,C++14 (GCC 5.4.1),cpp,Accepted,1,256,748,
s953336676,p02982,u742595961,1586213015,C++,C++14 (GCC 5.4.1),cpp,Accepted,1,256,758,
s608850861,p02982,u928713799,1586209721,C++,C++14 (GCC 5.4.1),cpp,Accepted,1,256,1731,
s568576727,p02982,u816631826,1586208341,C++,C++14 (GCC 5.4.1),cpp,Accepted,1,256,951,
s952102250,p02982,u816631826,1586208295,Awk,Awk (mawk 1.3.3),awk,Runtime Error,3,380,951,
s031812723,p02982,u224554402,1586207205,Python,Python (3.4.3),py,Accepted,18,3064,556,
s858442749,p02982,u068142202,1586192460,Python,Python (3.4.3),py,Wrong Answer,27,3060,296,
s562731733,p02982,u094532861,1586188166,Crystal,Crystal (0.20.5),cr,Accepted,2,636,620,
s363931463,p02982,u094532861,1586188093,Crystal,Crystal (0.20.5),cr,Wrong Answer,2,636,619,
s741586737,p02982,u979852867,1586186609,C++,C++14 (GCC 5.4.1),cpp,Accepted,1,256,968,
s661780715,p02982,u816145694,1586185809,C++,C++14 (GCC 5.4.1),cpp,Accepted,1,256,545,
s883596066,p02982,u816145694,1586185691,C++,C++14 (GCC 5.4.1),cpp,Wrong Answer,3,384,545,
s273944305,p02982,u816145694,1586185560,C++,C++14 (GCC 5.4.1),cpp,Wrong Answer,1,256,549,
s283246875,p02982,u191484928,1586185555,C++,C++14 (GCC 5.4.1),cpp,Accepted,1,256,605,
s972429126,p02982,u816145694,1586185529,C++,C++14 (GCC 5.4.1),cpp,Compile Error,,,548,
s204610569,p02982,u045289115,1586181173,C++,C++14 (GCC 5.4.1),cpp,Accepted,1,256,541,
s524083091,p02982,u045289115,1586181138,C++,C++14 (GCC 5.4.1),cpp,Runtime Error,97,256,541,
s116854630,p02982,u045289115,1586181111,C++,C++14 (GCC 5.4.1),cpp,Compile Error,,,540,
s922698016,p02982,u531813438,1586151496,Python,Python (3.4.3),py,Accepted,18,3064,319,
s810345258,p02982,u531813438,1586151460,Python,Python (3.4.3),py,Wrong Answer,18,3188,365,
s045876396,p02982,u147808483,1586150401,C++,C++14 (GCC 5.4.1),cpp,Accepted,1,256,612,
s174523898,p02982,u696486967,1586145627,C++,C++14 (GCC 5.4.1),cpp,Accepted,1,256,642,
s968672871,p02982,u119575931,1586143996,C#,C# (Mono 4.6.2.0),cs,Accepted,21,11092,7378,
s603646434,p02982,u307273980,1586141823,C++,C++14 (GCC 5.4.1),cpp,Accepted,1,256,604,
s352887554,p02982,u102242691,1586140104,Python,Python (3.4.3),py,Accepted,18,3188,270,
s101164577,p02982,u102242691,1586139602,Python,Python (3.4.3),py,Accepted,18,3060,272,
s728826530,p02982,u102242691,1586138882,Python,Python (3.4.3),py,Wrong Answer,18,3316,497,
s596263291,p02982,u374678351,1586137837,C++,C++14 (Clang 3.8.0),cpp,Accepted,1,256,859,
s257565070,p02982,u331498629,1586135001,C++,C++14 (GCC 5.4.1),cpp,Accepted,2,256,629,
s234850148,p02982,u782387599,1586126627,C++,C++14 (GCC 5.4.1),cpp,Accepted,1,256,1089,
s302990426,p02982,u891217808,1586125364,Python,Python (3.4.3),py,Accepted,18,3064,285,
s566390878,p02982,u891217808,1586125245,Python,Python (3.4.3),py,Runtime Error,17,3064,277,
s948069432,p02982,u658993896,1586125162,C++,C++14 (GCC 5.4.1),cpp,Accepted,1,256,1156,
s778495170,p02982,u595952233,1586109108,Python,Python (3.4.3),py,Accepted,32,3572,374,
s767814501,p02982,u313129279,1586107343,C++,C++14 (GCC 5.4.1),cpp,Accepted,1,256,534,
s224829796,p02982,u306950978,1586101155,Python,Python (3.4.3),py,Accepted,18,3064,408,
s135614439,p02982,u845995224,1586099134,C++,C++14 (GCC 5.4.1),cpp,Accepted,1,256,807,
s606498617,p02982,u471069244,1586083434,C++,C++14 (GCC 5.4.1),cpp,Accepted,1,256,583,
s071120436,p02982,u557558723,1586078573,C++,C++14 (GCC 5.4.1),cpp,Accepted,1,256,2658,
s655291549,p02982,u557558723,1586078352,C++,C++14 (GCC 5.4.1),cpp,Wrong Answer,3,384,2691,
s538344628,p02982,u254871849,1586071055,C++,C++14 (GCC 5.4.1),cpp,Accepted,1,256,645,
s766899707,p02982,u374678351,1586058297,C++,C++14 (Clang 3.8.0),cpp,Accepted,4,888,859,
s316714090,p02982,u374678351,1586057604,C++,C++14 (Clang 3.8.0),cpp,Wrong Answer,8,888,837,
s501300718,p02982,u233626335,1586056593,C++,C++14 (GCC 5.4.1),cpp,Accepted,1,256,1904,
s993032779,p02982,u369133448,1586051587,Python,Python (3.4.3),py,Accepted,17,3064,311,
s601267167,p02982,u369133448,1586050957,Python,Python (3.4.3),py,Accepted,855,21024,282,
s909583178,p02982,u116002573,1586047926,Python,PyPy3 (2.4.0),py,Accepted,166,38384,448,
s417776410,p02982,u664907598,1586046290,Python,Python (3.4.3),py,Accepted,18,3064,353,
s710927625,p02982,u045289115,1586044702,C++,C++14 (GCC 5.4.1),cpp,Accepted,1,256,541,
s747715212,p02982,u455067221,1586039501,C++,C++14 (GCC 5.4.1),cpp,Accepted,1,256,748,
s117467112,p02982,u694014940,1586038952,C++,C++14 (GCC 5.4.1),cpp,Accepted,1,256,654,
s631345228,p02982,u489124637,1586038407,Python,PyPy3 (2.4.0),py,Accepted,176,38256,453,
s653870403,p02982,u761087127,1586037933,Python,Python (3.4.3),py,Accepted,18,3188,287,
s602280920,p02982,u455067221,1586037654,C++,C++14 (GCC 5.4.1),cpp,Wrong Answer,1,256,753,
s604764541,p02982,u761087127,1586037620,Python,Python (3.4.3),py,Accepted,18,3188,322,
s362501418,p02982,u700805562,1586032934,Python,Python (3.4.3),py,Accepted,20,3064,308,
s330369674,p02982,u826189900,1586012940,C++,C++14 (GCC 5.4.1),cpp,Accepted,1,256,671,
s047330151,p02982,u090649502,1585973421,Python,Python (3.4.3),py,Accepted,20,3064,339,
s369523676,p02982,u671267423,1585972530,C++,C++14 (GCC 5.4.1),cpp,Accepted,1,256,1228,
s282189732,p02982,u671267423,1585972441,C++,C++14 (GCC 5.4.1),cpp,Wrong Answer,1,256,1228,
s141282302,p02982,u671267423,1585972400,C++,C++14 (GCC 5.4.1),cpp,Wrong Answer,1,256,1227,
s300241159,p02982,u574626823,1585965806,C++,C++14 (GCC 5.4.1),cpp,Accepted,1,256,641,
s438927953,p02982,u204616996,1585957622,Python,Python (3.4.3),py,Accepted,18,3064,277,
s712582954,p02982,u018351314,1585951484,C#,C# (Mono 4.6.2.0),cs,Accepted,26,11348,943,
s296815598,p02982,u293518505,1585948154,C++,C++14 (GCC 5.4.1),cpp,Accepted,1,256,1090,
s309738909,p02982,u293518505,1585948003,C++,C++14 (GCC 5.4.1),cpp,Wrong Answer,1,256,1078,
s688421082,p02982,u881116515,1585941354,C++,C++14 (GCC 5.4.1),cpp,Accepted,2,256,511,
s496367330,p02982,u990037841,1585938084,Java,Java8 (OpenJDK 1.8.0),java,Accepted,116,23764,952,
s657630304,p02982,u893063840,1585937764,Python,Python (3.4.3),py,Accepted,18,3064,415,
s282463279,p02982,u990037841,1585937525,Java,Java8 (OpenJDK 1.8.0),java,Wrong Answer,109,23124,1036,
s181739954,p02982,u633090093,1585934334,Java,Java8 (OpenJDK 1.8.0),java,Accepted,78,22356,3003,
s002962609,p02982,u321168841,1585932005,C++,C++14 (GCC 5.4.1),cpp,Accepted,1,256,630,
s573366254,p02982,u146788010,1585931175,C++,C++14 (GCC 5.4.1),cpp,Accepted,1,256,511,
s228678870,p02982,u893063840,1585927865,Python,Python (3.4.3),py,Accepted,20,3064,419,
s107041598,p02982,u045289115,1585927609,C++,C++14 (GCC 5.4.1),cpp,Accepted,1,256,618,
s482444557,p02982,u120050685,1585914618,C++,C++14 (GCC 5.4.1),cpp,Accepted,1,256,682,
s512999473,p02982,u041781161,1585904581,C++,C++14 (GCC 5.4.1),cpp,Accepted,1,256,908,
s232652700,p02982,u682820318,1585891519,C++,C++14 (GCC 5.4.1),cpp,Accepted,1,256,1505,
s409368703,p02982,u682820318,1585891368,C++,C++14 (GCC 5.4.1),cpp,Accepted,1,256,1482,
s875217004,p02982,u461913494,1585881769,C++,C++14 (GCC 5.4.1),cpp,Accepted,1,256,1687,
s822185560,p02982,u868132236,1585881390,C++,C++14 (GCC 5.4.1),cpp,Accepted,1,256,492,
s414967300,p02982,u919867411,1585879949,C++,C++14 (GCC 5.4.1),cpp,Accepted,1,256,815,
s660626362,p02982,u762158020,1585878709,C++,C++14 (GCC 5.4.1),cpp,Accepted,1,256,715,
s377836924,p02982,u488417454,1585876580,C,C (GCC 5.4.1),c,Accepted,1,128,543,
s620944125,p02982,u601825761,1585864379,C++,C++14 (GCC 5.4.1),cpp,Accepted,1,256,881,
s795799649,p02982,u034323841,1585852023,C,C (GCC 5.4.1),c,Accepted,1,128,453,
s017294675,p02982,u688789047,1585847285,C++,C++14 (GCC 5.4.1),cpp,Accepted,1,256,659,
s427545029,p02982,u688789047,1585847172,C++,C++14 (GCC 5.4.1),cpp,Accepted,1,256,648,
s714933390,p02982,u590110823,1585846478,C++,C++14 (GCC 5.4.1),cpp,Accepted,2,256,1670,
s010715864,p02982,u688789047,1585845714,C++,C++14 (GCC 5.4.1),cpp,Accepted,1,256,650,
s547994379,p02982,u682820318,1585842558,C++,C++14 (GCC 5.4.1),cpp,Accepted,1,256,1523,
s911632301,p02982,u682820318,1585842368,C++,C++14 (GCC 5.4.1),cpp,Wrong Answer,1,256,1504,
s801213610,p02982,u979966078,1585835678,C++,C++14 (GCC 5.4.1),cpp,Accepted,1,256,1617,
s200547809,p02982,u979966078,1585835629,C++,C++14 (GCC 5.4.1),cpp,Wrong Answer,1,256,1617,
s684685139,p02982,u541610817,1585811664,Python,Python (3.4.3),py,Accepted,18,3064,275,
s714961469,p02982,u396919477,1585806058,C++,C++14 (GCC 5.4.1),cpp,Accepted,1,256,1296,
s969906556,p02982,u362563655,1585804362,Python,Python (3.4.3),py,Accepted,18,3060,325,
s674519592,p02982,u362563655,1585802988,Python,Python (3.4.3),py,Runtime Error,17,2940,265,
s632736893,p02982,u362563655,1585802637,Python,Python (3.4.3),py,Runtime Error,17,2940,240,
s419590981,p02982,u610897920,1585799324,C++,C++14 (GCC 5.4.1),cpp,Accepted,1,256,2075,
s065287969,p02982,u195822478,1585796261,C++,C++14 (GCC 5.4.1),cpp,Accepted,1,256,1912,
s125068560,p02982,u350989619,1585791859,C++,C++14 (GCC 5.4.1),cpp,Accepted,1,256,4871,
s231371794,p02982,u638902622,1585791062,Python,Python (3.4.3),py,Accepted,300,21776,472,
s031422718,p02982,u638902622,1585790980,Python,PyPy3 (2.4.0),py,Runtime Error,170,38640,472,
s219066071,p02982,u799164835,1585788210,C,C (GCC 5.4.1),c,Accepted,1,128,3563,
s886853258,p02982,u853580735,1585779018,C++,C++14 (GCC 5.4.1),cpp,Accepted,1,256,1751,
s893694621,p02982,u853580735,1585777677,C++,C++14 (GCC 5.4.1),cpp,Runtime Error,99,256,1729,
s467569342,p02982,u021648187,1585773156,C++,C++14 (GCC 5.4.1),cpp,Accepted,1,256,2156,
s825112493,p02982,u216888678,1585769062,Python,Python (3.4.3),py,Accepted,18,3064,330,
s095799465,p02982,u173252932,1585768938,C++,C++14 (GCC 5.4.1),cpp,Accepted,1,256,581,
s297445422,p02982,u197300773,1585738155,Python,PyPy3 (2.4.0),py,Accepted,167,38640,239,
s091267213,p02982,u104886851,1585726923,Ruby,Ruby (2.3.3),rb,Accepted,8,1916,249,
s576299306,p02982,u282636125,1585722862,C++,C++14 (GCC 5.4.1),cpp,Accepted,6,512,493,
s818057165,p02982,u964273035,1585716839,Go,Go (1.6),go,Accepted,1,640,5438,
s384395025,p02982,u176218583,1585713941,C++,C++14 (GCC 5.4.1),cpp,Accepted,1,256,789,
s294497618,p02982,u176218583,1585713844,C++,C++14 (GCC 5.4.1),cpp,Runtime Error,97,256,789,
s984210225,p02982,u176218583,1585713793,C++,C++14 (GCC 5.4.1),cpp,Compile Error,,,789,
s283914786,p02982,u176218583,1585713748,C++,C++14 (GCC 5.4.1),cpp,Compile Error,,,788,
s127806156,p02982,u176218583,1585712973,C++,C++14 (GCC 5.4.1),cpp,Time Limit Exceeded,2103,256,771,
s748263603,p02982,u545938555,1585703110,C++,C++14 (GCC 5.4.1),cpp,Accepted,1,256,2711,
s666485903,p02982,u765758367,1585687629,Python,Python (3.4.3),py,Accepted,18,3064,338,
s344821089,p02982,u782278807,1585686061,C#,C# (Mono 4.6.2.0),cs,Accepted,30,13532,3988,
s885736740,p02982,u106181248,1585685384,Python,Python (3.4.3),py,Accepted,18,3064,529,
s898771690,p02982,u106181248,1585685315,Python,Python (3.4.3),py,Wrong Answer,19,3064,538,
s866428505,p02982,u233383925,1585679739,C++,C++14 (GCC 5.4.1),cpp,Accepted,1,256,523,
s947393587,p02982,u971811058,1585673446,C,C (GCC 5.4.1),c,Accepted,1,256,821,
s054329311,p02982,u779170803,1585663021,Python,Python (3.4.3),py,Accepted,18,3188,683,
s881590594,p02982,u854087773,1585649257,C++,C++14 (GCC 5.4.1),cpp,Accepted,1,256,716,
s033549203,p02982,u971811058,1585643417,C,C (GCC 5.4.1),c,Accepted,1,128,806,
s824184061,p02982,u971811058,1585637984,C,C (GCC 5.4.1),c,Wrong Answer,1,256,925,
s974083920,p02982,u971811058,1585637149,C,C (GCC 5.4.1),c,Wrong Answer,1,128,914,
s583896658,p02982,u945359338,1585637061,C++,C++14 (GCC 5.4.1),cpp,Accepted,1,256,516,
s388718562,p02982,u037563046,1585631465,C++,C++14 (GCC 5.4.1),cpp,Accepted,1,256,537,
s028285988,p02982,u037563046,1585631412,C++,C++14 (GCC 5.4.1),cpp,Wrong Answer,1,256,535,
s911707165,p02982,u281168735,1585630294,C++,C++14 (GCC 5.4.1),cpp,Accepted,1,256,1401,
s837771493,p02982,u281168735,1585630113,C++,C++14 (GCC 5.4.1),cpp,Wrong Answer,1,256,1401,
s090575099,p02982,u281168735,1585629970,C++,C++14 (GCC 5.4.1),cpp,Wrong Answer,1,256,1400,
s028394912,p02982,u703052130,1585619091,C++,C++14 (GCC 5.4.1),cpp,Wrong Answer,1,256,559,
s206536299,p02982,u766212984,1585617952,C++,C++14 (GCC 5.4.1),cpp,Accepted,1,256,1996,
s498228483,p02982,u703052130,1585617469,C++,C++14 (GCC 5.4.1),cpp,Accepted,1,384,879,
s005600827,p02982,u562319622,1585608233,C++,C++14 (GCC 5.4.1),cpp,Accepted,1,256,773,
s957487793,p02982,u097396733,1585595544,C++,C++14 (GCC 5.4.1),cpp,Accepted,1,256,871,
s280756890,p02982,u599669731,1585591357,Python,Python (3.4.3),py,Accepted,18,3060,298,
s969852625,p02982,u845284573,1585590844,C++,C++14 (GCC 5.4.1),cpp,Accepted,1,256,736,
s597362368,p02982,u845284573,1585590802,C++,C++14 (GCC 5.4.1),cpp,Compile Error,,,722,
s384633101,p02982,u731886385,1585580818,C++,C++14 (GCC 5.4.1),cpp,Accepted,1,256,666,
s764294760,p02982,u139850627,1585578793,Ruby,Ruby (2.3.3),rb,Accepted,7,1788,441,
s906978138,p02982,u589698880,1585566889,C++,C++14 (GCC 5.4.1),cpp,Accepted,1,256,559,
s686553375,p02982,u274635633,1585546804,Python,Python (3.4.3),py,Accepted,18,3064,297,
s707917673,p02982,u449573758,1585542669,C++,C++14 (GCC 5.4.1),cpp,Accepted,1,256,908,
s330418544,p02982,u179593519,1585531393,C++,C++14 (GCC 5.4.1),cpp,Accepted,1,256,671,
s674426031,p02982,u422272120,1585530819,Python,Python (3.4.3),py,Accepted,17,3064,320,
s258596645,p02982,u022688266,1585530622,C++,C++14 (GCC 5.4.1),cpp,Accepted,1,256,1232,
s327929673,p02982,u022688266,1585530072,C++,C++14 (GCC 5.4.1),cpp,Wrong Answer,1,256,1227,
s296891484,p02982,u022688266,1585529893,C++,C++14 (GCC 5.4.1),cpp,Wrong Answer,1,256,1292,
s398575771,p02982,u022688266,1585529796,C++,C++14 (GCC 5.4.1),cpp,Wrong Answer,1,256,1291,
s265607391,p02982,u592248346,1585526096,C,C (GCC 5.4.1),c,Accepted,1,128,574,
s828162135,p02982,u328471539,1585525014,C++,C++14 (GCC 5.4.1),cpp,Accepted,2,384,928,
s374482959,p02982,u335278042,1585517697,C++,C++14 (GCC 5.4.1),cpp,Accepted,1,256,4201,
s238183762,p02982,u998349161,1585513671,C++,C++ (GCC 5.4.1),cpp,Accepted,1,256,806,
s444813915,p02982,u757030836,1585510353,Python,Python (3.4.3),py,Accepted,151,12428,265,
s925559877,p02982,u822725754,1585507210,C++,C++14 (GCC 5.4.1),cpp,Accepted,1,256,1456,
s846170269,p02982,u489061952,1585507002,C++,C++14 (GCC 5.4.1),cpp,Accepted,1,256,810,
s463947612,p02982,u752907966,1585495336,Python,Python (3.4.3),py,Accepted,17,3064,351,
s510181278,p02982,u960080897,1585492218,C++,C++14 (GCC 5.4.1),cpp,Accepted,1,256,1836,
s067265523,p02982,u034777138,1585487936,Python,Python (3.4.3),py,Accepted,18,3064,444,
s926713212,p02982,u550949279,1585462484,C++,C++14 (GCC 5.4.1),cpp,Accepted,1,256,4933,
s352464326,p02982,u345483150,1585461200,Python,Python (3.4.3),py,Accepted,338,21308,239,
s075340132,p02982,u449573758,1585443327,C++,C++14 (GCC 5.4.1),cpp,Runtime Error,270,256,867,
s179449560,p02982,u491343140,1585442106,C,C (GCC 5.4.1),c,Accepted,1,128,553,
s937563113,p02982,u165368960,1585440976,Python,Python (3.4.3),py,Accepted,18,3064,329,
s636144187,p02982,u165368960,1585440830,Python,Python (3.4.3),py,Accepted,17,3064,333,
s903393489,p02982,u070211042,1585436321,C++,C++14 (GCC 5.4.1),cpp,Accepted,1,256,1306,
s359094408,p02982,u817421755,1585430068,Rust,Rust (1.15.1),rs,Accepted,2,4352,1304,
s906566934,p02982,u572373398,1585429913,Python,Python (3.4.3),py,Accepted,18,3060,383,
s007635419,p02982,u323045245,1585421693,Python,Python (3.4.3),py,Accepted,18,3060,287,
s276313166,p02982,u080348635,1585410585,Ruby,Ruby (2.3.3),rb,Accepted,8,1788,320,
s863210720,p02982,u100131109,1585409876,C++,C++14 (GCC 5.4.1),cpp,Accepted,1,256,580,
s262458594,p02982,u274195948,1585408441,C++,C++14 (GCC 5.4.1),cpp,Accepted,1,256,743,
s384489806,p02982,u763249708,1585399064,Python,Python (3.4.3),py,Accepted,17,3064,512,
s474371870,p02982,u933430516,1585391933,C#,C# (Mono 4.6.2.0),cs,Accepted,24,13396,1137,
s262610026,p02982,u459105164,1585379345,C++,C++14 (GCC 5.4.1),cpp,Accepted,1,256,518,
s212182659,p02982,u686036872,1585377680,Python,Python (3.4.3),py,Accepted,149,12500,260,
s424711984,p02982,u686036872,1585377423,Python,Python (3.4.3),py,Wrong Answer,149,12492,262,
s197509779,p02982,u372550522,1585372917,Python,Python (3.4.3),py,Accepted,18,3064,297,
s534651768,p02982,u835805357,1585364533,C++,C++14 (GCC 5.4.1),cpp,Accepted,1,256,849,
s772886640,p02982,u629548179,1585364057,C++,C++14 (GCC 5.4.1),cpp,Accepted,1,256,631,
s998255159,p02982,u884087839,1585363433,Python,Python (3.4.3),py,Accepted,17,3064,937,
s547995752,p02982,u884087839,1585363146,Python,Python (3.4.3),py,Wrong Answer,18,3064,945,
s937928678,p02982,u884087839,1585362765,Python,Python (3.4.3),py,Wrong Answer,18,3064,1015,
s486790509,p02982,u884087839,1585362525,Python,Python (3.4.3),py,Wrong Answer,18,3064,946,
s780892199,p02982,u621582427,1585362165,C++,C++14 (GCC 5.4.1),cpp,Accepted,1,256,619,
s483762834,p02982,u873927631,1585361827,Python,Python (3.4.3),py,Accepted,18,3064,1066,
s314431271,p02982,u151005508,1585359927,Python,Python (3.4.3),py,Accepted,18,3064,361,
s852397721,p02982,u301624971,1585357653,Python,Python (3.4.3),py,Accepted,19,3188,383,
s454001586,p02982,u571867512,1585357482,Python,Python (3.4.3),py,Accepted,18,3064,379,
s156339685,p02982,u080348635,1585343933,Ruby,Ruby (2.3.3),rb,Accepted,14,3836,356,
s228953960,p02982,u461833298,1585341297,Python,Python (3.4.3),py,Accepted,151,12484,313,
s168636131,p02982,u390165589,1585338011,C++,C++14 (GCC 5.4.1),cpp,Accepted,1,256,765,
s124531449,p02982,u104057163,1585336961,C++,C++14 (GCC 5.4.1),cpp,Accepted,1,256,3598,
s306817871,p02982,u390165589,1585336436,C++,C++14 (GCC 5.4.1),cpp,Wrong Answer,1,256,760,
s180828653,p02982,u768559443,1585331367,Python,PyPy3 (2.4.0),py,Accepted,170,38384,271,
s213206371,p02982,u407213771,1585319235,C++,C++14 (GCC 5.4.1),cpp,Accepted,1,256,5245,
s533542544,p02982,u716043626,1585288839,Python,Python (3.4.3),py,Accepted,18,3064,325,
s900975792,p02982,u488878376,1585286225,C++,C++14 (GCC 5.4.1),cpp,Accepted,1,256,1805,
s315228667,p02982,u842262709,1585285031,C++,C++14 (GCC 5.4.1),cpp,Accepted,1,384,1769,
s233080524,p02982,u490642448,1585279505,Python,PyPy3 (2.4.0),py,Accepted,173,38640,313,
s059574729,p02982,u080364835,1585262938,Python,Python (3.4.3),py,Accepted,17,3188,323,
s861271816,p02982,u756415797,1585257520,C++,C++14 (GCC 5.4.1),cpp,Accepted,1,256,861,
s806098852,p02982,u923270446,1585254440,Python,Python (3.4.3),py,Accepted,18,3064,308,
s894656176,p02982,u985524697,1585238262,C++,C++14 (GCC 5.4.1),cpp,Accepted,1,256,751,
s942288665,p02982,u710232726,1585192735,C++,C++14 (GCC 5.4.1),cpp,Accepted,1,256,518,
s087884560,p02982,u745267317,1585191782,C++,C++14 (GCC 5.4.1),cpp,Accepted,1,256,669,
s450413151,p02982,u745267317,1585191711,C++,C++14 (GCC 5.4.1),cpp,Compile Error,,,696,
s475303913,p02982,u485673106,1585186692,C++,C++14 (GCC 5.4.1),cpp,Accepted,1,256,625,
s015176198,p02982,u485673106,1585186619,C++,C++14 (GCC 5.4.1),cpp,Wrong Answer,1,256,624,
s723118312,p02982,u574687269,1585186312,C++,C++14 (GCC 5.4.1),cpp,Accepted,3,384,1418,
s513819792,p02982,u062736195,1585177715,Java,Java8 (OpenJDK 1.8.0),java,Accepted,122,22996,699,
s047742900,p02982,u756415797,1585176908,C++,C++14 (GCC 5.4.1),cpp,Accepted,1,256,861,
s688266496,p02982,u756415797,1585176734,C++,C++14 (GCC 5.4.1),cpp,Compile Error,,,842,
s798118214,p02982,u756415797,1585176705,C++,C++14 (GCC 5.4.1),cpp,Compile Error,,,891,
s803064415,p02982,u185935459,1585175871,C++,C++14 (GCC 5.4.1),cpp,Accepted,1,256,641,
s218807252,p02982,u675042710,1585172740,C++,C++14 (GCC 5.4.1),cpp,Accepted,1,256,751,
s336940707,p02982,u252828980,1585169738,Python,Python (3.4.3),py,Accepted,21,3444,319,
s437615664,p02982,u991567869,1585168420,Python,Python (3.4.3),py,Accepted,18,3064,369,
s075165840,p02982,u106635407,1585166567,C++,C++14 (GCC 5.4.1),cpp,Accepted,1,256,1068,
s976595532,p02982,u370429695,1585163779,Python,Python (3.4.3),py,Accepted,17,3060,324,
s479224697,p02982,u957198490,1585162932,Python,Python (3.4.3),py,Accepted,17,3064,323,
s011317510,p02982,u490489966,1585162508,Python,Python (3.4.3),py,Accepted,18,3064,331,
s411658655,p02982,u490489966,1585162024,Python,Python (3.4.3),py,Wrong Answer,59,3064,432,
s685492287,p02982,u756208532,1585149221,C++,C++14 (GCC 5.4.1),cpp,Accepted,1,256,630,
s127022212,p02982,u196786099,1585145814,C++,C++14 (Clang 3.8.0),cpp,Accepted,1,256,1110,
s204562792,p02982,u323864528,1585145789,C++,C++14 (GCC 5.4.1),cpp,Accepted,1,256,532,
s143589897,p02982,u323864528,1585145702,C++,C++14 (GCC 5.4.1),cpp,Wrong Answer,1,256,530,
s326131430,p02982,u323864528,1585145617,C++,C++14 (GCC 5.4.1),cpp,Compile Error,,,511,
s216917443,p02982,u089376182,1585140740,Python,Python (3.4.3),py,Accepted,301,21672,301,
s910356093,p02982,u890331732,1585109228,C++,C++14 (GCC 5.4.1),cpp,Accepted,1,256,519,
s475887539,p02982,u890331732,1585109136,C++,C++14 (GCC 5.4.1),cpp,Wrong Answer,2103,256,519,
s947736178,p02982,u568082675,1585100456,C++,C++14 (GCC 5.4.1),cpp,Accepted,1,256,1203,
s946109188,p02982,u048238198,1585087284,Rust,Rust (1.15.1),rs,Accepted,2,4352,1042,
s932390739,p02982,u088751997,1585076653,C++,C++14 (GCC 5.4.1),cpp,Accepted,1,256,670,
s752511073,p02982,u420130252,1585067422,Python,PyPy3 (2.4.0),py,Accepted,235,45276,525,
s582056478,p02982,u485821416,1585067360,C++,C++14 (GCC 5.4.1),cpp,Accepted,1,256,687,
s661640845,p02982,u420130252,1585067264,Python,PyPy3 (2.4.0),py,Wrong Answer,207,42460,524,
s028050894,p02982,u420130252,1585067108,Python,PyPy3 (2.4.0),py,Wrong Answer,191,40560,523,
s293212464,p02982,u420130252,1585067057,Python,PyPy3 (2.4.0),py,Wrong Answer,198,41964,523,
s463075760,p02982,u546641746,1585062459,C++,C++14 (GCC 5.4.1),cpp,Accepted,1,256,3600,
s591838488,p02982,u732304692,1585041323,Nim,Nim (0.13.0),nim,Accepted,1,256,356,
s861931606,p02982,u260907804,1585020896,C++,C++14 (GCC 5.4.1),cpp,Accepted,1,256,675,
s915825780,p02982,u675751622,1584999806,C++,C++14 (GCC 5.4.1),cpp,Accepted,1,256,555,
s003640421,p02982,u746428948,1584979472,C++,C++14 (GCC 5.4.1),cpp,Accepted,1,256,978,
s488109018,p02982,u122668079,1584955529,Java,Java8 (OpenJDK 1.8.0),java,Accepted,115,23380,1221,
s519855873,p02982,u291818671,1584924992,Java,Java8 (OpenJDK 1.8.0),java,Accepted,116,21844,993,
s244436648,p02982,u291818671,1584924837,Java,Java8 (OpenJDK 1.8.0),java,Wrong Answer,160,21972,992,
s512848596,p02982,u880221923,1584917228,C++,C++14 (GCC 5.4.1),cpp,Accepted,1,256,1080,
s721460391,p02982,u484902431,1584907793,Python,PyPy3 (2.4.0),py,Accepted,188,38512,393,
s802814256,p02982,u484902431,1584907610,Python,PyPy3 (2.4.0),py,Wrong Answer,179,38512,393,
s144825222,p02982,u484902431,1584907556,Python,PyPy3 (2.4.0),py,Wrong Answer,165,38512,388,
s606384768,p02982,u503221936,1584904863,C++,C++14 (GCC 5.4.1),cpp,Accepted,1,256,543,
s359019726,p02982,u068713120,1584903748,C++,C++14 (GCC 5.4.1),cpp,Accepted,1,256,597,
s323376971,p02982,u068713120,1584902764,C++,C++14 (GCC 5.4.1),cpp,Wrong Answer,1,256,596,
s731169202,p02982,u906839513,1584901555,C++,C++14 (GCC 5.4.1),cpp,Accepted,1,256,488,
s997025504,p02982,u906839513,1584901497,C++,C++14 (GCC 5.4.1),cpp,Wrong Answer,1,256,485,
s788911773,p02982,u627821211,1584901157,C++,C++14 (GCC 5.4.1),cpp,Accepted,1,256,587,
s672767385,p02982,u627821211,1584899177,C++,C++14 (GCC 5.4.1),cpp,Wrong Answer,1,256,586,
s317558261,p02982,u627821211,1584899057,C++,C++14 (GCC 5.4.1),cpp,Wrong Answer,4,256,569,
s409609193,p02982,u376366206,1584897160,PHP,PHP7 (7.0.15),php,Accepted,9,4604,478,
s059444904,p02982,u412837450,1584885575,C++,C++14 (GCC 5.4.1),cpp,Accepted,1,256,506,
s368104516,p02982,u131411061,1584874405,Python,Python (3.4.3),py,Accepted,18,3188,367,
s549262664,p02982,u120459216,1584852682,C++,C++14 (GCC 5.4.1),cpp,Accepted,1,256,608,
s340274997,p02982,u120459216,1584852252,C++,C++14 (GCC 5.4.1),cpp,Wrong Answer,4,256,597,
s638873416,p02982,u074488832,1584849723,C++,C++14 (GCC 5.4.1),cpp,Accepted,2,384,744,
s758275215,p02982,u322297639,1584848182,Python,Python (3.4.3),py,Accepted,17,3064,292,
s304611322,p02982,u346629192,1584841880,C++,C++14 (GCC 5.4.1),cpp,Accepted,1,256,716,
s482224694,p02982,u346629192,1584841707,C++,C++14 (GCC 5.4.1),cpp,Compile Error,,,714,
s982531572,p02982,u688825490,1584840425,C++,C++14 (GCC 5.4.1),cpp,Accepted,1,256,788,
s393274657,p02982,u688825490,1584840137,C++,C++14 (GCC 5.4.1),cpp,Wrong Answer,1,256,778,
s551302811,p02982,u412837450,1584838735,C++,C++14 (GCC 5.4.1),cpp,Compile Error,,,275,
s962776577,p02982,u368579103,1584836155,Python,Python (3.4.3),py,Accepted,18,3060,298,
s994772957,p02982,u368579103,1584835660,Python,Python (3.4.3),py,Wrong Answer,18,3064,331,
s031102837,p02982,u676749446,1584831758,Java,Java8 (OpenJDK 1.8.0),java,Accepted,71,23124,2867,
s070741919,p02982,u288430479,1584831588,Python,Python (3.4.3),py,Accepted,18,3188,305,
s298071507,p02982,u154898295,1584829233,C++,C++14 (GCC 5.4.1),cpp,Accepted,1,256,501,
s716447365,p02982,u115106582,1584827819,C++,C++14 (GCC 5.4.1),cpp,Accepted,1,256,747,
s958265574,p02982,u060936992,1584826779,C++,C++14 (GCC 5.4.1),cpp,Accepted,1,256,487,
s291500905,p02982,u585510378,1584817673,Java,Java8 (OpenJDK 1.8.0),java,Accepted,109,21844,997,
s139812177,p02982,u748577909,1584815473,C++,C++14 (GCC 5.4.1),cpp,Accepted,1,256,1024,
s268793520,p02982,u334552723,1584797633,Lisp,Common Lisp (SBCL 1.1.14),l,Accepted,27,6632,641,
s562354145,p02982,u579699847,1584789243,Python,Python (3.4.3),py,Accepted,18,3060,286,
s628551728,p02982,u579699847,1584789133,Python,Python (3.4.3),py,Runtime Error,18,2940,282,
s841137046,p02982,u545364250,1584784921,C++,C++14 (GCC 5.4.1),cpp,Accepted,1,256,2654,
s093453586,p02982,u422886513,1584778696,C++,C++14 (GCC 5.4.1),cpp,Accepted,1,256,2667,
s962979868,p02982,u940102677,1584763341,C++,C++14 (GCC 5.4.1),cpp,Accepted,1,256,541,
s558827453,p02982,u517724953,1584763117,Python,PyPy3 (2.4.0),py,Accepted,180,38896,351,
s815571616,p02982,u125545880,1584762516,Python,Python (3.4.3),py,Accepted,181,14824,512,
s829178570,p02982,u114641312,1584759365,Python,Python (3.4.3),py,Accepted,149,12424,878,
s601059096,p02982,u281876921,1584758067,C++,C++14 (GCC 5.4.1),cpp,Accepted,1,256,610,
s953052582,p02982,u281876921,1584756538,C++,C++14 (GCC 5.4.1),cpp,Runtime Error,100,256,585,
s845899415,p02982,u281876921,1584755950,C++,C++14 (GCC 5.4.1),cpp,Wrong Answer,3,256,564,
s442054726,p02982,u281876921,1584755517,C++,C++14 (GCC 5.4.1),cpp,Compile Error,,,555,
s001408925,p02982,u533566373,1584744992,C++,C++14 (GCC 5.4.1),cpp,Accepted,1,256,586,
s115479821,p02982,u533566373,1584744861,C++,C++14 (GCC 5.4.1),cpp,Accepted,1,256,614,
s483972675,p02982,u724012411,1584743528,C++,C++14 (GCC 5.4.1),cpp,Accepted,1,256,663,
s815697007,p02982,u737491054,1584738476,C++,C++14 (GCC 5.4.1),cpp,Accepted,1,256,949,
s084846063,p02982,u774539708,1584738232,Python,Python (3.4.3),py,Accepted,18,3064,326,
s431143679,p02982,u513960802,1584737830,Java,Java8 (OpenJDK 1.8.0),java,Accepted,115,23764,903,
s408084609,p02982,u557282438,1584737623,Python,Python (3.4.3),py,Accepted,17,3064,356,
s861462668,p02982,u406647332,1584737192,C++,C++14 (GCC 5.4.1),cpp,Accepted,1,256,583,
s267402774,p02982,u406647332,1584736874,C++,C++14 (GCC 5.4.1),cpp,Accepted,1,256,667,
s131821425,p02982,u683078179,1584732450,C++,C++14 (GCC 5.4.1),cpp,Accepted,1,256,433,
s854999392,p02982,u243740419,1584731281,C++,C++14 (GCC 5.4.1),cpp,Accepted,1,256,2196,
s169384775,p02982,u743889070,1584678712,C++,C++14 (GCC 5.4.1),cpp,Accepted,1,256,3060,
s075734866,p02982,u743889070,1584678000,C++,C++14 (GCC 5.4.1),cpp,Wrong Answer,1,256,2248,
s662918405,p02982,u743889070,1584677907,C++,C++14 (GCC 5.4.1),cpp,Wrong Answer,1,256,2248,
s804810934,p02982,u743889070,1584677891,C++,C++14 (GCC 5.4.1),cpp,Compile Error,,,999,
s715210291,p02982,u176590289,1584671592,Java,Java8 (OpenJDK 1.8.0),java,Accepted,113,23252,955,
s460399966,p02982,u176590289,1584671457,Java,Java8 (OpenJDK 1.8.0),java,Accepted,109,23252,844,
s997028906,p02982,u559994901,1584666201,C++,C++14 (GCC 5.4.1),cpp,Wrong Answer,1,256,579,
s883249391,p02982,u033208015,1584663060,C++,C++14 (GCC 5.4.1),cpp,Accepted,2,256,563,
s644498866,p02982,u953110527,1584660613,Python,Python (3.4.3),py,Accepted,19,3064,356,
s513206559,p02982,u644332191,1584657354,C++,C++14 (GCC 5.4.1),cpp,Accepted,1,256,1161,
s987183107,p02982,u729285002,1584655827,C++,C++14 (GCC 5.4.1),cpp,Accepted,1,256,957,
s085601039,p02982,u729285002,1584655737,C++,C++14 (GCC 5.4.1),cpp,Wrong Answer,1,256,940,
s015907053,p02982,u729285002,1584655686,C++,C++14 (GCC 5.4.1),cpp,Wrong Answer,1,256,942,
s401623817,p02982,u229120147,1584655026,Java,Java8 (OpenJDK 1.8.0),java,Accepted,99,23764,804,
s069876240,p02982,u948522631,1584631590,C,C (GCC 5.4.1),c,Accepted,1,128,490,
s935309899,p02982,u624617831,1584628543,Python,Python (3.4.3),py,Accepted,17,3064,375,
s790611012,p02982,u670898337,1584617960,C++,C++14 (GCC 5.4.1),cpp,Accepted,1,256,501,
s804243536,p02982,u976966750,1584594996,Python,Python (2.7.6),py,Accepted,12,2948,419,
s038683975,p02982,u927053131,1584582979,C++,C++14 (GCC 5.4.1),cpp,Accepted,1,256,694,
s582055808,p02982,u900848911,1584582695,C++,C++14 (GCC 5.4.1),cpp,Accepted,1,256,725,
s344214773,p02982,u955202970,1584580484,C++,C++14 (GCC 5.4.1),cpp,Accepted,1,256,556,
s500616832,p02982,u687204015,1584578778,C++,C++14 (GCC 5.4.1),cpp,Accepted,11,256,1464,
s228797524,p02982,u941284420,1584577707,Python,Python (3.4.3),py,Accepted,18,3064,989,
s061627882,p02982,u852113235,1584577242,C++,C++14 (GCC 5.4.1),cpp,Accepted,1,256,955,
s651937118,p02982,u614128939,1584575714,C++,C++14 (GCC 5.4.1),cpp,Accepted,1,256,818,
s605998008,p02982,u614128939,1584575528,C++,C++14 (GCC 5.4.1),cpp,Wrong Answer,1,256,768,
s510629886,p02982,u614128939,1584575495,C++,C++14 (GCC 5.4.1),cpp,Compile Error,,,767,
s474553233,p02982,u798929025,1584569055,Java,Java8 (OpenJDK 1.8.0),java,Accepted,73,23508,2600,
s048164034,p02982,u600402037,1584567832,Python,Python (3.4.3),py,Accepted,152,12448,513,
s809112110,p02982,u584083761,1584560068,Python,PyPy3 (2.4.0),py,Accepted,168,38384,296,
s721974771,p02982,u068692021,1584533554,Python,Python (3.4.3),py,Accepted,18,3064,660,
s488820436,p02982,u969848070,1584505767,Python,Python (3.4.3),py,Wrong Answer,20,3064,528,
s261506965,p02982,u904995051,1584502048,C++,C++14 (GCC 5.4.1),cpp,Wrong Answer,2,256,629,
s174303794,p02982,u904995051,1584502006,C++,C++14 (GCC 5.4.1),cpp,Wrong Answer,2,256,629,
s564547783,p02982,u904995051,1584501945,C++,C++14 (GCC 5.4.1),cpp,Wrong Answer,1,256,633,
s365837756,p02982,u904995051,1584501843,C++,C++14 (GCC 5.4.1),cpp,Wrong Answer,2,256,630,
s680240379,p02982,u904995051,1584501735,C++,C++14 (GCC 5.4.1),cpp,Wrong Answer,1,256,601,
s065305670,p02982,u904995051,1584501507,C++,C++14 (GCC 5.4.1),cpp,Compile Error,,,583,
s398311236,p02982,u770161743,1584500880,C++,C++14 (GCC 5.4.1),cpp,Accepted,1,256,684,
s353400400,p02982,u831161882,1584500506,C++,C++14 (GCC 5.4.1),cpp,Accepted,1,256,487,
s154696754,p02982,u831161882,1584500420,C++,C++14 (GCC 5.4.1),cpp,Wrong Answer,1,256,491,
s685249729,p02982,u075575942,1584499430,C++,C++14 (GCC 5.4.1),cpp,Accepted,1,256,486,
s543993177,p02982,u374929478,1584495704,C++,C++14 (GCC 5.4.1),cpp,Accepted,1,256,1011,
s477587322,p02982,u030504180,1584491953,C,C (GCC 5.4.1),c,Accepted,1,128,367,
s399623666,p02982,u030504180,1584491635,C,C (GCC 5.4.1),c,Accepted,1,128,463,
s008804597,p02982,u918039777,1584489859,C++,C++14 (GCC 5.4.1),cpp,Accepted,1,256,542,
s990602467,p02982,u737370221,1584483241,C++,C++14 (GCC 5.4.1),cpp,Accepted,2,256,708,
s729398020,p02982,u578096004,1584472768,C#,C# (Mono 4.6.2.0),cs,Accepted,24,11348,1319,
s699589889,p02982,u133936772,1584459311,Python,Python (3.4.3),py,Accepted,17,3060,170,
s330112700,p02982,u133936772,1584459025,Python,Python (3.4.3),py,Accepted,18,3060,174,
s858013691,p02982,u297398560,1584457268,C++,C++14 (GCC 5.4.1),cpp,Accepted,1,256,583,
s635413701,p02982,u297398560,1584457164,C++,C++14 (GCC 5.4.1),cpp,Wrong Answer,1,256,581,
s457447426,p02982,u297398560,1584456945,C++,C++14 (GCC 5.4.1),cpp,Wrong Answer,1,256,581,
s381737471,p02982,u133936772,1584453623,Python,Python (3.4.3),py,Accepted,18,3188,189,
s685290601,p02982,u665598835,1584450682,C++,C++14 (GCC 5.4.1),cpp,Accepted,1,256,651,
s413670576,p02982,u289545075,1584440874,C++,C++14 (GCC 5.4.1),cpp,Accepted,1,256,775,
s229163407,p02982,u873190923,1584433779,Python,PyPy3 (2.4.0),py,Accepted,166,38256,374,
s499206587,p02982,u873190923,1584433632,Python,PyPy3 (2.4.0),py,Wrong Answer,170,39800,373,
s524041400,p02982,u530383736,1584432005,Python,Python (3.4.3),py,Accepted,18,3188,402,
s976665583,p02982,u140191608,1584420021,Python,Python (3.4.3),py,Accepted,59,3064,395,
s848583960,p02982,u656568465,1584419225,C++,C++14 (GCC 5.4.1),cpp,Accepted,1,256,886,
s681352394,p02982,u297398560,1584418247,C++,C++14 (GCC 5.4.1),cpp,Wrong Answer,1,256,504,
s874352717,p02982,u297398560,1584418220,C++,C++14 (GCC 5.4.1),cpp,Compile Error,,,504,
s653694815,p02982,u112317104,1584413679,Python,Python (3.4.3),py,Accepted,17,3188,365,
s839434783,p02982,u224353074,1584409477,Python,PyPy3 (2.4.0),py,Accepted,188,38740,446,
s431198779,p02982,u560801892,1584406399,C++,C++14 (GCC 5.4.1),cpp,Accepted,1,256,1471,
s494855704,p02982,u137339784,1584404734,Java,Java8 (OpenJDK 1.8.0),java,Accepted,109,21716,682,
s629784017,p02982,u016901717,1584375630,Python,Python (3.4.3),py,Accepted,20,3064,309,
s745024129,p02982,u693969714,1584370722,C++,C++14 (GCC 5.4.1),cpp,Accepted,2,384,924,
s820828742,p02982,u721082205,1584366111,C++,C++14 (GCC 5.4.1),cpp,Accepted,1,256,903,
s214352503,p02982,u721082205,1584366065,C++,C++14 (GCC 5.4.1),cpp,Wrong Answer,1,256,949,
s813258932,p02982,u969848070,1584357918,Python,Python (3.4.3),py,Wrong Answer,18,2940,109,
s954713813,p02982,u998262711,1584320352,Python,Python (3.4.3),py,Accepted,18,3064,504,
s368432120,p02982,u768347697,1584319865,C++,C++14 (GCC 5.4.1),cpp,Accepted,1,256,969,
s750918574,p02982,u373047809,1584315405,Python,Python (3.4.3),py,Accepted,18,3060,281,
s328174097,p02982,u701556979,1584307612,C++,C++14 (GCC 5.4.1),cpp,Accepted,2,256,723,
s156066274,p02982,u723394740,1584305280,C++,C++14 (GCC 5.4.1),cpp,Accepted,1,256,755,
s241638760,p02982,u917049698,1584305194,C++,C++14 (GCC 5.4.1),cpp,Accepted,1,256,951,
s178602713,p02982,u917049698,1584304929,C++,C++14 (GCC 5.4.1),cpp,Wrong Answer,1,256,951,
s516457845,p02982,u089241640,1584304474,C++,C++14 (GCC 5.4.1),cpp,Accepted,1,256,508,
s645829902,p02982,u609814378,1584300391,Python,Python (3.4.3),py,Accepted,18,3064,392,
s967206490,p02982,u299043628,1584300128,C++,C++14 (GCC 5.4.1),cpp,Accepted,1,256,992,
s043908605,p02982,u233586402,1584294084,C++,C++14 (GCC 5.4.1),cpp,Accepted,1,256,548,
s926544301,p02982,u163874353,1584288207,Python,Python (3.4.3),py,Accepted,18,3060,390,
s766392841,p02982,u379702654,1584280953,Haskell,Haskell (GHC 7.10.3),hs,Accepted,2,636,713,
s845736323,p02982,u880277518,1584276786,Python,Python (3.4.3),py,Accepted,18,3064,344,
s408012695,p02982,u711540245,1584255931,C++,C++14 (GCC 5.4.1),cpp,Accepted,1,256,1219,
s966635473,p02982,u018372223,1584250983,C++,C++14 (GCC 5.4.1),cpp,Accepted,1,256,540,
s558109913,p02982,u265679940,1584250942,Ruby,Ruby (2.3.3),rb,Accepted,8,3836,351,
s833190286,p02982,u265679940,1584250905,Ruby,Ruby (2.3.3),rb,Wrong Answer,8,1788,357,
s567352431,p02982,u272150741,1584247267,C++,C++14 (GCC 5.4.1),cpp,Accepted,1,256,848,
s377654111,p02982,u691018832,1584238674,Python,Python (3.4.3),py,Accepted,18,3064,411,
s401177097,p02982,u489302942,1584227699,C++,C++14 (GCC 5.4.1),cpp,Accepted,3,512,676,
s625423843,p02982,u489302942,1584227608,C++,C++14 (GCC 5.4.1),cpp,Wrong Answer,1,256,675,
s631673360,p02982,u394563938,1584221854,PHP,PHP7 (7.0.15),php,Accepted,20,5496,1323,
s083567928,p02982,u394563938,1584221827,PHP,PHP7 (7.0.15),php,Wrong Answer,9,4604,1350,
s968546119,p02982,u201928947,1584220492,Python,Python (3.4.3),py,Accepted,19,3064,337,
s386306473,p02982,u155088988,1584216745,Python,Python (3.4.3),py,Accepted,18,3064,301,
s388275997,p02982,u271752821,1584209692,Python,Python (3.4.3),py,Accepted,18,3064,254,
s830329639,p02982,u271752821,1584209170,Python,Python (3.4.3),py,Runtime Error,17,3060,252,
s509374307,p02982,u271752821,1584209159,Python,Python (3.4.3),py,Runtime Error,18,2940,253,
s859693413,p02982,u271752821,1584209091,Python,Python (3.4.3),py,Runtime Error,17,2940,253,
s782109131,p02982,u204536668,1584207276,C++,C++14 (GCC 5.4.1),cpp,Accepted,3,256,471,
s634838601,p02982,u143222136,1584201934,C++,C++14 (GCC 5.4.1),cpp,Accepted,1,256,500,
s485143477,p02982,u707960254,1584191603,Python,PyPy3 (2.4.0),py,Accepted,186,38512,357,
s368846109,p02982,u058720266,1584189265,C++,C++14 (GCC 5.4.1),cpp,Accepted,1,256,624,
s469403334,p02982,u678167152,1584183461,Python,Python (3.4.3),py,Accepted,18,3064,292,
s100125026,p02982,u114137758,1584182888,C++,C++14 (GCC 5.4.1),cpp,Accepted,3,512,2040,
s562966971,p02982,u025501820,1584172885,Python,Python (3.4.3),py,Accepted,149,12492,287,
s168165390,p02982,u211964883,1584161159,C++,C++14 (GCC 5.4.1),cpp,Accepted,1,256,3748,
s348250265,p02982,u271752821,1584161071,Python,Python (3.4.3),py,Accepted,18,3064,392,
s476146739,p02982,u130900604,1584156955,Python,Python (3.4.3),py,Accepted,151,12508,282,
s868600644,p02982,u411418267,1584156645,C++,C++14 (GCC 5.4.1),cpp,Accepted,1,256,664,
s056684365,p02982,u733811860,1584156346,Kotlin,Kotlin (1.0.0),kt,Accepted,201,29588,511,
s019503673,p02982,u261538386,1584152556,C++,C++14 (GCC 5.4.1),cpp,Accepted,1,256,851,
s909586539,p02982,u896726004,1584134034,Python,Python (3.4.3),py,Accepted,18,3064,432,
s441855999,p02982,u442877951,1584131712,Python,Python (3.4.3),py,Accepted,17,3064,282,
s230975189,p02982,u389834932,1584129598,C,C (GCC 5.4.1),c,Accepted,1,128,884,
s530639221,p02982,u799910874,1584128676,Ruby,Ruby (2.3.3),rb,Accepted,7,1788,283,
s281103187,p02982,u803617136,1584124746,Python,PyPy3 (2.4.0),py,Accepted,167,38256,352,
s411105254,p02982,u934442292,1584118895,Python,Python (3.4.3),py,Accepted,19,3064,368,
s600518712,p02982,u964763428,1584080133,C++,C++14 (GCC 5.4.1),cpp,Accepted,5,256,1171,
s550747526,p02982,u651235280,1584074090,C++,C++14 (GCC 5.4.1),cpp,Accepted,1,256,680,
s837212133,p02982,u270272336,1584071205,C++,C++14 (GCC 5.4.1),cpp,Accepted,1,256,672,
s652041290,p02982,u863537799,1584071051,C++,C++14 (GCC 5.4.1),cpp,Accepted,1,256,3458,
s338811841,p02982,u863537799,1584070927,C++,C++14 (GCC 5.4.1),cpp,Wrong Answer,1,256,3457,
s761477465,p02982,u959682820,1584069457,C++,C++14 (GCC 5.4.1),cpp,Accepted,1,256,1038,
s921499975,p02982,u959682820,1584069304,C++,C++14 (GCC 5.4.1),cpp,Wrong Answer,1,256,1036,
s116340001,p02982,u959682820,1584069247,C++,C++14 (GCC 5.4.1),cpp,Wrong Answer,1,256,1051,
s516879439,p02982,u135573741,1584066429,C++,C++14 (GCC 5.4.1),cpp,Accepted,1,256,657,
s192845573,p02982,u846185950,1584066147,Go,Go (1.6),go,Accepted,1,640,6690,
s835305241,p02982,u044964932,1584056435,Python,Python (3.4.3),py,Accepted,150,12432,443,
s565313609,p02982,u134302690,1584046938,Python,Python (3.4.3),py,Accepted,18,3064,425,
s202572591,p02982,u561083515,1584039922,Python,Python (3.4.3),py,Accepted,18,3064,314,
s117251844,p02982,u294700660,1584037241,C++,C++14 (GCC 5.4.1),cpp,Accepted,1,256,1527,
s652837417,p02982,u001490106,1584035526,Python,Python (3.4.3),py,Accepted,151,12428,352,
s866247070,p02982,u740054550,1584033120,C++,C++14 (GCC 5.4.1),cpp,Accepted,1,256,4483,
s334214554,p02982,u799521877,1584033039,C++,C++14 (GCC 5.4.1),cpp,Accepted,1,256,459,
s955739693,p02982,u956363574,1584031983,C++,C++14 (GCC 5.4.1),cpp,Accepted,1,256,1028,
s533405695,p02982,u853721692,1584024626,C++,C++14 (GCC 5.4.1),cpp,Accepted,1,256,706,
s571823862,p02982,u929977034,1584021300,C++,C++14 (GCC 5.4.1),cpp,Accepted,1,256,1365,
s079343633,p02982,u057226835,1584001019,C++,C++14 (GCC 5.4.1),cpp,Accepted,1,256,1396,
s005224351,p02982,u657913472,1583988583,Perl,Perl (v5.18.2),pl,Accepted,6,768,168,
s234007005,p02982,u697968316,1583985655,C++,C++14 (GCC 5.4.1),cpp,Accepted,1,256,689,
s218184848,p02982,u343977188,1583981145,Python,Python (3.4.3),py,Accepted,18,3060,352,
s982626134,p02982,u907525511,1583978892,C++,C++14 (GCC 5.4.1),cpp,Accepted,1,256,530,
s991996014,p02982,u289547799,1583977710,Python,Python (3.4.3),py,Accepted,18,3064,406,
s253585243,p02982,u223555291,1583973937,Python,Python (3.4.3),py,Accepted,18,3064,331,
s080548165,p02982,u994064513,1583968433,Python,Python (3.4.3),py,Accepted,20,3064,794,
s274487872,p02982,u994064513,1583967002,Python,Python (3.4.3),py,Wrong Answer,19,3064,794,
s966641235,p02982,u990037841,1583966839,C++,C++14 (GCC 5.4.1),cpp,Wrong Answer,1,256,727,
s099447941,p02982,u862359372,1583966715,Python,Python (3.4.3),py,Accepted,17,3064,299,
s918161407,p02982,u099450021,1583965929,Python,Python (3.4.3),py,Accepted,17,3064,443,
s380893007,p02982,u971632623,1583965515,Python,Python (3.4.3),py,Accepted,17,3064,312,
s782453961,p02982,u714769076,1583965407,Ruby,Ruby (2.3.3),rb,Accepted,7,1788,211,
s822730070,p02982,u427485170,1583965394,Python,Python (3.4.3),py,Accepted,20,3188,343,
s241354644,p02982,u938486382,1583965166,Python,PyPy3 (2.4.0),py,Accepted,166,38640,368,
s686897717,p02982,u098982053,1583961760,Python,Python (3.4.3),py,Accepted,170,13088,348,
s645265643,p02982,u296160120,1583961250,C++,C++14 (GCC 5.4.1),cpp,Accepted,1,256,2006,
s549143606,p02982,u296160120,1583960712,Python,Python (3.4.3),py,Runtime Error,17,2940,2006,
s604905784,p02982,u600995315,1583954532,Awk,Awk (mawk 1.3.3),awk,Accepted,4,380,204,
s751348321,p02982,u600995315,1583952581,Nim,Nim (0.13.0),nim,Accepted,1,256,278,
s003049299,p02982,u743614777,1583942930,Python,Python (3.4.3),py,Runtime Error,20,3316,275,
s952365621,p02982,u438329926,1583902032,Haskell,Haskell (GHC 7.10.3),hs,Accepted,4,892,513,
s245032011,p02982,u336381735,1583900904,C++,C++14 (GCC 5.4.1),cpp,Accepted,1,256,650,
s864004318,p02982,u036401720,1583893177,C++,C++14 (GCC 5.4.1),cpp,Accepted,1,256,559,
s357918548,p02982,u571173211,1583887669,C++,C++14 (GCC 5.4.1),cpp,Accepted,1,256,1689,
s590785776,p02982,u284428813,1583877029,COBOL,COBOL - Free (OpenCOBOL 1.1.0),cob,Accepted,2,384,1431,
s313229762,p02982,u964987395,1583872588,C++,C++14 (GCC 5.4.1),cpp,Accepted,1,256,647,
s118338271,p02982,u890807039,1583862302,C++,C++14 (GCC 5.4.1),cpp,Accepted,1,256,2100,
s841623555,p02982,u190875453,1583857339,C++,C++14 (GCC 5.4.1),cpp,Accepted,1,256,704,
s500574023,p02982,u170765582,1583854968,Python,Python (3.4.3),py,Accepted,17,3188,241,
s873344047,p02982,u466161487,1583853823,C++,C++14 (GCC 5.4.1),cpp,Accepted,1,256,472,
s170371822,p02982,u735528230,1583847326,C++,C++14 (GCC 5.4.1),cpp,Accepted,1,256,535,
s811824534,p02982,u730271001,1583838528,C++,C++14 (GCC 5.4.1),cpp,Accepted,1,256,764,
s374287829,p02982,u730271001,1583838237,C++,C++14 (GCC 5.4.1),cpp,Wrong Answer,1,256,720,
s805845662,p02982,u730271001,1583838154,C++,C++14 (GCC 5.4.1),cpp,Wrong Answer,1,256,824,
s617210415,p02982,u730271001,1583838012,C++,C++14 (GCC 5.4.1),cpp,Wrong Answer,1,256,720,
s081529516,p02982,u968404618,1583825831,Python,Python (3.4.3),py,Accepted,17,3188,285,
s451208740,p02982,u989306199,1583818890,C++,C++14 (GCC 5.4.1),cpp,Accepted,1,256,980,
s328443294,p02982,u863537799,1583810556,C++,C++14 (GCC 5.4.1),cpp,Accepted,1,256,3395,
s221320687,p02982,u863537799,1583810477,C++,C++14 (GCC 5.4.1),cpp,Wrong Answer,1,256,3395,
s461567406,p02982,u042365947,1583809479,C#,C# (Mono 4.6.2.0),cs,Accepted,28,12256,6839,
s865270181,p02982,u783255320,1583808387,C++,C++14 (GCC 5.4.1),cpp,Accepted,1,256,1146,
s087482893,p02982,u466161487,1583808126,C++,C++14 (GCC 5.4.1),cpp,Accepted,1,256,2036,
s454158068,p02982,u227082700,1583806205,Python,Python (3.4.3),py,Accepted,17,3064,278,
s797088796,p02982,u115888500,1583805732,C++,C++14 (GCC 5.4.1),cpp,Accepted,3,384,3025,
s160674759,p02982,u832039789,1583805016,Python,PyPy3 (2.4.0),py,Accepted,165,38256,293,
s738500899,p02982,u961135803,1583798362,C++,C++14 (GCC 5.4.1),cpp,Accepted,2,256,775,
s700491011,p02982,u024383312,1583776039,Python,Python (3.4.3),py,Accepted,17,3188,353,
s946885167,p02982,u889326464,1583761317,Ruby,Ruby (2.3.3),rb,Accepted,7,1788,255,
s436596335,p02982,u889326464,1583761177,Ruby,Ruby (2.3.3),rb,Accepted,7,1788,258,
s310283714,p02982,u031178961,1583736174,C++,C++14 (GCC 5.4.1),cpp,Accepted,1,256,593,
s491685082,p02982,u437368899,1583721305,Ruby,Ruby (2.3.3),rb,Accepted,7,1788,272,
s589010863,p02982,u440248708,1583715301,C++,C++14 (GCC 5.4.1),cpp,Accepted,9,764,402,
s116001737,p02982,u158628538,1583715144,Python,Python (3.4.3),py,Accepted,1665,21744,366,
s721585111,p02982,u823722490,1583714943,C++,C++14 (GCC 5.4.1),cpp,Accepted,7,768,650,
s723156595,p02982,u948911484,1583710423,Python,Python (3.4.3),py,Accepted,18,3064,325,
s905702377,p02982,u948911484,1583710340,Python,Python (3.4.3),py,Wrong Answer,19,3064,327,
s064768608,p02982,u252210202,1583710028,Python,Python (3.4.3),py,Accepted,17,3064,387,
s038552442,p02982,u009414205,1583708524,C++,C++14 (GCC 5.4.1),cpp,Accepted,1,384,533,
s313660141,p02982,u124659583,1583707766,C++,C++14 (GCC 5.4.1),cpp,Accepted,1,256,860,
s554352443,p02982,u124659583,1583707690,C++,C++14 (GCC 5.4.1),cpp,Wrong Answer,1,256,859,
s797745585,p02982,u124659583,1583707536,C++,C++14 (GCC 5.4.1),cpp,Wrong Answer,1,256,862,
s890701323,p02982,u124659583,1583707249,C++,C++14 (GCC 5.4.1),cpp,Wrong Answer,1,256,839,
s731080564,p02982,u124659583,1583707207,C++,C++14 (GCC 5.4.1),cpp,Wrong Answer,3,256,839,
s970101353,p02982,u323542775,1583706538,C++,C++14 (GCC 5.4.1),cpp,Accepted,1,256,651,
s833055974,p02982,u959524814,1583704858,C,C (GCC 5.4.1),c,Accepted,1,128,596,
s415625777,p02982,u252210202,1583704478,Python,Python (3.4.3),py,Wrong Answer,19,3064,438,
s714582252,p02982,u526459074,1583701441,C++,C++14 (GCC 5.4.1),cpp,Accepted,1,256,569,
s343298940,p02982,u425758699,1583695233,C++,C++14 (GCC 5.4.1),cpp,Accepted,2,256,602,
s436819184,p02982,u134181243,1583693472,Nim,Nim (0.13.0),nim,Accepted,1,256,713,
s372844876,p02982,u344810256,1583693403,C++,C++14 (GCC 5.4.1),cpp,Accepted,1,256,582,
s773438527,p02982,u863717702,1583682219,C++,C++14 (GCC 5.4.1),cpp,Accepted,1,256,587,
s221617184,p02982,u974935538,1583656906,Python,Python (3.4.3),py,Accepted,18,3064,419,
s337334056,p02982,u042751985,1583645886,C++,C++14 (GCC 5.4.1),cpp,Accepted,1,256,720,
s288515565,p02982,u616029737,1583628978,C++,C++14 (GCC 5.4.1),cpp,Accepted,1,256,3747,
s487485398,p02982,u103902792,1583626054,Python,Python (3.4.3),py,Accepted,18,3064,381,
s116030167,p02982,u103902792,1583625952,Python,Python (3.4.3),py,Runtime Error,17,3064,369,
s731981376,p02982,u455266724,1583624948,C++,C++14 (GCC 5.4.1),cpp,Accepted,1,256,800,
s923025251,p02982,u545385408,1583623134,C++,C++14 (GCC 5.4.1),cpp,Accepted,1,256,572,
s431860852,p02982,u168293447,1583616400,C++,C++14 (GCC 5.4.1),cpp,Accepted,1,256,431,
s641094098,p02982,u809967037,1583614469,C++,C++14 (GCC 5.4.1),cpp,Accepted,1,256,6778,
s766474652,p02982,u219086885,1583614191,Haskell,Haskell (GHC 7.10.3),hs,Accepted,2,1020,435,
s003059510,p02982,u277556971,1583609076,C++,C++14 (GCC 5.4.1),cpp,Accepted,1,256,2200,
s919638616,p02982,u387720785,1583596573,Java,Java8 (OpenJDK 1.8.0),java,Accepted,112,23636,917,
s328280094,p02982,u961443099,1583553272,C++,C++14 (GCC 5.4.1),cpp,Accepted,1,256,883,
s570602322,p02982,u139112865,1583549816,Python,Python (3.4.3),py,Accepted,17,3064,281,
s480186155,p02982,u089147470,1583549082,C++,C++14 (GCC 5.4.1),cpp,Accepted,1,256,445,
s370248881,p02982,u751409274,1583547239,C++,C++14 (GCC 5.4.1),cpp,Accepted,2,256,807,
s617765749,p02982,u075296067,1583546372,C++,C++14 (GCC 5.4.1),cpp,Accepted,1,256,704,
s907269130,p02982,u469639111,1583536828,C++,C++14 (GCC 5.4.1),cpp,Accepted,3,256,390,
s447131715,p02982,u309141201,1583534613,Python,Python (3.4.3),py,Accepted,17,3064,418,
s348814590,p02982,u123745130,1583527607,Python,Python (3.4.3),py,Accepted,19,3064,276,
s506717340,p02982,u584520839,1583524859,C++,C++14 (GCC 5.4.1),cpp,Accepted,1,256,569,
s163409232,p02982,u412039195,1583523721,C++,C++14 (GCC 5.4.1),cpp,Accepted,1,256,757,
s834757500,p02982,u433189059,1583513610,C++,C++14 (GCC 5.4.1),cpp,Accepted,1,256,644,
s517929890,p02982,u988234231,1583502549,Java,Java8 (OpenJDK 1.8.0),java,Accepted,116,23892,1081,
s528730512,p02982,u094191970,1583472866,C++,C++14 (GCC 5.4.1),cpp,Accepted,1,256,459,
s766406514,p02982,u630211216,1583470326,C++,C++14 (GCC 5.4.1),cpp,Accepted,1,256,556,
s055974997,p02982,u630211216,1583470249,C++,C++14 (GCC 5.4.1),cpp,Wrong Answer,1,256,555,
s292242354,p02982,u605901675,1583469723,C++,C++14 (GCC 5.4.1),cpp,Accepted,1,256,771,
s691108935,p02982,u258108378,1583466264,C++,C++14 (GCC 5.4.1),cpp,Accepted,1,256,1386,
s053857104,p02982,u502731482,1583464561,Python,Python (3.4.3),py,Accepted,18,3064,461,
s512391440,p02982,u198469037,1583458476,C++,C++14 (GCC 5.4.1),cpp,Accepted,1,256,668,
s346618662,p02982,u717265305,1583448020,Python,Python (3.4.3),py,Accepted,18,3064,336,
s342471432,p02982,u398437835,1583442369,C++,C++14 (GCC 5.4.1),cpp,Accepted,2,256,1666,
s565188546,p02982,u770300100,1583442070,Java,Java8 (OpenJDK 1.8.0),java,Accepted,105,21844,923,
s010041073,p02982,u770300100,1583441932,Java,Java8 (OpenJDK 1.8.0),java,Wrong Answer,105,21844,907,
s673221642,p02982,u770300100,1583441827,Java,Java8 (OpenJDK 1.8.0),java,Wrong Answer,103,21844,907,
s354607028,p02982,u540698208,1583432002,Python,Python (3.4.3),py,Accepted,18,3188,467,
s500864380,p02982,u277312083,1583426301,C++,C++14 (GCC 5.4.1),cpp,Accepted,1,256,518,
s903100443,p02982,u966257731,1583421047,C++,C++14 (GCC 5.4.1),cpp,Accepted,1,256,493,
s707424397,p02982,u672898046,1583394990,Python,Python (3.4.3),py,Accepted,18,3064,377,
s431460768,p02982,u589381719,1583372276,Python,Python (3.4.3),py,Accepted,31,3064,403,
s472994536,p02982,u589381719,1583372049,Python,Python (3.4.3),py,Wrong Answer,18,3064,402,
s360046934,p02982,u168017191,1583369337,C++,C++14 (GCC 5.4.1),cpp,Accepted,1,256,873,
s050398008,p02982,u384793271,1583365276,Python,Python (3.4.3),py,Accepted,151,12496,282,
s475379003,p02982,u449697619,1583358489,Python,PyPy3 (2.4.0),py,Accepted,183,38256,380,
s827565617,p02982,u028906014,1583347477,C++,C++14 (GCC 5.4.1),cpp,Accepted,1,384,545,
s943608426,p02982,u663767599,1583328703,Python,Python (3.4.3),py,Accepted,18,3064,375,
s700597088,p02982,u503080601,1583303898,C++,C++14 (GCC 5.4.1),cpp,Accepted,1,256,1058,
s705756103,p02982,u055687574,1583303574,Python,Python (3.4.3),py,Accepted,322,21312,279,
s598057795,p02982,u503080601,1583302571,C++,C++14 (GCC 5.4.1),cpp,Wrong Answer,1,256,1050,
s646140259,p02982,u039293076,1583297629,Ruby,Ruby (2.3.3),rb,Accepted,7,1788,213,
s532802928,p02982,u263000123,1583294095,C++,C++14 (GCC 5.4.1),cpp,Accepted,1,256,692,
s945109005,p02982,u365917065,1583290815,C++,C++14 (GCC 5.4.1),cpp,Accepted,1,256,612,
s821946606,p02982,u747184036,1583274652,C++,C++14 (GCC 5.4.1),cpp,Accepted,1,256,714,
s273893664,p02982,u879581330,1583254823,C++,C++14 (GCC 5.4.1),cpp,Accepted,1,256,582,
s926656497,p02982,u879581330,1583254051,C++,C++14 (GCC 5.4.1),cpp,Accepted,1,256,581,
s378174984,p02982,u354815748,1583231597,C++,C++14 (GCC 5.4.1),cpp,Accepted,1,256,1026,
s954906677,p02982,u288568295,1583230557,C++,C++14 (GCC 5.4.1),cpp,Accepted,9,892,1026,
s564815359,p02982,u328755070,1583209798,Python,Python (3.4.3),py,Accepted,17,3188,378,
s882164694,p02982,u644516473,1583207990,Python,Python (3.4.3),py,Accepted,18,3060,263,
s067771355,p02982,u863370423,1583207614,C++,C++14 (GCC 5.4.1),cpp,Accepted,1,256,701,
s128147794,p02982,u038815010,1583205191,Python,PyPy3 (2.4.0),py,Accepted,166,38512,271,
s954983549,p02982,u993074316,1583202809,C++,C++14 (GCC 5.4.1),cpp,Accepted,1,256,483,
s832930098,p02982,u106342872,1583201200,Python,Python (3.4.3),py,Accepted,18,3064,339,
s226369170,p02982,u699111690,1583198461,C++,C++14 (GCC 5.4.1),cpp,Accepted,1,256,704,
s839732892,p02982,u901555384,1583176482,C++,C++14 (GCC 5.4.1),cpp,Accepted,1,256,1177,
s526285074,p02982,u901555384,1583175898,C++,C++14 (GCC 5.4.1),cpp,Wrong Answer,1,256,1120,
s661381871,p02982,u671211357,1583169338,Python,Python (3.4.3),py,Accepted,17,3064,378,
s740887812,p02982,u690445001,1583164498,C++,C++14 (GCC 5.4.1),cpp,Accepted,1,256,1031,
s843753769,p02982,u385574568,1583131945,C++,C++14 (GCC 5.4.1),cpp,Accepted,1,256,1041,
s482917347,p02982,u568787962,1583113601,C++,C++14 (GCC 5.4.1),cpp,Accepted,3,384,529,
s576098874,p02982,u461336793,1583111669,C++,C++14 (GCC 5.4.1),cpp,Accepted,1,256,2098,
s465314272,p02982,u038408819,1583101422,Python,Python (3.4.3),py,Accepted,153,12492,391,
s468537979,p02982,u157887852,1583100993,Ruby,Ruby (2.3.3),rb,Accepted,7,1788,312,
s762965405,p02982,u151625340,1583097573,Python,PyPy3 (2.4.0),py,Accepted,182,38512,370,
s078835199,p02982,u151625340,1583097368,Python,PyPy3 (2.4.0),py,Runtime Error,185,38384,339,
s627922714,p02982,u383179205,1583094232,C++,C++14 (GCC 5.4.1),cpp,Accepted,1,256,665,
s722030890,p02982,u820224016,1583076883,C++,C++14 (GCC 5.4.1),cpp,Accepted,1,256,331,
s584623674,p02982,u080318287,1583052310,C++,C++14 (GCC 5.4.1),cpp,Accepted,1,256,2288,
s070164092,p02982,u375477204,1583038149,Python,Python (3.4.3),py,Accepted,60,3064,358,
s689588152,p02982,u481134321,1583037773,C++,C++14 (GCC 5.4.1),cpp,Accepted,1,256,714,
s466243912,p02982,u261103969,1583034778,Python,Python (3.4.3),py,Accepted,22,3064,641,
s039985943,p02982,u086672186,1583033880,C++,C++14 (GCC 5.4.1),cpp,Accepted,1,256,934,
s797607593,p02982,u558698961,1583031935,C++,C++14 (GCC 5.4.1),cpp,Accepted,1,256,6394,
s831991102,p02982,u138273120,1583030701,C++,C++14 (GCC 5.4.1),cpp,Accepted,2,384,611,
s989352621,p02982,u137332130,1583029064,C++,C++14 (GCC 5.4.1),cpp,Accepted,1,256,2149,
s946201562,p02982,u043443359,1583023782,C++,C++14 (GCC 5.4.1),cpp,Accepted,1,256,6394,
s947900221,p02982,u776439373,1583023383,C,C (GCC 5.4.1),c,Accepted,1,128,705,
s245464416,p02982,u018351314,1583022049,C#,C# (Mono 4.6.2.0),cs,Wrong Answer,25,13268,606,
s569298671,p02982,u945901686,1583021882,C++,C++14 (GCC 5.4.1),cpp,Accepted,1,256,752,
s900906375,p02982,u516525290,1583017636,C++,C++14 (GCC 5.4.1),cpp,Accepted,1,256,1297,
s515090589,p02982,u388927326,1583006914,Fortran,Fortran (gfortran v4.8.4),f,Accepted,3,512,652,
s680340988,p02982,u388927326,1583006580,Fortran,Fortran (gfortran v4.8.4),f,Accepted,2,512,559,
s904216344,p02982,u782733831,1582997679,Java,Java8 (OpenJDK 1.8.0),java,Accepted,109,21972,623,
s596448004,p02982,u207310767,1582949049,C++,C++ (GCC 5.4.1),cpp,Accepted,1,256,883,
s404213785,p02982,u345207975,1582935692,C++,C++14 (GCC 5.4.1),cpp,Accepted,1,256,760,
s116238898,p02982,u782733831,1582935423,C++,C++14 (GCC 5.4.1),cpp,Compile Error,,,2259,
s405199846,p02982,u899589706,1582930786,C,C (GCC 5.4.1),c,Accepted,1,128,493,
s187783293,p02982,u445404615,1582925771,Python,Python (3.4.3),py,Accepted,17,3064,329,
s241182147,p02982,u971091945,1582922971,Python,Python (3.4.3),py,Accepted,18,3064,402,
s717702923,p02982,u861722435,1582921766,C++,C++14 (GCC 5.4.1),cpp,Accepted,1,256,537,
s569885758,p02982,u336564899,1582919758,Python,Python (3.4.3),py,Accepted,17,3060,330,
s755370539,p02982,u952094438,1582919461,C++,C++14 (GCC 5.4.1),cpp,Accepted,1,256,1441,
s044346697,p02982,u188827677,1582910426,Python,Python (3.4.3),py,Accepted,17,3064,312,
s651124524,p02982,u893584578,1582897551,C++,C++14 (GCC 5.4.1),cpp,Accepted,4,256,686,
s290554910,p02982,u893584578,1582897250,C++,C++14 (GCC 5.4.1),cpp,Wrong Answer,1,256,658,
s421661780,p02982,u093033848,1582872122,C++,C++14 (GCC 5.4.1),cpp,Accepted,1,256,1060,
s146834815,p02982,u617380180,1582868637,C++,C++14 (GCC 5.4.1),cpp,Accepted,1,256,1733,
s242833328,p02982,u045289115,1582868274,Java,Java8 (OpenJDK 1.8.0),java,Accepted,109,23124,582,
s001629358,p02982,u129134470,1582865723,C++,C++14 (GCC 5.4.1),cpp,Accepted,1,256,843,
s514580353,p02982,u129134470,1582865591,C++,C++14 (GCC 5.4.1),cpp,Accepted,1,256,837,
s412515477,p02982,u129134470,1582865550,C++,C++14 (GCC 5.4.1),cpp,Wrong Answer,1,256,837,
s436940633,p02982,u129134470,1582865486,C++,C++14 (GCC 5.4.1),cpp,Wrong Answer,1,256,840,
s540289593,p02982,u189867560,1582864944,C++,C++14 (Clang 3.8.0),cpp,Accepted,1,256,657,
s590474650,p02982,u471898432,1582863100,Python,Python (3.4.3),py,Accepted,17,3064,477,
s948761748,p02982,u606523772,1582853202,Python,Python (3.4.3),py,Accepted,18,3064,449,
s848105069,p02982,u110996038,1582841365,C++,C++14 (GCC 5.4.1),cpp,Accepted,1,256,626,
s661717463,p02982,u110996038,1582840403,C++,C++14 (GCC 5.4.1),cpp,Wrong Answer,1,256,651,
s689757847,p02982,u110996038,1582839732,C++,C++14 (GCC 5.4.1),cpp,Wrong Answer,1,256,626,
s576952088,p02982,u619197965,1582824462,Julia,Julia (0.5.0),jl,Accepted,382,113124,460,
s887907754,p02982,u006883624,1582815048,Python,Python (3.4.3),py,Accepted,18,3064,532,
s780307944,p02982,u103557284,1582790887,C++,C++14 (GCC 5.4.1),cpp,Accepted,1,256,1032,
s163959154,p02982,u103557284,1582790443,C++,C++14 (GCC 5.4.1),cpp,Wrong Answer,2,256,974,
s428192744,p02982,u615662061,1582789878,C++,C++14 (GCC 5.4.1),cpp,Accepted,1,256,544,
s925191614,p02982,u397384480,1582784142,Python,PyPy3 (2.4.0),py,Accepted,165,38512,346,
s693642489,p02982,u854161810,1582783248,C++,C++14 (GCC 5.4.1),cpp,Accepted,1,256,519,
s192699267,p02982,u984276646,1582779949,Python,Python (3.4.3),py,Accepted,18,3064,307,
s023050495,p02982,u742960659,1582770762,C#,C# (Mono 4.6.2.0),cs,Accepted,26,13396,998,
s857075957,p02982,u580697892,1582770565,Python,Python (3.4.3),py,Accepted,17,3188,353,
s908481185,p02982,u210440747,1582766484,Python,Python (3.4.3),py,Accepted,193,14208,402,
s825473659,p02982,u561143568,1582760668,C++,C++14 (GCC 5.4.1),cpp,Accepted,1,256,817,
s576575894,p02982,u498141549,1582759995,C++,C++14 (GCC 5.4.1),cpp,Accepted,1,256,994,
s612176734,p02982,u351303380,1582757519,Java,Java8 (OpenJDK 1.8.0),java,Accepted,113,21844,692,
s058587186,p02982,u078349616,1582756492,Python,Python (3.4.3),py,Accepted,18,3064,349,
s065421820,p02982,u757030836,1582753898,Python,Python (3.4.3),py,Accepted,18,3188,308,
s866749382,p02982,u757030836,1582753741,Python,Python (3.4.3),py,Accepted,26,3064,313,
s686463486,p02982,u170183831,1582739417,Python,Python (3.4.3),py,Accepted,17,3064,310,
s056891661,p02982,u992910889,1582687030,Python,Python (3.4.3),py,Accepted,18,3064,326,
s238700293,p02982,u318740143,1582685287,Python,Python (3.4.3),py,Accepted,17,3188,369,
s978762211,p02982,u318740143,1582685056,Python,Python (3.4.3),py,Wrong Answer,18,3064,367,
s987047015,p02982,u572012241,1582684137,Python,Python (3.4.3),py,Accepted,163,12428,454,
s132690291,p02982,u412659798,1582682843,C++,C++14 (GCC 5.4.1),cpp,Accepted,3,640,766,
s074569701,p02982,u954659213,1582666386,C++,C++14 (GCC 5.4.1),cpp,Accepted,1,256,830,
s935095163,p02982,u486251525,1582663296,Python,Python (3.4.3),py,Accepted,20,3064,387,
s631144377,p02982,u486251525,1582663271,Python,Python (3.4.3),py,Wrong Answer,19,3064,413,
s493449843,p02982,u613960672,1582660638,C++,C++14 (GCC 5.4.1),cpp,Accepted,1,256,612,
s948607075,p02982,u467480147,1582659016,C++,C++14 (GCC 5.4.1),cpp,Accepted,1,256,603,
s234709606,p02982,u138273120,1582651662,C++,C++14 (GCC 5.4.1),cpp,Accepted,1,256,727,
s574370647,p02982,u754114382,1582629905,Java,Java8 (OpenJDK 1.8.0),java,Accepted,106,21844,629,
s129390169,p02982,u416773418,1582608341,C++,C++14 (GCC 5.4.1),cpp,Accepted,1,256,624,
s546302853,p02982,u240348415,1582602171,Rust,Rust (1.15.1),rs,Accepted,4,8828,313204,
s921790622,p02982,u648009244,1582600747,C++,C++14 (GCC 5.4.1),cpp,Accepted,1,256,502,
s029299333,p02982,u308684517,1582600363,Python,Python (3.4.3),py,Accepted,20,3188,369,
s934007749,p02982,u043443359,1582600323,C++,C++14 (GCC 5.4.1),cpp,Wrong Answer,1,256,6387,
s356846218,p02982,u787005274,1582592996,C++,C++14 (GCC 5.4.1),cpp,Accepted,1,256,583,
s129670490,p02982,u726124338,1582588546,C++,C++ (GCC 5.4.1),cpp,Accepted,1,256,706,
s321503611,p02982,u972658925,1582588511,Python,Python (3.4.3),py,Accepted,17,3064,410,
s309330503,p02982,u317779196,1582578697,Python,Python (3.4.3),py,Accepted,19,3064,312,
s836209178,p02982,u503841284,1582571612,C++,C++14 (GCC 5.4.1),cpp,Accepted,1,256,598,
s240147015,p02982,u721970149,1582570571,Python,Python (3.4.3),py,Accepted,18,3064,404,
s061222104,p02982,u316440712,1582552327,C++,C++14 (GCC 5.4.1),cpp,Accepted,1,256,6262,
s554786211,p02982,u977661421,1582552297,C,C (GCC 5.4.1),c,Accepted,2,256,641,
s317741610,p02982,u977661421,1582551763,Python,Python (3.4.3),py,Accepted,18,3188,415,
s026422758,p02982,u414021949,1582532093,Haskell,Haskell (GHC 7.10.3),hs,Accepted,3,636,819,
s020924780,p02982,u414021949,1582528017,Haskell,Haskell (GHC 7.10.3),hs,Accepted,2,508,813,
s111447318,p02982,u217627525,1582525340,Python,Python (3.4.3),py,Accepted,18,3188,347,
s706936536,p02982,u056944756,1582514479,C++,C++14 (GCC 5.4.1),cpp,Accepted,2,1792,567,
s340363250,p02982,u755121033,1582513860,C++,C++14 (GCC 5.4.1),cpp,Accepted,2,256,1384,
s630750274,p02982,u004411048,1582511825,C++,C++14 (GCC 5.4.1),cpp,Accepted,2,504,1405,
s818702311,p02982,u190761897,1582501090,C++,C++14 (GCC 5.4.1),cpp,Accepted,2,256,825,
s765005864,p02982,u231455327,1582498630,C++,C++14 (GCC 5.4.1),cpp,Accepted,3,384,619,
s437175549,p02982,u388372553,1582492116,C++,C++14 (GCC 5.4.1),cpp,Accepted,1,256,726,
s287003540,p02982,u743164083,1582484598,Python,Python (3.4.3),py,Accepted,17,3188,413,
s069628243,p02982,u597374218,1582484452,Python,Python (3.4.3),py,Accepted,167,12536,206,
s522551275,p02982,u597374218,1582483749,Python,Python (3.4.3),py,Accepted,152,12516,244,
s166930427,p02982,u597374218,1582483336,Python,Python (3.4.3),py,Accepted,154,12428,265,
s609352848,p02982,u743164083,1582483147,Python,Python (3.4.3),py,Wrong Answer,17,3064,459,
s688313512,p02982,u597374218,1582482805,Python,Python (3.4.3),py,Accepted,18,3060,222,
s793330576,p02982,u597374218,1582482365,Python,Python (3.4.3),py,Accepted,18,3064,282,
s535592047,p02982,u164316941,1582474602,Ruby,Ruby (2.3.3),rb,Accepted,7,1916,332,
s009032436,p02982,u767995501,1582471687,Python,Python (3.4.3),py,Accepted,18,3188,325,
s151014250,p02982,u644972721,1582418232,Python,Python (3.4.3),py,Accepted,18,3064,335,
s906553151,p02982,u293523151,1582417885,C++,C++14 (GCC 5.4.1),cpp,Accepted,1,256,1023,
s679724374,p02982,u137673158,1582409126,C++,C++14 (GCC 5.4.1),cpp,Accepted,1,256,440,
s850285763,p02982,u346424924,1582407842,Python,Python (3.4.3),py,Accepted,18,3064,345,
s661710781,p02982,u918624145,1582406538,C#,C# (Mono 4.6.2.0),cs,Accepted,21,11092,1184,
s222996369,p02982,u918624145,1582406340,C#,C# (Mono 4.6.2.0),cs,Runtime Error,20,12640,1184,
s263225106,p02982,u196520288,1582352484,C++,C++14 (GCC 5.4.1),cpp,Accepted,1,128,617,
s486158587,p02982,u565093947,1582348478,C#,C# (Mono 4.6.2.0),cs,Accepted,27,13396,986,
s405763608,p02982,u732304692,1582345466,OCaml,OCaml (4.02.3),ml,Accepted,1,384,419,
s726039937,p02982,u572204849,1582342761,Java,Java8 (OpenJDK 1.8.0),java,Accepted,107,21844,778,
s693651129,p02982,u521087562,1582323959,Python,Python (3.4.3),py,Accepted,150,12480,431,
s415861423,p02982,u521087562,1582323481,Python,Python (3.4.3),py,Runtime Error,147,12472,422,
s424878556,p02982,u180829659,1582322670,JavaScript,JavaScript (node.js v5.12),js,Accepted,53,7500,1072,
s503704225,p02982,u200887663,1582321546,Python,Python (3.4.3),py,Accepted,18,3060,406,
s550814021,p02982,u180829659,1582321450,JavaScript,JavaScript (node.js v5.12),js,Wrong Answer,54,7500,896,
s244708626,p02982,u353547517,1582321016,C++,C++14 (GCC 5.4.1),cpp,Wrong Answer,1,256,507,
s126772145,p02982,u180829659,1582320860,JavaScript,JavaScript (node.js v5.12),js,Wrong Answer,52,7500,880,
s125568639,p02982,u307779920,1582319048,C,C (GCC 5.4.1),c,Accepted,1,128,612,
s198100462,p02982,u309528330,1582318944,Java,Java8 (OpenJDK 1.8.0),java,Accepted,99,22996,764,
s190571082,p02982,u272075541,1582316407,Python,Python (3.4.3),py,Accepted,18,3060,256,
s286255177,p02982,u272075541,1582312019,Python,Python (3.4.3),py,Accepted,17,3064,327,
s833104590,p02982,u871436624,1582307593,C++,C++14 (GCC 5.4.1),cpp,Accepted,1,256,1772,
s740133587,p02982,u411203878,1582302159,Python,PyPy3 (2.4.0),py,Accepted,181,38384,359,
s077757647,p02982,u478266845,1582262656,Python,Python (3.4.3),py,Accepted,148,12444,346,
s946878182,p02982,u478266845,1582262564,Python,Python (3.4.3),py,Wrong Answer,305,21580,338,
s985861580,p02982,u005906204,1582259417,C++,C++14 (GCC 5.4.1),cpp,Accepted,1,256,829,
s451803285,p02982,u426764965,1582258965,Python,Python (3.4.3),py,Accepted,18,3188,353,
s452746838,p02982,u426764965,1582258890,Python,Python (3.4.3),py,Wrong Answer,17,3064,351,
s026866325,p02982,u426764965,1582258703,Python,Python (3.4.3),py,Runtime Error,17,3064,365,
s759875096,p02982,u208844959,1582258179,C++,C++14 (GCC 5.4.1),cpp,Accepted,1,256,825,
s218560167,p02982,u217508499,1582256631,C++,C++14 (GCC 5.4.1),cpp,Accepted,1,256,458,
s780431779,p02982,u217508499,1582256343,C++,C++14 (GCC 5.4.1),cpp,Wrong Answer,1,256,452,
s102204780,p02982,u945957386,1582249358,Rust,Rust (1.15.1),rs,Accepted,16,8824,142935,
s591340197,p02982,u207799478,1582232061,Python,Python (3.4.3),py,Accepted,18,3188,462,
s512036346,p02982,u796123030,1582219483,C++,C++14 (GCC 5.4.1),cpp,Accepted,1,256,425,
s605045024,p02982,u838744063,1582187209,C++,C++14 (GCC 5.4.1),cpp,Accepted,1,256,554,
s150766995,p02982,u426764965,1582171241,Python,Python (3.4.3),py,Runtime Error,151,12504,329,
s908572162,p02982,u955282280,1582157399,C++,C++14 (GCC 5.4.1),cpp,Accepted,1,256,669,
s538691588,p02982,u976833038,1582155271,C++,C++14 (GCC 5.4.1),cpp,Accepted,1,256,678,
s168597077,p02982,u335381753,1582152110,Ruby,Ruby (2.3.3),rb,Accepted,7,1788,334,
s489744590,p02982,u356754940,1582146052,C++,C++14 (GCC 5.4.1),cpp,Accepted,1,256,707,
s671287298,p02982,u356754940,1582146019,C++,C++14 (GCC 5.4.1),cpp,Wrong Answer,1,256,707,
s301365184,p02982,u709751610,1582085467,C++,C++14 (GCC 5.4.1),cpp,Accepted,3,384,705,
s379725761,p02982,u879478232,1582079813,Python,Python (3.4.3),py,Accepted,18,3060,328,
s143831286,p02982,u170513117,1582073035,C++,C++14 (GCC 5.4.1),cpp,Accepted,1,256,749,
s782155125,p02982,u978260507,1582062734,C++,C++14 (GCC 5.4.1),cpp,Accepted,1,256,1024,
s450316368,p02982,u222822036,1582045561,JavaScript,JavaScript (node.js v5.12),js,Accepted,55,7756,1722,
s191174284,p02982,u086503932,1582035068,Python,Python (3.4.3),py,Accepted,19,3060,261,
s881128488,p02982,u086503932,1582034903,Python,Python (3.4.3),py,Wrong Answer,18,3060,260,
s886573618,p02982,u086503932,1582034592,Python,Python (3.4.3),py,Runtime Error,18,3060,260,
s830293441,p02982,u896847891,1582033386,C,C (GCC 5.4.1),c,Accepted,1,128,516,
s607066312,p02982,u896847891,1582030399,C,C (GCC 5.4.1),c,Accepted,1,128,545,
s197729293,p02982,u269969976,1582019504,Python,Python (3.4.3),py,Accepted,20,3064,391,
s386075605,p02982,u409403493,1582011292,Python,Python (3.4.3),py,Accepted,20,3064,483,
s917686615,p02982,u461321601,1581999720,Java,Java8 (OpenJDK 1.8.0),java,Accepted,108,21844,680,
s562036528,p02982,u709751610,1581999691,C++,C++ (GCC 5.4.1),cpp,Accepted,2,256,706,
s282481978,p02982,u709751610,1581999642,C++,C++ (GCC 5.4.1),cpp,Compile Error,,,705,
s151263352,p02982,u461321601,1581999604,Java,Java8 (OpenJDK 1.8.0),java,Wrong Answer,101,23764,710,
s805365219,p02982,u497552697,1581997486,C++,C++14 (GCC 5.4.1),cpp,Accepted,1,256,877,
s176092207,p02982,u579786106,1581997403,C++,C++14 (GCC 5.4.1),cpp,Accepted,1,256,669,
s460146612,p02982,u579786106,1581997285,C++,C++14 (GCC 5.4.1),cpp,Accepted,1,256,669,
s461570668,p02982,u893270619,1581995051,Python,PyPy3 (2.4.0),py,Accepted,166,38384,291,
s698348572,p02982,u893270619,1581994538,Python,PyPy3 (2.4.0),py,Runtime Error,180,38256,166,
s415754974,p02982,u475598608,1581976574,Python,Python (3.4.3),py,Accepted,20,3316,212,
s128986922,p02982,u475598608,1581976518,Python,Python (3.4.3),py,Runtime Error,17,3060,212,
s513893795,p02982,u829735607,1581968339,Python,PyPy3 (2.4.0),py,Accepted,317,60268,1085,
s565549572,p02982,u598229387,1581963315,TypeScript,TypeScript (2.1.6),ts,Accepted,53,7500,669,
s309150569,p02982,u866538547,1581930083,C++,C++14 (GCC 5.4.1),cpp,Accepted,1,256,681,
s117986427,p02982,u866538547,1581930055,C++,C++14 (GCC 5.4.1),cpp,Wrong Answer,2,256,680,
s738499073,p02982,u866538547,1581929960,C++,C++14 (GCC 5.4.1),cpp,Wrong Answer,1,256,673,
s693534575,p02982,u477320129,1581913302,Python,Python (3.4.3),py,Accepted,18,3188,363,
s233978590,p02982,u788703383,1581903451,Python,Python (3.4.3),py,Accepted,19,3316,212,
s902373126,p02982,u566428756,1581901655,Python,Python (3.4.3),py,Accepted,18,3188,337,
s643323615,p02982,u346180161,1581891152,C++,C++14 (GCC 5.4.1),cpp,Accepted,1,256,1000,
s429746754,p02982,u428948252,1581888041,C++,C++14 (GCC 5.4.1),cpp,Accepted,1,256,648,
s930212904,p02982,u999788719,1581882710,C++,C++14 (GCC 5.4.1),cpp,Accepted,1,256,736,
s997338782,p02982,u999788719,1581882686,C++,C++14 (GCC 5.4.1),cpp,Wrong Answer,1,384,734,
s138709669,p02982,u254871849,1581882451,Python,Python (3.4.3),py,Accepted,148,12500,402,
s817633545,p02982,u879294842,1581879403,Julia,Julia (0.5.0),jl,Accepted,370,112268,548,
s608634883,p02982,u026826715,1581875245,Java,Java8 (OpenJDK 1.8.0),java,Accepted,119,21844,968,
s674986718,p02982,u124843595,1581837925,Python,Python (3.4.3),py,Accepted,18,3188,366,
s839483387,p02982,u611571299,1581837323,C++,C++14 (GCC 5.4.1),cpp,Accepted,2,504,652,
s689881550,p02982,u611571299,1581837188,C++,C++14 (GCC 5.4.1),cpp,Wrong Answer,1,256,629,
s119458123,p02982,u611571299,1581837140,C++,C++14 (GCC 5.4.1),cpp,Compile Error,,,597,
s524718669,p02982,u589238650,1581832154,C++,C++14 (GCC 5.4.1),cpp,Accepted,1,256,1046,
s814628455,p02982,u777258731,1581821386,C++,C++14 (GCC 5.4.1),cpp,Accepted,1,256,744,
s096119242,p02982,u559578080,1581816533,C++,C++14 (GCC 5.4.1),cpp,Accepted,1,256,719,
s113746520,p02982,u178586376,1581786689,Java,Java8 (OpenJDK 1.8.0),java,Accepted,106,21588,1494,
s924001218,p02982,u790457721,1581786677,Julia,Julia (0.5.0),jl,Accepted,480,117376,475,
s043666792,p02982,u202894455,1581783001,Rust,Rust (1.15.1),rs,Accepted,6,8700,155936,
s336571848,p02982,u672882146,1581758872,Python,PyPy3 (2.4.0),py,Accepted,175,38384,441,
s750136483,p02982,u672882146,1581757974,Python,PyPy3 (2.4.0),py,Wrong Answer,176,38384,633,
s537606838,p02982,u234636620,1581751791,Fortran,Fortran (gfortran v4.8.4),f,Accepted,4,512,450,
s346454829,p02982,u961198482,1581741518,C++,C++14 (GCC 5.4.1),cpp,Accepted,1,256,1810,
s255666401,p02982,u266763028,1581718305,C++,C++14 (GCC 5.4.1),cpp,Accepted,1,256,2718,
s489566602,p02982,u317560202,1581705321,C++,C++14 (GCC 5.4.1),cpp,Accepted,1,256,591,
s865336117,p02982,u162948713,1581659871,Rust,Rust (1.15.1),rs,Accepted,6,8700,155978,
s628017360,p02982,u751843916,1581654528,Python,Python (3.4.3),py,Accepted,20,3060,271,
s590095573,p02982,u042751985,1581651724,C++,C++14 (GCC 5.4.1),cpp,Accepted,1,256,765,
s865416224,p02982,u143212659,1581640335,Python,Python (3.4.3),py,Accepted,18,3188,445,
s633870963,p02982,u627803856,1581634581,Python,PyPy3 (2.4.0),py,Accepted,164,38384,376,
s514311332,p02982,u627803856,1581633835,Python,PyPy3 (2.4.0),py,Wrong Answer,178,38512,411,
s714156930,p02982,u627803856,1581633790,Python,PyPy3 (2.4.0),py,Runtime Error,165,38384,344,
s144576384,p02982,u445457059,1581627830,C++,C++14 (GCC 5.4.1),cpp,Accepted,1,256,828,
s494792765,p02982,u961136005,1581627353,C++,C++14 (GCC 5.4.1),cpp,Accepted,1,256,872,
s337379645,p02982,u016119075,1581615437,C++,C++14 (GCC 5.4.1),cpp,Accepted,2,256,687,
s532883925,p02982,u210827208,1581585442,Python,Python (3.4.3),py,Accepted,17,3064,320,
s853165916,p02982,u210827208,1581585399,Python,Python (3.4.3),py,Wrong Answer,18,3064,337,
s117205055,p02982,u508688268,1581561026,C++,C++14 (GCC 5.4.1),cpp,Accepted,1,256,553,
s942206810,p02982,u046592970,1581555256,Python,Python (3.4.3),py,Accepted,18,3188,303,
s185585961,p02982,u991083615,1581550770,C++,C++14 (GCC 5.4.1),cpp,Accepted,1,256,1141,
s588995525,p02982,u634967948,1581548649,C++,C++14 (GCC 5.4.1),cpp,Accepted,1,256,529,
s814268864,p02982,u746849814,1581545224,Python,Python (3.4.3),py,Accepted,17,3060,277,
s083137280,p02982,u147556624,1581537512,C++,C++14 (GCC 5.4.1),cpp,Accepted,1,256,437,
s090156360,p02982,u690536347,1581530630,Python,Python (3.4.3),py,Accepted,19,3060,334,
s415219296,p02982,u558115145,1581519192,C++,C++14 (GCC 5.4.1),cpp,Accepted,1,256,437,
s962813292,p02982,u108577768,1581518999,C++,C++ (GCC 5.4.1),cpp,Accepted,1,256,755,
s415595976,p02982,u183422236,1581499580,Python,Python (3.4.3),py,Accepted,18,3064,327,
s040565585,p02982,u490553751,1581475125,Python,Python (3.4.3),py,Accepted,18,3188,348,
s115637125,p02982,u283295031,1581470427,Go,Go (1.6),go,Accepted,1,512,593,
s655084568,p02982,u283295031,1581469981,Go,Go (1.6),go,Wrong Answer,1,512,903,
s967456192,p02982,u124686284,1581460051,C#,C# (Mono 4.6.2.0),cs,Accepted,22,11220,19916,
s701954598,p02982,u999803454,1581458406,C#,C# (Mono 4.6.2.0),cs,Accepted,28,13524,4031,
s976141397,p02982,u999803454,1581458369,C#,C# (Mono 4.6.2.0),cs,Compile Error,,,4032,
s999407988,p02982,u999803454,1581458314,C#,C# (Mono 4.6.2.0),cs,Compile Error,,,4032,
s688899071,p02982,u817769480,1581451916,C++,C++14 (GCC 5.4.1),cpp,Accepted,1,256,632,
s157413880,p02982,u221391729,1581447311,C++,C++14 (GCC 5.4.1),cpp,Accepted,1,256,532,
s657136091,p02982,u124686284,1581443071,C#,C# (Mono 4.6.2.0),cs,Accepted,20,11092,19952,
s767950228,p02982,u293198424,1581391795,Python,Python (3.4.3),py,Accepted,17,3064,361,
s755388596,p02982,u293198424,1581391773,Python,Python (3.4.3),py,Wrong Answer,18,3064,380,
s897510710,p02982,u015593272,1581388204,Python,Python (3.4.3),py,Accepted,149,12472,410,
s519807852,p02982,u461513098,1581382796,Python,Python (3.4.3),py,Accepted,18,3064,319,
s297308741,p02982,u790272146,1581372582,C++,C++14 (GCC 5.4.1),cpp,Accepted,1,256,741,
s754320877,p02982,u790272146,1581372468,C++,C++14 (GCC 5.4.1),cpp,Wrong Answer,1,256,731,
s850353874,p02982,u001327021,1581320161,C++,C++14 (GCC 5.4.1),cpp,Accepted,1,256,728,
s354724035,p02982,u315984289,1581299193,Go,Go (1.6),go,Accepted,1,512,619,
s851436362,p02982,u645188582,1581299141,C++,C++14 (GCC 5.4.1),cpp,Accepted,1,256,4505,
s079183345,p02982,u315984289,1581299024,Go,Go (1.6),go,Accepted,31,512,625,
s585741869,p02982,u798665594,1581295168,C++,C++14 (GCC 5.4.1),cpp,Accepted,1,256,580,
s408966681,p02982,u413139122,1581289515,C++,C++14 (GCC 5.4.1),cpp,Time Limit Exceeded,2105,1050960,681,
s151587464,p02982,u138507054,1581288907,C++,C++14 (GCC 5.4.1),cpp,Accepted,1,256,1073,
s519554479,p02982,u537234062,1581280454,C++,C++14 (GCC 5.4.1),cpp,Accepted,1,256,1101,
s034464566,p02982,u768204022,1581279426,C++,C++14 (GCC 5.4.1),cpp,Accepted,1,256,1880,
s914628916,p02982,u768204022,1581279353,C++,C++14 (GCC 5.4.1),cpp,Wrong Answer,1,256,1879,
s752735554,p02982,u324825702,1581270611,C++,C++14 (GCC 5.4.1),cpp,Accepted,1,256,1312,
s989315372,p02982,u324825702,1581270094,C++,C++14 (GCC 5.4.1),cpp,Compile Error,,,1314,
s813009342,p02982,u809967037,1581265426,C++,C++14 (GCC 5.4.1),cpp,Accepted,1,256,3291,
s696381838,p02982,u409306788,1581244639,C#,C# (Mono 4.6.2.0),cs,Accepted,27,13524,3216,
s711717918,p02982,u916002037,1581240506,C++,C++14 (GCC 5.4.1),cpp,Accepted,1,256,736,
s215785608,p02982,u018679195,1581232512,C++,C++14 (GCC 5.4.1),cpp,Accepted,1,256,1073,
s816074150,p02982,u353919145,1581231899,C++,C++14 (GCC 5.4.1),cpp,Accepted,1,256,1536,
s420241025,p02982,u443975466,1581231128,C++,C++14 (GCC 5.4.1),cpp,Accepted,1,256,888,
s516325713,p02982,u089230684,1581230667,C++,C++14 (GCC 5.4.1),cpp,Accepted,1,256,774,
s933879315,p02982,u863370423,1581229690,C++,C++14 (GCC 5.4.1),cpp,Accepted,1,256,759,
s054944429,p02982,u816631826,1581229409,C++,C++14 (GCC 5.4.1),cpp,Accepted,1,256,737,
s824456460,p02982,u018679195,1581229137,C++,C++14 (GCC 5.4.1),cpp,Wrong Answer,1,256,677,
s449141956,p02982,u188486233,1581223078,C,C (GCC 5.4.1),c,Accepted,1,128,578,
s420046792,p02982,u488401358,1581220934,Python,Python (3.4.3),py,Accepted,17,3064,336,
s898773769,p02982,u550374978,1581220568,C++,C++14 (GCC 5.4.1),cpp,Accepted,1,256,606,
s987677988,p02982,u550374978,1581220442,C++,C++14 (GCC 5.4.1),cpp,Wrong Answer,1,256,607,
s668387616,p02982,u468440139,1581214390,C++,C++14 (GCC 5.4.1),cpp,Accepted,1,384,794,
s475474759,p02982,u995062424,1581211718,Python,Python (3.4.3),py,Accepted,18,3064,310,
s482649832,p02982,u995062424,1581211401,Python,Python (3.4.3),py,Runtime Error,18,3064,317,
s702192707,p02982,u125467827,1581208440,C++,C++14 (GCC 5.4.1),cpp,Accepted,1,256,1522,
s206674159,p02982,u318127926,1581202518,Python,Python (3.4.3),py,Accepted,17,3064,417,
s675082922,p02982,u182146635,1581200707,C++,C++14 (GCC 5.4.1),cpp,Accepted,3,384,638,
s094834375,p02982,u182146635,1581199019,C++,C++14 (GCC 5.4.1),cpp,Wrong Answer,2,384,677,
s130049469,p02982,u182146635,1581198986,C++,C++14 (GCC 5.4.1),cpp,Compile Error,,,676,
s986691645,p02982,u182146635,1581198953,C++,C++14 (GCC 5.4.1),cpp,Compile Error,,,674,
s293425403,p02982,u468647389,1581195002,C++,C++14 (GCC 5.4.1),cpp,Accepted,1,256,953,
s038452083,p02982,u406634703,1581191668,C++,C++14 (GCC 5.4.1),cpp,Runtime Error,99,256,826,
s895869516,p02982,u001858868,1581181544,C++,C++14 (GCC 5.4.1),cpp,Accepted,1,256,1512,
s150197952,p02982,u928941036,1581180056,Ruby,Ruby (2.3.3),rb,Accepted,7,1788,423,
s608782870,p02982,u541055501,1581136798,Julia,Julia (0.5.0),jl,Accepted,901,170624,672,
s883258651,p02982,u541055501,1581136132,Julia,Julia (0.5.0),jl,Wrong Answer,449,118956,601,
s037761447,p02982,u027929618,1581135670,Python,Python (3.4.3),py,Accepted,18,3064,268,
s367708231,p02982,u557168336,1581130534,Python,Python (3.4.3),py,Accepted,26,6380,408,
s261958150,p02982,u464205401,1581125686,Python,Python (3.4.3),py,Accepted,19,3188,286,
s877183728,p02982,u160347785,1581114066,C++,C++14 (GCC 5.4.1),cpp,Accepted,1,256,660,
s616235926,p02982,u803754262,1581110537,C++,C++14 (GCC 5.4.1),cpp,Accepted,1,256,2177,
s988706914,p02982,u459930111,1581101608,C++,C++14 (GCC 5.4.1),cpp,Accepted,1,256,633,
s344547819,p02982,u270467412,1581074954,Python,Python (3.4.3),py,Accepted,17,3060,300,
s711660017,p02982,u075247675,1581044648,C++,C++14 (GCC 5.4.1),cpp,Accepted,1,768,696,
s495044813,p02982,u162893962,1581015709,Python,Python (3.4.3),py,Accepted,17,3064,424,
s455425114,p02982,u189487046,1580977508,Python,Python (3.4.3),py,Accepted,18,3060,331,
s821123105,p02982,u207036582,1580948735,C++,C++14 (GCC 5.4.1),cpp,Accepted,1,256,479,
s473604110,p02982,u281610856,1580946131,Python,Python (3.4.3),py,Accepted,18,3064,380,
s151238416,p02982,u581187895,1580943287,Python,Python (3.4.3),py,Accepted,150,12496,272,
s145863271,p02982,u273242084,1580936008,Python,Python (3.4.3),py,Accepted,17,3064,323,
s452268507,p02982,u521602455,1580923759,Python,Python (3.4.3),py,Accepted,18,3064,257,
s375357221,p02982,u328179672,1580922727,C++,C++14 (GCC 5.4.1),cpp,Accepted,1,256,490,
s259710737,p02982,u273010357,1580909443,Python,Python (3.4.3),py,Accepted,18,3188,287,
s149715070,p02982,u175057555,1580900956,Python,Python (3.4.3),py,Accepted,17,3064,319,
s056194003,p02982,u428132025,1580888816,Python,Python (3.4.3),py,Accepted,17,3064,474,
s103873204,p02982,u857070771,1580877179,Python,Python (3.4.3),py,Accepted,151,12396,307,
s217575170,p02982,u763975133,1580865494,Rust,Rust (1.15.1),rs,Accepted,3,8572,3369,
s166865338,p02982,u690037900,1580862772,Python,Python (3.4.3),py,Accepted,159,13208,296,
s287393821,p02982,u308463793,1580862595,C++,C++14 (GCC 5.4.1),cpp,Accepted,1,256,528,
s771767131,p02982,u868264278,1580860386,C++,C++14 (GCC 5.4.1),cpp,Accepted,1,256,765,
s521867056,p02982,u145950990,1580853902,Python,Python (3.4.3),py,Accepted,17,3064,344,
s695704683,p02982,u696444274,1580851160,C,C (GCC 5.4.1),c,Accepted,1,256,887,
s385303597,p02982,u329706129,1580851041,Python,Python (3.4.3),py,Accepted,17,3060,330,
s927117578,p02982,u696444274,1580849690,C,C (GCC 5.4.1),c,Wrong Answer,1,128,884,
s612813178,p02982,u391328897,1580847630,Python,Python (3.4.3),py,Accepted,18,3060,340,
s749759754,p02982,u596311864,1580843562,C++,C++14 (GCC 5.4.1),cpp,Accepted,1,256,1169,
s815214232,p02982,u596311864,1580843435,C++,C++14 (GCC 5.4.1),cpp,Wrong Answer,1,256,1168,
s290330460,p02982,u696444274,1580839232,C,C (GCC 5.4.1),c,Wrong Answer,1,256,883,
s924258929,p02982,u079774926,1580831732,C,C (GCC 5.4.1),c,Accepted,1,128,692,
s943395577,p02982,u147886643,1580827242,C++,C++14 (GCC 5.4.1),cpp,Accepted,1,256,661,
s511416492,p02982,u328510800,1580826131,Python,Python (3.4.3),py,Accepted,18,3064,298,
s261963253,p02982,u424374375,1580805587,C++,C++14 (GCC 5.4.1),cpp,Accepted,1,256,484,
s218097464,p02982,u424374375,1580805464,C++,C++14 (GCC 5.4.1),cpp,Wrong Answer,1,256,479,
s402675674,p02982,u424374375,1580805428,C++,C++14 (GCC 5.4.1),cpp,Wrong Answer,1,256,457,
s133301682,p02982,u424374375,1580805361,C++,C++14 (GCC 5.4.1),cpp,Runtime Error,96,256,479,
s319662648,p02982,u090091127,1580786137,C++,C++14 (Clang 3.8.0),cpp,Accepted,7,888,965,
s717914760,p02982,u124498235,1580784286,Python,Python (3.4.3),py,Accepted,18,3188,298,
s538130173,p02982,u938841444,1580766039,C++,C++14 (GCC 5.4.1),cpp,Accepted,1,256,1382,
s135924506,p02982,u952669998,1580760940,Python,Python (3.4.3),py,Accepted,149,12504,318,
s107768302,p02982,u184339976,1580749643,Python,Python (3.4.3),py,Accepted,18,3064,340,
s687933210,p02982,u208608367,1580695732,C++,C++14 (GCC 5.4.1),cpp,Accepted,1,256,586,
s393906594,p02982,u057611820,1580683200,C++,C++14 (GCC 5.4.1),cpp,Accepted,1,256,1203,
s009446551,p02982,u205416271,1580673113,C++,C++14 (GCC 5.4.1),cpp,Accepted,1,256,739,
s400140919,p02982,u205416271,1580673039,C++,C++14 (GCC 5.4.1),cpp,Compile Error,,,738,
s961270547,p02982,u739095155,1580665916,C++,C++14 (GCC 5.4.1),cpp,Accepted,1,256,549,
s360293124,p02982,u739095155,1580664703,C++,C++14 (GCC 5.4.1),cpp,Runtime Error,96,256,539,
s996529033,p02982,u382427338,1580622807,C++,C++14 (GCC 5.4.1),cpp,Accepted,1,256,4001,
s668677577,p02982,u816742421,1580622798,C++,C++14 (GCC 5.4.1),cpp,Accepted,1,256,481,
s734368872,p02982,u382427338,1580622584,C++,C++14 (GCC 5.4.1),cpp,Wrong Answer,1,256,3996,
s257733392,p02982,u873762144,1580618465,C++,C++14 (GCC 5.4.1),cpp,Accepted,1,256,475,
s713913104,p02982,u699600793,1580614444,C++,C++14 (GCC 5.4.1),cpp,Accepted,1,256,552,
s041155777,p02982,u835937527,1580610287,C++,C++14 (GCC 5.4.1),cpp,Accepted,2,2304,728,
s204427718,p02982,u835937527,1580609857,C++,C++14 (GCC 5.4.1),cpp,Wrong Answer,2,2304,710,
s512146019,p02982,u835937527,1580609700,C++,C++14 (GCC 5.4.1),cpp,Wrong Answer,2,2304,710,
s363050461,p02982,u253681061,1580606651,Python,Python (3.4.3),py,Accepted,17,3064,327,
s766932494,p02982,u947327691,1580601146,Python,Python (3.4.3),py,Accepted,18,3064,304,
s242727107,p02982,u947327691,1580600807,Python,Python (3.4.3),py,Wrong Answer,18,3188,308,
s821810336,p02982,u947327691,1580600569,Python,Python (3.4.3),py,Wrong Answer,18,3188,318,
s058866424,p02982,u947327691,1580600415,Python,Python (3.4.3),py,Wrong Answer,18,3064,308,
s216296451,p02982,u947327691,1580600345,Python,Python (3.4.3),py,Runtime Error,17,2940,316,
s949358947,p02982,u947327691,1580600200,Python,Python (3.4.3),py,Wrong Answer,17,3188,323,
s407271878,p02982,u308523782,1580600188,C#,C# (Mono 4.6.2.0),cs,Accepted,26,13396,1932,
s120279478,p02982,u407160848,1580597395,Python,PyPy3 (2.4.0),py,Accepted,179,38512,897,
s298519611,p02982,u325956328,1580595848,Python,Python (3.4.3),py,Accepted,149,12532,350,
s124035996,p02982,u202727309,1580592478,Python,Python (3.4.3),py,Runtime Error,17,2940,177,
s751511855,p02982,u672611103,1580592306,C++,C++14 (GCC 5.4.1),cpp,Accepted,1,256,756,
s977182960,p02982,u202727309,1580588550,Python,Python (3.4.3),py,Accepted,17,3064,410,
s704041629,p02982,u202727309,1580588488,Python,Python (3.4.3),py,Runtime Error,17,2940,416,
s635936758,p02982,u685346012,1580587571,C++,C++14 (GCC 5.4.1),cpp,Accepted,1,256,2310,
s120642598,p02982,u550374978,1580530740,C++,C++14 (GCC 5.4.1),cpp,Accepted,1,256,591,
s209936483,p02982,u347600233,1580527859,Python,Python (3.4.3),py,Accepted,17,3064,353,
s461658580,p02982,u347600233,1580527724,Python,Python (3.4.3),py,Wrong Answer,17,3064,347,
s312142975,p02982,u540741303,1580505212,C++,C++14 (GCC 5.4.1),cpp,Wrong Answer,1,256,1294,
s992565109,p02982,u299840026,1580495790,Python,Python (3.4.3),py,Accepted,17,3064,406,
s655762627,p02982,u856169020,1580488872,Python,Python (3.4.3),py,Accepted,18,3064,341,
s281289335,p02982,u243407720,1580447447,C++,C++14 (GCC 5.4.1),cpp,Accepted,1,256,657,
s438356450,p02982,u586662847,1580441160,Python,Python (3.4.3),py,Accepted,17,3064,515,
s836630170,p02982,u846652026,1580427478,Python,Python (3.4.3),py,Accepted,18,3060,282,
s915142291,p02982,u846652026,1580427304,Python,Python (3.4.3),py,Wrong Answer,18,3064,296,
s684039695,p02982,u846652026,1580427244,Python,Python (3.4.3),py,Wrong Answer,18,3064,294,
s609478363,p02982,u846652026,1580427043,Python,Python (3.4.3),py,Wrong Answer,18,3064,315,
s215578602,p02982,u601384736,1580426763,C++,C++14 (GCC 5.4.1),cpp,Accepted,1,256,489,
s830657549,p02982,u015418292,1580361786,Java,Java8 (OpenJDK 1.8.0),java,Accepted,113,21844,795,
s477383697,p02982,u520276780,1580360627,Python,PyPy3 (2.4.0),py,Accepted,170,38256,330,
s066534425,p02982,u579324544,1580360381,Ruby,Ruby (2.3.3),rb,Accepted,7,1788,453,
s644976847,p02982,u215065194,1580357858,Python,Python (3.4.3),py,Accepted,18,3064,364,
s257794616,p02982,u666844906,1580357088,Python,Python (3.4.3),py,Accepted,18,3064,300,
s053384633,p02982,u196030116,1580354801,Go,Go (1.6),go,Accepted,1,512,545,
s305434327,p02982,u803684095,1580334707,C++,C++14 (GCC 5.4.1),cpp,Accepted,1,256,549,
s164196011,p02982,u458315482,1580329213,Python,Python (3.4.3),py,Accepted,18,3064,396,
s315778665,p02982,u427984570,1580269210,Python,Python (3.4.3),py,Accepted,17,3188,280,
s483074783,p02982,u866310595,1580233396,C++,C++14 (GCC 5.4.1),cpp,Accepted,1,256,552,
s072042651,p02982,u866310595,1580233173,C++,C++14 (GCC 5.4.1),cpp,Wrong Answer,1,256,547,
s198592234,p02982,u723583932,1580220663,Python,Python (3.4.3),py,Accepted,18,3064,343,
s763470152,p02982,u723583932,1580220418,Python,Python (3.4.3),py,Wrong Answer,18,3064,342,
s934001625,p02982,u723583932,1580220353,Python,Python (3.4.3),py,Wrong Answer,18,3064,345,
s534306067,p02982,u723583932,1580220106,Python,Python (3.4.3),py,Wrong Answer,17,3064,345,
s147175734,p02982,u657913472,1580210741,Haskell,Haskell (GHC 7.10.3),hs,Accepted,3,1020,227,
s680316348,p02982,u657913472,1580210722,Haskell,Haskell (GHC 7.10.3),hs,Wrong Answer,3,1020,219,
s924945668,p02982,u132364782,1580190369,C++,C++14 (GCC 5.4.1),cpp,Accepted,1,256,576,
s039742602,p02982,u284795785,1580154740,Java,Java8 (OpenJDK 1.8.0),java,Accepted,109,23124,653,
s300665003,p02982,u127499732,1580137961,Python,Python (3.4.3),py,Accepted,18,3064,277,
s705320650,p02982,u809433990,1580118537,Java,Java8 (OpenJDK 1.8.0),java,Accepted,111,21844,577,
s873225522,p02982,u295178043,1580099325,Python,Python (3.4.3),py,Accepted,17,3188,363,
s730947393,p02982,u332657092,1580090197,Python,PyPy3 (2.4.0),py,Accepted,173,38512,317,
s382904710,p02982,u441250130,1580074221,C++,C++14 (GCC 5.4.1),cpp,Accepted,1,256,799,
s221618616,p02982,u809967037,1580071357,C++,C++14 (GCC 5.4.1),cpp,Accepted,1,256,2681,
s110733224,p02982,u495186373,1580043665,Java,Java8 (OpenJDK 1.8.0),java,Accepted,73,22228,3928,
s034270603,p02982,u580404776,1580022066,Python,Python (3.4.3),py,Accepted,18,3064,297,
s840042181,p02982,u469315559,1580012721,C++,C++14 (GCC 5.4.1),cpp,Accepted,1,256,518,
s718768667,p02982,u710789518,1580011690,C++,C++14 (Clang 3.8.0),cpp,Accepted,1,256,570,
s340525114,p02982,u572537642,1579995201,C++,C++14 (GCC 5.4.1),cpp,Accepted,1,256,818,
s394430512,p02982,u579699847,1579988671,Python,Python (3.4.3),py,Accepted,152,12500,385,
s687530099,p02982,u544212192,1579988102,Python,Python (3.4.3),py,Accepted,19,3316,302,
s515737363,p02982,u544212192,1579988022,Python,Python (3.4.3),py,Wrong Answer,18,3064,321,
s621266982,p02982,u879266613,1579986089,Python,Python (3.4.3),py,Accepted,150,12424,400,
s943465379,p02982,u879266613,1579986018,C++,C++14 (GCC 5.4.1),cpp,Compile Error,,,400,
s005830857,p02982,u595375942,1579985930,Python,Python (3.4.3),py,Accepted,150,12552,293,
s020533820,p02982,u358957649,1579984967,Python,Python (3.4.3),py,Accepted,149,12424,407,
s118071797,p02982,u358957649,1579984922,Python,Python (3.4.3),py,Wrong Answer,151,12424,423,
s739971214,p02982,u430209651,1579975867,C++,C++14 (GCC 5.4.1),cpp,Accepted,1,256,454,
s343217783,p02982,u689167014,1579971731,Go,Go (1.6),go,Accepted,2,512,618,
s985971154,p02982,u394919721,1579969920,C++,C++14 (GCC 5.4.1),cpp,Accepted,1,256,2417,
s699980401,p02982,u690475097,1579937886,C++,C++14 (GCC 5.4.1),cpp,Accepted,1,256,713,
s058678929,p02982,u690475097,1579937692,C++,C++14 (GCC 5.4.1),cpp,Wrong Answer,1,256,706,
s180960654,p02982,u657913472,1579926580,Perl,Perl6 (rakudo-star 2016.01),pl,Runtime Error,314,67956,73,
s509320088,p02982,u846820729,1579906723,C++,C++14 (GCC 5.4.1),cpp,Accepted,1,256,618,
s706938234,p02982,u983711104,1579906530,C++,C++14 (GCC 5.4.1),cpp,Accepted,1,256,505,
s871913202,p02982,u856874613,1579903003,C++,C++14 (GCC 5.4.1),cpp,Accepted,1,256,372,
s840186707,p02982,u524019694,1579902396,C++,C++14 (GCC 5.4.1),cpp,Accepted,1,256,1793,
s819147739,p02982,u846820729,1579893956,C++,C++14 (GCC 5.4.1),cpp,Accepted,1,256,582,
s120338830,p02982,u129220625,1579891872,C++,C++14 (GCC 5.4.1),cpp,Accepted,1,256,1312,
s426356834,p02982,u067481442,1579844419,C++,C++14 (GCC 5.4.1),cpp,Accepted,1,256,449,
s849164953,p02982,u207948013,1579840038,C++,C++14 (GCC 5.4.1),cpp,Accepted,1,256,518,
s588602793,p02982,u944733909,1579838773,Ruby,Ruby (2.3.3),rb,Accepted,7,1788,953,
s433432354,p02982,u294721290,1579838187,C++,C++14 (GCC 5.4.1),cpp,Accepted,1,256,517,
s074021784,p02982,u680851063,1579837622,Python,Python (3.4.3),py,Accepted,18,3064,825,
s306549643,p02982,u680851063,1579837140,Python,Python (3.4.3),py,Runtime Error,17,3064,770,
s820370642,p02982,u094191970,1579836086,Python,Python (3.4.3),py,Accepted,17,3188,262,
s195857339,p02982,u680851063,1579835994,Python,Python (3.4.3),py,Accepted,17,3188,457,
s835288270,p02982,u657913472,1579835734,Octave,Octave (4.0.2),octave,Accepted,642,44432,76,
s755827829,p02982,u309977459,1579830071,Rust,Rust (1.15.1),rs,Accepted,4,8828,315409,
s344872022,p02982,u316491370,1579827737,C++,C++14 (GCC 5.4.1),cpp,Accepted,3,640,489,
s845637247,p02982,u327532412,1579825147,Python,Python (3.4.3),py,Accepted,18,3064,362,
s011851323,p02982,u377933349,1579824726,Rust,Rust (1.15.1),rs,Accepted,2,4352,1008,
s727113012,p02982,u564377816,1579822223,C++,C++14 (GCC 5.4.1),cpp,Accepted,1,256,834,
s251178465,p02982,u154645927,1579819437,C++,C++14 (GCC 5.4.1),cpp,Accepted,1,256,1993,
s492091775,p02982,u861141787,1579783428,Python,PyPy3 (2.4.0),py,Accepted,175,38384,285,
s142223708,p02982,u861141787,1579783334,Python,PyPy3 (2.4.0),py,Runtime Error,167,38256,315,
s264671908,p02982,u864752370,1579774949,C++,C++14 (GCC 5.4.1),cpp,Accepted,3,384,730,
s271555043,p02982,u864752370,1579774061,C++,C++14 (GCC 5.4.1),cpp,Compile Error,,,714,
s923281385,p02982,u944733909,1579757147,Ruby,Ruby (2.3.3),rb,Wrong Answer,7,1788,520,
s478439073,p02982,u850516963,1579756331,C++,C++14 (GCC 5.4.1),cpp,Accepted,1,256,2269,
s774154852,p02982,u850516963,1579755805,C++,C++14 (GCC 5.4.1),cpp,Accepted,1,256,2221,
s723983921,p02982,u227764848,1579755118,C++,C++14 (GCC 5.4.1),cpp,Accepted,1,256,951,
s657728148,p02982,u995004106,1579744055,Python,Python (3.4.3),py,Accepted,150,12488,477,
s942217215,p02982,u618325650,1579741614,Java,Java8 (OpenJDK 1.8.0),java,Accepted,100,23252,997,
s099728625,p02982,u618325650,1579741448,Java,Java8 (OpenJDK 1.8.0),java,Wrong Answer,99,23764,983,
s320320922,p02982,u269969976,1579708442,Kotlin,Kotlin (1.0.0),kt,Accepted,239,37812,677,
s853081519,p02982,u346986631,1579707462,Go,Go (1.6),go,Accepted,1,512,535,
s323386209,p02982,u271153916,1579695178,C++,C++14 (GCC 5.4.1),cpp,Accepted,1,256,532,
s530625965,p02982,u760794812,1579694050,Python,Python (3.4.3),py,Accepted,17,3064,326,
s505972678,p02982,u595289165,1579662758,Python,Python (3.4.3),py,Accepted,150,12452,362,
s429998705,p02982,u418785081,1579659580,C++,C++14 (GCC 5.4.1),cpp,Accepted,1,256,638,
s073861449,p02982,u589756509,1579658532,C++,C++14 (GCC 5.4.1),cpp,Accepted,1,256,584,
s442820650,p02982,u692054751,1579651943,Python,Python (3.4.3),py,Accepted,18,3064,379,
s609174795,p02982,u748577909,1579642331,C++,C++14 (GCC 5.4.1),cpp,Accepted,1,256,646,
s155116641,p02982,u879436400,1579638852,C++,C++14 (GCC 5.4.1),cpp,Accepted,1,256,842,
s996455658,p02982,u732304692,1579599376,OCaml,OCaml (4.02.3),ml,Accepted,1,384,387,
s152786578,p02982,u732304692,1579598584,OCaml,OCaml (4.02.3),ml,Accepted,1,384,418,
s840058543,p02982,u102242691,1579580482,Python,Python (3.4.3),py,Wrong Answer,18,3064,353,
s682557252,p02982,u265341684,1579577578,C++,C++14 (GCC 5.4.1),cpp,Accepted,1,256,851,
s126437356,p02982,u265341684,1579577448,C++,C++14 (GCC 5.4.1),cpp,Wrong Answer,1,256,850,
s131779862,p02982,u914096045,1579546609,Kotlin,Kotlin (1.0.0),kt,Accepted,240,37748,383,
s656917682,p02982,u868099754,1579507305,C++,C++14 (GCC 5.4.1),cpp,Accepted,1,256,1004,
s014459695,p02982,u378419207,1579474873,C++,C++14 (GCC 5.4.1),cpp,Accepted,1,256,1457,
s150829101,p02982,u834488582,1579471396,C++,C++14 (GCC 5.4.1),cpp,Wrong Answer,1,128,587,
s011888493,p02982,u133936772,1579468795,Python,Python (3.4.3),py,Accepted,17,3060,279,
s436404615,p02982,u398394831,1579468722,C++,C++14 (GCC 5.4.1),cpp,Accepted,1,256,909,
s322958850,p02982,u823044869,1579465760,Python,Python (3.4.3),py,Accepted,18,3064,355,
s124190504,p02982,u403331159,1579454810,Python,Python (3.4.3),py,Accepted,17,3188,301,
s006154820,p02982,u403331159,1579454332,Python,Python (3.4.3),py,Wrong Answer,18,3064,321,
s953122320,p02982,u403331159,1579453769,Python,Python (3.4.3),py,Wrong Answer,415,3064,374,
s351609487,p02982,u565695643,1579438460,C++,C++14 (GCC 5.4.1),cpp,Accepted,1,256,706,
s394186513,p02982,u565695643,1579437946,C++,C++14 (GCC 5.4.1),cpp,Runtime Error,99,384,802,
s497340518,p02982,u246366098,1579416922,C++,C++14 (GCC 5.4.1),cpp,Accepted,1,256,526,
s116099659,p02982,u442097733,1579402839,C++,C++14 (GCC 5.4.1),cpp,Wrong Answer,7,256,670,
s314066444,p02982,u423143252,1579397336,C++,C++14 (GCC 5.4.1),cpp,Accepted,1,256,1112,
s863832307,p02982,u113298224,1579393666,C++,C++14 (GCC 5.4.1),cpp,Accepted,1,256,439,
s404259792,p02982,u197956883,1579391963,Python,PyPy3 (2.4.0),py,Accepted,168,38640,509,
s841375483,p02982,u018679195,1579391104,C++,C++14 (GCC 5.4.1),cpp,Accepted,2,384,741,
s038101040,p02982,u020962106,1579385120,Python,Python (3.4.3),py,Accepted,17,3064,371,
s234908009,p02982,u018679195,1579383834,C++,C++14 (Clang 3.8.0),cpp,Accepted,1,256,587,
s370743363,p02982,u018679195,1579370846,C++,C++14 (GCC 5.4.1),cpp,Accepted,2,384,602,
s892522374,p02982,u816631826,1579370785,C++,C++14 (GCC 5.4.1),cpp,Wrong Answer,1,256,599,
s856805308,p02982,u863370423,1579370727,C++,C++14 (GCC 5.4.1),cpp,Accepted,5,384,6944,
s370267749,p02982,u353919145,1579364828,C++,C++14 (GCC 5.4.1),cpp,Accepted,1,256,595,
s864697638,p02982,u156815136,1579360037,C++,C++14 (GCC 5.4.1),cpp,Accepted,1,256,659,
s966134136,p02982,u024616993,1579331086,C++,C++14 (GCC 5.4.1),cpp,Accepted,1,256,1618,
s228298463,p02982,u827743237,1579330880,C++,C++14 (GCC 5.4.1),cpp,Accepted,1,256,1344,
s956783279,p02982,u863370423,1579324802,C,C (GCC 5.4.1),c,Accepted,1,128,415,
s017558234,p02982,u089230684,1579321525,C++,C++14 (GCC 5.4.1),cpp,Accepted,1,256,435,
s207504456,p02982,u863370423,1579317907,C++,C++14 (GCC 5.4.1),cpp,Accepted,1,256,639,
s089516255,p02982,u863370423,1579317150,C++,C++14 (Clang 3.8.0),cpp,Accepted,8,888,564,
s321406697,p02982,u353919145,1579315862,C++,C++14 (GCC 5.4.1),cpp,Accepted,1,256,715,
s511517320,p02982,u816631826,1579314558,C++,C++14 (GCC 5.4.1),cpp,Accepted,1,256,686,
s275372669,p02982,u816631826,1579314289,C++,C++14 (GCC 5.4.1),cpp,Accepted,1,256,1630,
s252095749,p02982,u863370423,1579313733,C++,C++14 (GCC 5.4.1),cpp,Wrong Answer,1,256,676,
s075552877,p02982,u828036666,1579311489,Python,Python (3.4.3),py,Accepted,18,3064,465,
s920313447,p02982,u103850114,1579303079,C++,C++14 (GCC 5.4.1),cpp,Accepted,1,256,1565,
s863902334,p02982,u103850114,1579302376,C++,C++14 (GCC 5.4.1),cpp,Wrong Answer,1,256,1567,
s435107003,p02982,u103850114,1579302181,C++,C++14 (GCC 5.4.1),cpp,Compile Error,,,1524,
s210237305,p02982,u708890186,1579289328,Python,Python (3.4.3),py,Accepted,158,14428,311,
s249369769,p02982,u185249212,1579275816,Python,PyPy3 (2.4.0),py,Accepted,171,38384,1733,
s077413814,p02982,u348109388,1579237999,C++,C++14 (GCC 5.4.1),cpp,Accepted,1,256,442,
s592472850,p02982,u628965061,1579236772,Python,Python (3.4.3),py,Accepted,148,12496,337,
s399624303,p02982,u140191608,1579229035,Python,Python (3.4.3),py,Accepted,18,3064,383,
s396319518,p02982,u941251324,1579227054,C++,C++14 (GCC 5.4.1),cpp,Accepted,1,256,960,
s211455658,p02982,u934529721,1579179011,C++,C++14 (GCC 5.4.1),cpp,Accepted,1,256,719,
s690702533,p02982,u497952650,1579172773,Python,Python (3.4.3),py,Accepted,149,12504,468,
s887917623,p02982,u608243275,1579159706,C++,C++14 (GCC 5.4.1),cpp,Accepted,1,256,604,
s869950368,p02982,u667135132,1579150693,Python,PyPy3 (2.4.0),py,Accepted,167,38512,382,
s239969780,p02982,u466671756,1579146590,Rust,Rust (1.15.1),rs,Accepted,2,4352,957,
s867266883,p02982,u067237725,1579145870,C++,C++14 (GCC 5.4.1),cpp,Accepted,1,256,569,
s813622146,p02982,u530786533,1579138614,Python,Python (3.4.3),py,Accepted,23,3188,285,
s464709664,p02982,u045289115,1579137320,PHP,PHP7 (7.0.15),php,Accepted,11,4728,346,
s975937978,p02982,u154645927,1579131336,C++,C++14 (GCC 5.4.1),cpp,Wrong Answer,1,256,2086,
s882040799,p02982,u833549197,1579106483,C++,C++14 (GCC 5.4.1),cpp,Accepted,1,256,921,
s432089790,p02982,u833549197,1579106327,C++,C++14 (GCC 5.4.1),cpp,Wrong Answer,1,256,925,
s342204340,p02982,u101079650,1579096648,Java,Java8 (OpenJDK 1.8.0),java,Accepted,102,21716,1033,
s898046813,p02982,u101079650,1579095797,Java,Java8 (OpenJDK 1.8.0),java,Wrong Answer,107,22740,685,
s093197431,p02982,u798768533,1579094759,Python,Python (3.4.3),py,Accepted,18,3064,304,
s821498664,p02982,u294547216,1579077485,C++,C++14 (GCC 5.4.1),cpp,Accepted,1,256,397,
s328896906,p02982,u131625544,1579059943,C++,C++14 (GCC 5.4.1),cpp,Accepted,1,256,531,
s495421224,p02982,u753279308,1579053881,C++,C++14 (GCC 5.4.1),cpp,Accepted,1,256,656,
s029298650,p02982,u699089116,1579052870,Python,PyPy3 (2.4.0),py,Accepted,167,38256,315,
s000967164,p02982,u445922306,1579050998,C++,C++14 (GCC 5.4.1),cpp,Accepted,1,256,852,
s245520741,p02982,u653737129,1579050843,Ruby,Ruby (2.3.3),rb,Accepted,9,1788,439,
s967257128,p02982,u917282863,1579050703,C++,C++14 (GCC 5.4.1),cpp,Accepted,1,256,1135,
s659864523,p02982,u042365947,1579050627,C#,C# (Mono 4.6.2.0),cs,Accepted,28,13396,6933,
s584625106,p02982,u431602218,1579050554,C++,C++14 (GCC 5.4.1),cpp,Accepted,1,256,601,
s459930078,p02982,u979004569,1579050417,Kotlin,Kotlin (1.0.0),kt,Accepted,242,35980,627,
s162612501,p02982,u917282863,1579050355,C++,C++14 (GCC 5.4.1),cpp,Wrong Answer,1,256,1134,
s128656590,p02982,u987412812,1579050236,C#,C# (Mono 4.6.2.0),cs,Accepted,21,11092,2504,
s227538897,p02982,u456353530,1579050212,Python,Python (3.4.3),py,Accepted,17,3064,337,
s631872187,p02982,u236966848,1579050162,C++,C++14 (GCC 5.4.1),cpp,Accepted,1,256,515,
s569332424,p02982,u236966848,1579049744,C++,C++14 (GCC 5.4.1),cpp,Wrong Answer,1,256,509,
s096880053,p02982,u236966848,1579047799,C++,C++14 (GCC 5.4.1),cpp,Wrong Answer,1,256,494,
s626077961,p02982,u236966848,1579047638,C++,C++14 (GCC 5.4.1),cpp,Wrong Answer,2,256,495,
s408154111,p02982,u236966848,1579047487,C++,C++14 (GCC 5.4.1),cpp,Wrong Answer,2,384,499,
s188715648,p02982,u538989353,1579010028,C++,C++14 (GCC 5.4.1),cpp,Accepted,1,256,1459,
s962505335,p02982,u652712806,1578980621,C++,C++14 (GCC 5.4.1),cpp,Accepted,1,256,1017,
s089122634,p02982,u161323909,1578977571,Bash,Bash (GNU bash v4.3.11),sh,Accepted,3,552,428,
s095088912,p02982,u775681539,1578956292,Python,Python (3.4.3),py,Accepted,268,18404,372,
s307447127,p02982,u433852402,1578955462,C++,C++14 (GCC 5.4.1),cpp,Accepted,524,256,1207,
s937180528,p02982,u775681539,1578955421,Python,Python (3.4.3),py,Accepted,155,12444,433,
s579889355,p02982,u521323621,1578955326,Python,Python (3.4.3),py,Accepted,18,3064,326,
s955587451,p02982,u550314572,1578948113,Java,Java8 (OpenJDK 1.8.0),java,Accepted,160,29904,91222,
s136147203,p02982,u909162870,1578947843,C++,C++14 (GCC 5.4.1),cpp,Accepted,1,256,579,
s280872320,p02982,u682997551,1578944618,Python,Python (3.4.3),py,Accepted,20,3064,296,
s660444227,p02982,u231541008,1578942551,C++,C++14 (GCC 5.4.1),cpp,Accepted,1,256,780,
s974138121,p02982,u313124728,1578909554,C++,C++14 (GCC 5.4.1),cpp,Accepted,1,256,718,
s778795465,p02982,u385825353,1578901154,C++,C++14 (GCC 5.4.1),cpp,Accepted,1,256,774,
s885648999,p02982,u616090453,1578895279,C++,C++14 (GCC 5.4.1),cpp,Accepted,1,256,683,
s798937266,p02982,u497601987,1578894415,C++,C++14 (GCC 5.4.1),cpp,Accepted,2,256,2439,
s866457793,p02982,u333374716,1578889082,Ruby,Ruby (2.3.3),rb,Accepted,7,1788,322,
s466815130,p02982,u414458988,1578888953,Python,PyPy3 (2.4.0),py,Accepted,171,38384,393,
s734934113,p02982,u414458988,1578888822,Python,PyPy3 (2.4.0),py,Runtime Error,179,38512,373,
s945540399,p02982,u414458988,1578888581,Python,PyPy3 (2.4.0),py,Runtime Error,170,38384,367,
s762558697,p02982,u414458988,1578880799,Python,PyPy3 (2.4.0),py,Runtime Error,174,38640,407,
s685868889,p02982,u414458988,1578880736,Python,PyPy3 (2.4.0),py,Runtime Error,179,38640,405,
s756313258,p02982,u316233444,1578877098,Python,Python (3.4.3),py,Accepted,18,3064,308,
s089907640,p02982,u316233444,1578877019,Python,Python (3.4.3),py,Runtime Error,18,3064,302,
s978173667,p02982,u316233444,1578876981,Python,Python (3.4.3),py,Runtime Error,17,3064,289,
s350102041,p02982,u131625544,1578872133,Python,PyPy3 (2.4.0),py,Accepted,173,38588,527,
s685989691,p02982,u834488582,1578858931,C++,C++14 (GCC 5.4.1),cpp,Accepted,1,256,534,
s578230064,p02982,u365870732,1578856509,C++,C++14 (GCC 5.4.1),cpp,Accepted,1,256,615,
s371636033,p02982,u952289831,1578844794,C++,C++14 (GCC 5.4.1),cpp,Accepted,1,256,1201,
s982243182,p02982,u866325115,1578843846,Ruby,Ruby (2.3.3),rb,Accepted,7,1788,353,
s059877051,p02982,u361826811,1578842010,Python,Python (3.4.3),py,Accepted,153,12624,495,
s911911649,p02982,u246366098,1578810799,C++,C++14 (GCC 5.4.1),cpp,Accepted,1,256,522,
s399091256,p02982,u761582382,1578810633,C++,C++14 (GCC 5.4.1),cpp,Accepted,1,256,1007,
s600785842,p02982,u312160650,1578790482,C++,C++14 (GCC 5.4.1),cpp,Accepted,1,256,696,
s173974029,p02982,u312160650,1578790265,C++,C++14 (GCC 5.4.1),cpp,Wrong Answer,1,256,695,
s456019069,p02982,u312160650,1578790178,C++,C++14 (GCC 5.4.1),cpp,Wrong Answer,1,256,695,
s521504884,p02982,u996434204,1578787125,Python,Python (3.4.3),py,Accepted,18,3188,343,
s841705681,p02982,u797165415,1578762161,C++,C++14 (GCC 5.4.1),cpp,Accepted,2,256,798,
s800730730,p02982,u815026012,1578759824,C++,C++14 (GCC 5.4.1),cpp,Accepted,1,256,618,
s977699591,p02982,u138879272,1578720112,C++,C++14 (GCC 5.4.1),cpp,Accepted,1,256,542,
s966287732,p02982,u623468376,1578691742,C++,C++14 (GCC 5.4.1),cpp,Accepted,1,256,923,
s556859941,p02982,u623468376,1578691675,C++,C++14 (GCC 5.4.1),cpp,Runtime Error,101,256,921,
s165816063,p02982,u911573469,1578669911,C#,C# (Mono 4.6.2.0),cs,Accepted,24,13396,1495,
s822514632,p02982,u440632112,1578626955,C++,C++14 (GCC 5.4.1),cpp,Accepted,1,256,805,
s332675100,p02982,u478964347,1578623515,C++,C++14 (GCC 5.4.1),cpp,Accepted,1,256,480,
s466131800,p02982,u478964347,1578621142,C++,C++14 (GCC 5.4.1),cpp,Wrong Answer,2,384,456,
s329265901,p02982,u478964347,1578619522,C++,C++14 (GCC 5.4.1),cpp,Wrong Answer,1,256,441,
s942369585,p02982,u692254521,1578616663,Ruby,Ruby (2.3.3),rb,Accepted,7,1788,267,
s626983415,p02982,u997325490,1578611705,C++,C++14 (GCC 5.4.1),cpp,Accepted,1,256,699,
s013768238,p02982,u620755070,1578610156,Python,Python (3.4.3),py,Accepted,18,3064,312,
s857150247,p02982,u450983668,1578600347,Python,Python (3.4.3),py,Accepted,18,3064,336,
s838122134,p02982,u747703115,1578587274,Python,Python (3.4.3),py,Accepted,18,3064,306,
s935089214,p02982,u800427717,1578574203,C++,C++14 (GCC 5.4.1),cpp,Accepted,1,256,885,
s541134666,p02982,u158994688,1578565376,C++,C++14 (GCC 5.4.1),cpp,Accepted,9,892,1088,
s129361961,p02982,u868702169,1578548199,C++,C++14 (GCC 5.4.1),cpp,Accepted,1,256,1579,
s013720630,p02982,u868702169,1578548084,C++,C++14 (GCC 5.4.1),cpp,Compile Error,,,1552,
s306610696,p02982,u495903598,1578534822,C++,C++14 (GCC 5.4.1),cpp,Accepted,1,256,893,
s089260211,p02982,u754733706,1578534722,Python,Python (3.4.3),py,Accepted,18,3064,553,
s879894046,p02982,u754733706,1578534632,Python,Python (3.4.3),py,Runtime Error,18,3064,543,
s803975576,p02982,u498487134,1578530200,Python,PyPy3 (2.4.0),py,Accepted,165,38384,483,
s066707468,p02982,u994307795,1578528332,C++,C++14 (GCC 5.4.1),cpp,Accepted,1,256,998,
s109741056,p02982,u105302073,1578509451,Python,Python (3.4.3),py,Accepted,18,3060,359,
s879680585,p02982,u857346974,1578497820,Python,Python (3.4.3),py,Accepted,153,12392,431,
s345178896,p02982,u836939578,1578493714,Python,Python (3.4.3),py,Accepted,18,3060,342,
s829195495,p02982,u552122040,1578459064,C++,C++14 (GCC 5.4.1),cpp,Accepted,1,256,844,
s236213681,p02982,u599114793,1578444875,Python,Python (3.4.3),py,Accepted,18,3064,400,
s484697058,p02982,u118340517,1578438105,C++,C++14 (GCC 5.4.1),cpp,Accepted,1,256,694,
s942122309,p02982,u022979415,1578383438,Python,Python (3.4.3),py,Accepted,17,3188,443,
s029149589,p02982,u815304751,1578380608,Python,Python (3.4.3),py,Accepted,18,3188,428,
s753214457,p02982,u438313904,1578374093,C++,C++14 (GCC 5.4.1),cpp,Accepted,1,256,636,
s493097967,p02982,u438313904,1578373805,C++,C++14 (GCC 5.4.1),cpp,Wrong Answer,1,256,627,
s352573182,p02982,u438313904,1578373181,C++,C++14 (GCC 5.4.1),cpp,Runtime Error,98,256,637,
s728263183,p02982,u438313904,1578373055,C++,C++14 (GCC 5.4.1),cpp,Compile Error,,,623,
s827977470,p02982,u563743611,1578365705,C++,C++14 (GCC 5.4.1),cpp,Accepted,1,256,775,
s588700066,p02982,u789199225,1578359517,C++,C++14 (GCC 5.4.1),cpp,Accepted,2,256,887,
s211193861,p02982,u579644164,1578351210,C,C (GCC 5.4.1),c,Accepted,1,384,514,
s999479218,p02982,u524870111,1578337871,Python,Python (3.4.3),py,Accepted,329,21680,511,
s252403872,p02982,u471320955,1578293986,C++,C++14 (GCC 5.4.1),cpp,Accepted,1,256,593,
s628320043,p02982,u181295070,1578289298,Python,Python (3.4.3),py,Accepted,18,3064,313,
s959119268,p02982,u358815527,1578282605,C++,C++14 (GCC 5.4.1),cpp,Accepted,1,256,818,
s197379098,p02982,u241159583,1578280066,Python,Python (3.4.3),py,Accepted,18,3064,306,
s274936621,p02982,u048826171,1578279120,Java,Java8 (OpenJDK 1.8.0),java,Accepted,110,21972,967,
s677790256,p02982,u193637378,1578273187,C++,C++14 (GCC 5.4.1),cpp,Accepted,1,256,526,
s692046657,p02982,u043125923,1578273076,C++,C++14 (GCC 5.4.1),cpp,Accepted,1,256,664,
s355961109,p02982,u121106629,1578266303,C++,C++14 (GCC 5.4.1),cpp,Accepted,1,256,1327,
s528269841,p02982,u121106629,1578266232,C++,C++14 (GCC 5.4.1),cpp,Wrong Answer,1,256,1324,
s649686711,p02982,u121106629,1578266170,C++,C++14 (GCC 5.4.1),cpp,Wrong Answer,1,256,1324,
s139600922,p02982,u121106629,1578266019,C++,C++14 (GCC 5.4.1),cpp,Wrong Answer,1,256,1278,
s942086369,p02982,u121106629,1578265910,C++,C++14 (GCC 5.4.1),cpp,Wrong Answer,1,256,1274,
s890542969,p02982,u121106629,1578265784,C++,C++14 (GCC 5.4.1),cpp,Wrong Answer,1,256,1239,
s308874114,p02982,u121106629,1578265433,C++,C++14 (GCC 5.4.1),cpp,Wrong Answer,1,256,1245,
s449152324,p02982,u824617833,1578254083,C++,C++14 (GCC 5.4.1),cpp,Accepted,1,256,588,
s630919718,p02982,u994521204,1578244265,Python,Python (3.4.3),py,Accepted,18,3064,346,
s978405756,p02982,u057415180,1578209856,Python,Python (3.4.3),py,Accepted,18,3064,304,
s576797947,p02982,u057415180,1578209635,Python,Python (3.4.3),py,Accepted,18,3064,302,
s809601527,p02982,u057415180,1578209601,Python,Python (3.4.3),py,Wrong Answer,18,3064,305,
s663991165,p02982,u223857357,1578205615,C++,C++14 (GCC 5.4.1),cpp,Accepted,1,256,748,
s015299055,p02982,u012110567,1578172154,Ruby,Ruby (2.3.3),rb,Accepted,7,1788,242,
s440865667,p02982,u012110567,1578172119,Ruby,Ruby (2.3.3),rb,Wrong Answer,7,1788,250,
s962618624,p02982,u012110567,1578172093,Ruby,Ruby (2.3.3),rb,Wrong Answer,7,1788,250,
s956950877,p02982,u506287026,1578171401,Python,Python (3.4.3),py,Accepted,18,3064,382,
s605303534,p02982,u027675217,1578162886,Python,Python (3.4.3),py,Accepted,18,3064,327,
s257174823,p02982,u339466333,1578158716,C#,C# (Mono 4.6.2.0),cs,Accepted,26,13524,801,
s616739011,p02982,u834488582,1578150977,C++,C++14 (GCC 5.4.1),cpp,Accepted,1,256,2384,
s275491291,p02982,u046482892,1578119351,C++,C++14 (GCC 5.4.1),cpp,Accepted,1,256,630,
s455593549,p02982,u868205915,1578102498,C++,C++14 (GCC 5.4.1),cpp,Accepted,2,512,756,
s493650643,p02982,u027675217,1578094053,Python,Python (3.4.3),py,Wrong Answer,18,3060,281,
s460961936,p02982,u027675217,1578093947,Python,Python (3.4.3),py,Wrong Answer,17,3064,326,
s604892216,p02982,u480831358,1578089956,Kotlin,Kotlin (1.0.0),kt,Accepted,241,37872,470,
s770087907,p02982,u368796742,1578086106,Python,Python (3.4.3),py,Accepted,19,3188,298,
s514228270,p02982,u189479417,1578084823,Python,Python (3.4.3),py,Accepted,18,3188,318,
s942241490,p02982,u514143079,1578083853,Ruby,Ruby (2.3.3),rb,Accepted,8,1788,252,
s700532533,p02982,u047655753,1578078827,C++,C++14 (GCC 5.4.1),cpp,Accepted,1,256,792,
s250713821,p02982,u117193815,1578075854,Python,Python (3.4.3),py,Accepted,18,3064,339,
s955534338,p02982,u174463135,1577979456,C++,C++14 (GCC 5.4.1),cpp,Accepted,1,256,515,
s494572188,p02982,u411302151,1577960186,Python,PyPy3 (2.4.0),py,Accepted,163,38256,404,
s472275795,p02982,u847157919,1577936455,C++,C++14 (GCC 5.4.1),cpp,Accepted,1,256,781,
s765627112,p02982,u402467563,1577934225,Python,Python (3.4.3),py,Accepted,18,3064,287,
s673503891,p02982,u561870477,1577929301,Python,Python (3.4.3),py,Accepted,18,3060,340,
s763541460,p02982,u485566817,1577926717,Python,Python (3.4.3),py,Accepted,17,3064,304,
s434426140,p02982,u063073794,1577921790,Python,Python (3.4.3),py,Accepted,18,3060,250,
s258398481,p02982,u063073794,1577921727,Python,Python (3.4.3),py,Wrong Answer,18,3316,254,
s141885567,p02982,u249218227,1577920963,C++,C++14 (GCC 5.4.1),cpp,Accepted,1,256,531,
s497185324,p02982,u249218227,1577917800,C++,C++14 (GCC 5.4.1),cpp,Compile Error,,,488,
s853349014,p02982,u249218227,1577917777,C++,C++14 (GCC 5.4.1),cpp,Compile Error,,,487,
s097358833,p02982,u192154323,1577913519,Python,Python (3.4.3),py,Accepted,18,3188,345,
s431159874,p02982,u278868910,1577911241,Python,Python (3.4.3),py,Accepted,26,3064,355,
s020621696,p02982,u278868910,1577911187,C++,C++14 (GCC 5.4.1),cpp,Compile Error,,,355,
s185993653,p02982,u230621983,1577910183,Python,Python (3.4.3),py,Accepted,151,12428,281,
s183600697,p02982,u863190862,1577856075,C++,C++14 (GCC 5.4.1),cpp,Accepted,1,256,743,
s461890604,p02982,u747602774,1577848314,Python,Python (3.4.3),py,Accepted,17,3060,303,
s716405718,p02982,u489959379,1577845071,Python,Python (3.4.3),py,Accepted,18,3060,300,
s267268342,p02982,u721425712,1577843655,Python,Python (3.4.3),py,Accepted,17,3064,385,
s126144231,p02982,u954176652,1577838481,C++,C++14 (GCC 5.4.1),cpp,Accepted,1,256,1230,
s218353665,p02982,u536685012,1577835737,Python,Python (3.4.3),py,Runtime Error,153,12492,540,
s189929120,p02982,u536685012,1577834969,Python,Python (3.4.3),py,Wrong Answer,151,12492,534,
s347502193,p02982,u536685012,1577834933,Python,Python (3.4.3),py,Runtime Error,150,12484,535,
s813029461,p02982,u396701320,1577834672,Kotlin,Kotlin (1.0.0),kt,Accepted,238,37988,529,
s952608047,p02982,u536685012,1577833279,Python,Python (3.4.3),py,Wrong Answer,149,12504,439,
s916763652,p02982,u536685012,1577832968,Python,Python (3.4.3),py,Runtime Error,150,12508,401,
s687053524,p02982,u536685012,1577832435,Python,Python (3.4.3),py,Runtime Error,165,13196,379,
s462702818,p02982,u353602031,1577830809,C++,C++14 (GCC 5.4.1),cpp,Accepted,1,256,3262,
s634780317,p02982,u353602031,1577830772,C++,C++14 (GCC 5.4.1),cpp,Wrong Answer,1,256,3298,
s882628087,p02982,u353602031,1577830727,C++,C++14 (GCC 5.4.1),cpp,Runtime Error,96,256,3298,
s762699980,p02982,u024191315,1577829270,C++,C++14 (GCC 5.4.1),cpp,Accepted,1,256,537,
s003568588,p02982,u795263927,1577822601,C++,C++14 (GCC 5.4.1),cpp,Accepted,2,512,2237,
s267042763,p02982,u079022693,1577820500,C++,C++14 (GCC 5.4.1),cpp,Accepted,1,256,591,
s110117421,p02982,u021916043,1577814110,C#,C# (Mono 4.6.2.0),cs,Accepted,24,13268,680,
s908415871,p02982,u368078055,1577811829,Java,Java8 (OpenJDK 1.8.0),java,Accepted,105,23892,803,
s157274298,p02982,u442485163,1577808543,C++,C++14 (GCC 5.4.1),cpp,Accepted,1,256,785,
s973397138,p02982,u297195722,1577791833,C++,C++14 (GCC 5.4.1),cpp,Accepted,1,256,643,
s322425702,p02982,u297195722,1577791751,C++,C++14 (GCC 5.4.1),cpp,Wrong Answer,1,256,641,
s454509907,p02982,u297195722,1577791729,C++,C++14 (GCC 5.4.1),cpp,Compile Error,,,640,
s605315654,p02982,u297195722,1577791703,C++,C++14 (GCC 5.4.1),cpp,Compile Error,,,641,
s166063466,p02982,u608726540,1577765222,Python,Python (3.4.3),py,Accepted,18,3060,350,
s411555981,p02982,u374146618,1577761449,Python,Python (3.4.3),py,Accepted,154,12460,287,
s945485484,p02982,u366974105,1577740128,C++,C++14 (GCC 5.4.1),cpp,Accepted,1,256,499,
s192381940,p02982,u191635495,1577730747,Python,Python (3.4.3),py,Accepted,156,12468,455,
s861749820,p02982,u905582793,1577694458,Python,Python (3.4.3),py,Accepted,18,3064,295,
s438473804,p02982,u905582793,1577694333,Python,Python (3.4.3),py,Wrong Answer,18,3064,298,
s609297835,p02982,u981332890,1577663904,Python,Python (3.4.3),py,Accepted,17,3064,561,
s146261964,p02982,u015418292,1577659377,Java,Java8 (OpenJDK 1.8.0),java,Accepted,108,21972,733,
s352819214,p02982,u548977290,1577658468,C++,C++14 (GCC 5.4.1),cpp,Accepted,1,256,531,
s773901735,p02982,u217010036,1577657692,Kotlin,Kotlin (1.0.0),kt,Accepted,212,33868,569,
s283241725,p02982,u697090185,1577657249,C++,C++14 (GCC 5.4.1),cpp,Accepted,1,256,829,
s531652109,p02982,u217010036,1577655659,Kotlin,Kotlin (1.0.0),kt,Accepted,210,35768,582,
s482964648,p02982,u506765399,1577652567,C++,C++14 (GCC 5.4.1),cpp,Accepted,1,256,892,
s112434738,p02982,u715366261,1577649024,C++,C++14 (GCC 5.4.1),cpp,Accepted,3,640,917,
s764437582,p02982,u514401521,1577644508,Python,PyPy3 (2.4.0),py,Accepted,183,39152,430,
s816596205,p02982,u353855427,1577637007,Python,Python (3.4.3),py,Accepted,17,3064,269,
s284025516,p02982,u007263493,1577625895,Python,Python (3.4.3),py,Accepted,18,3188,304,
s332234744,p02982,u923279197,1577599471,Python,Python (3.4.3),py,Accepted,18,3188,369,
s329036352,p02982,u728120584,1577593256,Python,Python (3.4.3),py,Accepted,18,3188,342,
s370338146,p02982,u365058393,1577592295,C++,C++14 (GCC 5.4.1),cpp,Accepted,1,256,547,
s818583757,p02982,u259755734,1577589978,Python,Python (3.4.3),py,Accepted,32,3064,404,
s849553568,p02982,u259755734,1577588777,Python,Python (3.4.3),py,Wrong Answer,17,3064,307,
s709418314,p02982,u543466827,1577580463,C++,C++14 (GCC 5.4.1),cpp,Accepted,1,256,515,
s105371607,p02982,u108934099,1577580326,C,C (GCC 5.4.1),c,Accepted,1,128,452,
s385584745,p02982,u108934099,1577579759,C,C (GCC 5.4.1),c,Wrong Answer,2,256,436,
s766548380,p02982,u949097771,1577573254,C++,C++14 (GCC 5.4.1),cpp,Accepted,1,256,926,
s247442103,p02982,u949097771,1577573231,C++,C++14 (GCC 5.4.1),cpp,Wrong Answer,2,256,920,
s670986272,p02982,u466371843,1577572714,Java,Java8 (OpenJDK 1.8.0),java,Accepted,109,23636,785,
s164523746,p02982,u355254193,1577571798,C++,C++14 (GCC 5.4.1),cpp,Accepted,1,256,1257,
s449870134,p02982,u491314298,1577568900,C++,C++14 (GCC 5.4.1),cpp,Accepted,1,256,502,
s885893393,p02982,u767871438,1577515903,C++,C++14 (GCC 5.4.1),cpp,Accepted,1,256,593,
s045368534,p02982,u790461875,1577505002,C++,C++14 (GCC 5.4.1),cpp,Accepted,1,256,800,
s586247440,p02982,u162126904,1577493853,C++,C++14 (GCC 5.4.1),cpp,Accepted,1,256,799,
s299660333,p02982,u338771436,1577491721,C++,C++14 (GCC 5.4.1),cpp,Accepted,1,256,619,
s383718602,p02982,u878024225,1577485608,C++,C++14 (GCC 5.4.1),cpp,Accepted,1,256,676,
s677206329,p02982,u605685616,1577468785,C++,C++14 (GCC 5.4.1),cpp,Accepted,1,256,554,
s835093116,p02982,u752146446,1577458828,Java,Java8 (OpenJDK 1.8.0),java,Accepted,99,22100,1615,
s933186886,p02982,u606442430,1577419826,C++,C++14 (GCC 5.4.1),cpp,Accepted,1,256,652,
s748130798,p02982,u606442430,1577419738,C++,C++14 (GCC 5.4.1),cpp,Compile Error,,,703,
s805581872,p02982,u893330446,1577414230,C++,C++14 (GCC 5.4.1),cpp,Accepted,1,256,1017,
s782190931,p02982,u323374686,1577411796,Python,PyPy3 (2.4.0),py,Accepted,161,38384,503,
s337296811,p02982,u336949031,1577409271,Go,Go (1.6),go,Accepted,1,640,1164,
s548140488,p02982,u336949031,1577407795,Go,Go (1.6),go,Runtime Error,1,640,1356,
s269305237,p02982,u673981655,1577396294,C++,C++14 (GCC 5.4.1),cpp,Accepted,1,256,1226,
s767395695,p02982,u142887097,1577395551,C#,C# (Mono 4.6.2.0),cs,Accepted,21,11092,1334,
s466130950,p02982,u134181243,1577388421,C++,C++14 (GCC 5.4.1),cpp,Accepted,1,256,603,
s896924924,p02982,u912318491,1577370511,C++,C++14 (GCC 5.4.1),cpp,Accepted,2,384,610,
s177224153,p02982,u912318491,1577370479,C++,C++14 (GCC 5.4.1),cpp,Wrong Answer,1,256,634,
s271709479,p02982,u913226400,1577331966,C++,C++14 (Clang 3.8.0),cpp,Accepted,1,256,742,
s881336647,p02982,u240685518,1577322869,C++,C++14 (GCC 5.4.1),cpp,Accepted,1,256,796,
s668721414,p02982,u017829818,1577313880,C++,C++14 (GCC 5.4.1),cpp,Accepted,2,384,726,
s297851124,p02982,u017829818,1577313837,C++,C++14 (GCC 5.4.1),cpp,Wrong Answer,1,256,866,
s698504680,p02982,u062744808,1577308728,C++,C++14 (GCC 5.4.1),cpp,Wrong Answer,1,256,817,
s425935764,p02982,u062744808,1577308539,C++,C++14 (GCC 5.4.1),cpp,Wrong Answer,1,256,817,
s635002279,p02982,u881472317,1577297427,Python,Python (3.4.3),py,Accepted,18,3064,392,
s886460700,p02982,u450786783,1577292453,Python,Python (3.4.3),py,Accepted,18,3064,484,
s960932515,p02982,u373182806,1577289520,C++,C++14 (GCC 5.4.1),cpp,Accepted,1,256,5588,
s677886696,p02982,u898999125,1577289036,Python,Python (3.4.3),py,Accepted,17,3188,319,
s445843941,p02982,u748577909,1577288456,C++,C++14 (GCC 5.4.1),cpp,Accepted,1,256,731,
s368967761,p02982,u946973499,1577247777,Java,Java8 (OpenJDK 1.8.0),java,Accepted,123,21844,747,
s171556521,p02982,u175590965,1577245504,Python,Python (3.4.3),py,Accepted,17,3064,270,
s384055054,p02982,u164352406,1577245150,C++,C++14 (GCC 5.4.1),cpp,Accepted,1,256,703,
s226390952,p02982,u936558609,1577244159,C++,C++14 (GCC 5.4.1),cpp,Accepted,1,256,552,
s679614295,p02982,u936558609,1577244126,C++,C++14 (GCC 5.4.1),cpp,Wrong Answer,1,256,551,
s372755073,p02982,u417563928,1577240736,C++,C++14 (GCC 5.4.1),cpp,Accepted,1,256,693,
s213565746,p02982,u644332191,1577232030,C++,C++14 (GCC 5.4.1),cpp,Accepted,1,256,1250,
s385621154,p02982,u284124505,1577231313,C++,C++14 (GCC 5.4.1),cpp,Accepted,1,256,2781,
s442923566,p02982,u284124505,1577231274,C++,C++14 (GCC 5.4.1),cpp,Wrong Answer,2,384,2784,
s324987930,p02982,u319625425,1577226587,C++,C++14 (GCC 5.4.1),cpp,Accepted,1,256,656,
s200648996,p02982,u644332191,1577226310,C++,C++14 (GCC 5.4.1),cpp,Accepted,1,256,1154,
s793803445,p02982,u031432512,1577226170,C++,C++14 (GCC 5.4.1),cpp,Accepted,1,128,458,
s923310969,p02982,u549579601,1577211736,Python,PyPy3 (2.4.0),py,Accepted,165,38384,324,
s129734100,p02982,u609814378,1577205409,Python,Python (3.4.3),py,Runtime Error,17,2940,1,
s898278172,p02982,u431602218,1577188039,C++,C++14 (GCC 5.4.1),cpp,Accepted,1,256,600,
s439930570,p02982,u431602218,1577188007,C++,C++14 (GCC 5.4.1),cpp,Wrong Answer,1,256,599,
s850250527,p02982,u431602218,1577187963,C++,C++14 (GCC 5.4.1),cpp,Wrong Answer,1,256,598,
s150077872,p02982,u431602218,1577187836,C++,C++14 (GCC 5.4.1),cpp,Wrong Answer,1,256,597,
s318622829,p02982,u431602218,1577187043,C++,C++14 (GCC 5.4.1),cpp,Wrong Answer,1,256,591,
s984683274,p02982,u431602218,1577186881,C++,C++14 (GCC 5.4.1),cpp,Wrong Answer,1,256,586,
s280070875,p02982,u847758719,1577183941,Python,PyPy3 (2.4.0),py,Accepted,170,38384,416,
s952195276,p02982,u134810655,1577154603,C++,C++14 (GCC 5.4.1),cpp,Accepted,1,256,911,
s261268755,p02982,u325573017,1577153990,C++,C++14 (GCC 5.4.1),cpp,Accepted,1,256,593,
s907143610,p02982,u580422185,1577151933,C++,C++14 (GCC 5.4.1),cpp,Accepted,1,256,784,
s974418958,p02982,u083959835,1577151882,C++,C++14 (GCC 5.4.1),cpp,Accepted,1,128,458,
s393848345,p02982,u580422185,1577151650,C++,C++14 (GCC 5.4.1),cpp,Wrong Answer,1,256,767,
s697964216,p02982,u943070796,1577150204,C++,C++14 (GCC 5.4.1),cpp,Accepted,2,384,4282,
s891644646,p02982,u094619686,1577146875,C++,C++14 (GCC 5.4.1),cpp,Accepted,1,256,419,
s119369988,p02982,u926242698,1577146841,C++,C++14 (GCC 5.4.1),cpp,Accepted,1,256,1701,
s714174024,p02982,u703511577,1577142627,C++,C++14 (Clang 3.8.0),cpp,Accepted,1,256,517,
s535434977,p02982,u624689667,1577138534,Python,PyPy3 (2.4.0),py,Accepted,165,38768,367,
s814165217,p02982,u163149221,1577134659,C++,C++14 (GCC 5.4.1),cpp,Accepted,1,256,461,
s302950436,p02982,u163149221,1577134567,C++,C++14 (GCC 5.4.1),cpp,Wrong Answer,1,256,461,
s307761234,p02982,u163149221,1577134500,C++,C++14 (GCC 5.4.1),cpp,Wrong Answer,1,256,463,
s224541484,p02982,u163149221,1577134461,C++,C++14 (GCC 5.4.1),cpp,Compile Error,,,461,
s199786554,p02982,u163149221,1577134422,C++,C++14 (GCC 5.4.1),cpp,Compile Error,,,460,
s020013160,p02982,u657913472,1577128280,Awk,Awk (mawk 1.3.3),awk,Accepted,1,256,146,
s310345793,p02982,u673173160,1577126151,Python,PyPy3 (2.4.0),py,Accepted,168,38512,426,
s923450822,p02982,u638795007,1577124047,Python,PyPy3 (2.4.0),py,Accepted,187,38384,851,
s381349094,p02982,u693007703,1577076040,Python,Python (3.4.3),py,Accepted,18,3064,618,
s707211304,p02982,u250583425,1577060400,Python,Python (3.4.3),py,Accepted,18,3060,417,
s071607431,p02982,u411427373,1577056227,C++,C++14 (GCC 5.4.1),cpp,Accepted,1,256,664,
s757993910,p02982,u729337236,1577051553,C++,C++14 (GCC 5.4.1),cpp,Accepted,1,256,550,
s738859453,p02982,u024496314,1577049323,C++,C++14 (GCC 5.4.1),cpp,Accepted,1,256,666,
s483983761,p02982,u411353821,1577034497,Python,Python (3.4.3),py,Accepted,18,3064,284,
s635657007,p02982,u979552932,1577030616,Java,Java8 (OpenJDK 1.8.0),java,Accepted,105,21844,887,
s603040984,p02982,u703130195,1577020810,Python,Python (3.4.3),py,Accepted,18,3064,519,
s344134477,p02982,u506295831,1577020008,C++,C++14 (GCC 5.4.1),cpp,Accepted,1,256,3221,
s025353244,p02982,u256459711,1576991181,C++,C++14 (GCC 5.4.1),cpp,Accepted,1,256,714,
s924618029,p02982,u280097533,1576988474,C++,C++14 (GCC 5.4.1),cpp,Accepted,1,256,918,
s318752154,p02982,u829859091,1576972181,Python,Python (3.4.3),py,Accepted,18,3064,389,
s803045883,p02982,u527420996,1576964492,C++,C++14 (GCC 5.4.1),cpp,Accepted,1,256,3676,
s296598407,p02982,u272997285,1576960617,C++,C++14 (GCC 5.4.1),cpp,Accepted,1,256,1274,
s113702616,p02982,u397596606,1576958001,PHP,PHP7 (7.0.15),php,Accepted,9,4604,433,
s530724613,p02982,u073232808,1576954206,Kotlin,Kotlin (1.0.0),kt,Accepted,198,31144,705,
s890290486,p02982,u899220667,1576944970,C++,C++14 (GCC 5.4.1),cpp,Accepted,1,256,5153,
s244495390,p02982,u298628832,1576940641,Ruby,Ruby (2.3.3),rb,Accepted,7,1788,323,
s784415860,p02982,u761989513,1576928226,Rust,Rust (1.15.1),rs,Accepted,2,4352,1084,
s313983705,p02982,u804080231,1576925552,C++,C++14 (GCC 5.4.1),cpp,Accepted,1,256,418,
s098169043,p02982,u494904817,1576923723,C++,C++14 (GCC 5.4.1),cpp,Accepted,1,256,613,
s525682159,p02982,u443657910,1576922386,Python,Python (3.4.3),py,Accepted,17,3064,300,
s383546591,p02982,u762502257,1576922285,C++,C++14 (GCC 5.4.1),cpp,Accepted,1,256,539,
s697751068,p02982,u762502257,1576921249,C++,C++14 (GCC 5.4.1),cpp,Wrong Answer,1,256,533,
s485128108,p02982,u762502257,1576921202,C++,C++14 (GCC 5.4.1),cpp,Wrong Answer,1,256,552,
s107390044,p02982,u681084651,1576860980,C++,C++14 (GCC 5.4.1),cpp,Accepted,1,256,724,
s596331735,p02982,u681084651,1576860616,C++,C++14 (GCC 5.4.1),cpp,Wrong Answer,1,256,680,
s371808626,p02982,u629521741,1576833890,C++,C++14 (GCC 5.4.1),cpp,Accepted,1,384,1413,
s205668599,p02982,u811528179,1576812385,C++,C++14 (GCC 5.4.1),cpp,Accepted,1,256,4092,
s726566414,p02982,u811528179,1576812201,C++,C++14 (GCC 5.4.1),cpp,Wrong Answer,1,256,4059,
s201527654,p02982,u063073794,1576801524,Python,Python (3.4.3),py,Runtime Error,18,3064,332,
s557005747,p02982,u063073794,1576801224,Python,Python (3.4.3),py,Runtime Error,17,2940,106,
s615066762,p02982,u811436126,1576785602,Python,Python (3.4.3),py,Accepted,283,20080,349,
s352062130,p02982,u374051158,1576759631,C++,C++14 (GCC 5.4.1),cpp,Accepted,1,256,758,
s620892401,p02982,u901813121,1576756734,C++,C++14 (GCC 5.4.1),cpp,Accepted,1,256,621,
s304607980,p02982,u564089749,1576726681,C++,C++14 (GCC 5.4.1),cpp,Accepted,1,256,643,
s917463021,p02982,u548778623,1576721155,C++,C++14 (GCC 5.4.1),cpp,Accepted,1,256,702,
s458683160,p02982,u283779141,1576707245,C++,C++14 (GCC 5.4.1),cpp,Accepted,1,256,764,
s599914562,p02982,u894339989,1576703639,C++,C++14 (GCC 5.4.1),cpp,Accepted,1,256,697,
s340473311,p02982,u894339989,1576703607,C++,C++14 (GCC 5.4.1),cpp,Compile Error,,,695,
s914353511,p02982,u163829702,1576701285,Python,Python (3.4.3),py,Accepted,17,3064,351,
s001860379,p02982,u757117214,1576687611,Python,Python (3.4.3),py,Accepted,18,3064,314,
s671774135,p02982,u227722533,1576683066,C++,C++14 (GCC 5.4.1),cpp,Accepted,1,256,556,
s434803752,p02982,u903005414,1576677500,Python,Python (3.4.3),py,Accepted,18,3064,402,
s321570160,p02982,u099918199,1576656805,C++,C++14 (GCC 5.4.1),cpp,Accepted,1,256,1109,
s874923487,p02982,u652760628,1576647198,C++,C++14 (GCC 5.4.1),cpp,Accepted,1,256,550,
s889595391,p02982,u095797762,1576644494,C++,C++14 (GCC 5.4.1),cpp,Accepted,1,256,814,
s846011281,p02982,u620219777,1576642677,Ruby,Ruby (2.3.3),rb,Accepted,7,1788,268,
s569032475,p02982,u374051158,1576642671,C++,C++14 (GCC 5.4.1),cpp,Accepted,1,256,754,
s148547888,p02982,u491550356,1576641359,C++,C++14 (GCC 5.4.1),cpp,Accepted,2,256,4309,
s787444696,p02982,u335384647,1576631136,C++,C++14 (GCC 5.4.1),cpp,Accepted,1,256,535,
s834434132,p02982,u771541325,1576626518,C++,C++14 (GCC 5.4.1),cpp,Accepted,1,256,795,
s126588104,p02982,u738164318,1576620303,C++,C++14 (GCC 5.4.1),cpp,Accepted,1,256,665,
s726581100,p02982,u604896914,1576611216,C++,C++14 (GCC 5.4.1),cpp,Accepted,1,256,1043,
s375360015,p02982,u657419921,1576563484,C++,C++14 (GCC 5.4.1),cpp,Accepted,1,256,708,
s140298209,p02982,u657419921,1576562652,C++,C++14 (GCC 5.4.1),cpp,Wrong Answer,2,512,681,
s093919365,p02982,u572142121,1576556571,Python,Python (3.4.3),py,Accepted,18,3188,256,
s020846531,p02982,u526630579,1576553579,C++,C++14 (GCC 5.4.1),cpp,Accepted,2,2304,4335,
s581773134,p02982,u214304095,1576545610,Python,Python (3.4.3),py,Accepted,20,3060,354,
s546478246,p02982,u119655368,1576536128,Python,Python (3.4.3),py,Accepted,18,3064,332,
s857415335,p02982,u487433273,1576527682,Java,Java8 (OpenJDK 1.8.0),java,Accepted,99,21972,735,
s672588862,p02982,u616998927,1576526207,C++,C++14 (GCC 5.4.1),cpp,Accepted,1,256,732,
s604151803,p02982,u502306384,1576521338,Ruby,Ruby (2.3.3),rb,Accepted,7,1788,198,
s657976789,p02982,u502306384,1576521046,Ruby,Ruby (2.3.3),rb,Accepted,7,1916,229,
s806649160,p02982,u275212209,1576517244,C++,C++14 (GCC 5.4.1),cpp,Runtime Error,118,256,1082,
s918489531,p02982,u492989229,1576514448,Java,Java8 (OpenJDK 1.8.0),java,Accepted,107,21972,647,
s150239332,p02982,u275212209,1576512623,C++,C++14 (GCC 5.4.1),cpp,Compile Error,,,875,
s691844973,p02982,u555980492,1576489967,D,D (DMD64 v2.070.1),d,Accepted,1,256,2037,
s934284779,p02982,u480130675,1576471111,Python,Python (3.4.3),py,Accepted,18,3188,319,
s685408039,p02982,u696805736,1576463382,Python,Python (3.4.3),py,Accepted,18,3064,348,
s571183715,p02982,u677121387,1576462110,Python,Python (3.4.3),py,Accepted,17,3064,369,
s556825839,p02982,u426143712,1576458650,C++,C++14 (GCC 5.4.1),cpp,Accepted,2,256,707,
s135259601,p02982,u426143712,1576458515,C++,C++14 (GCC 5.4.1),cpp,Wrong Answer,1,256,706,
s109885556,p02982,u815878613,1576457995,Python,Python (3.4.3),py,Accepted,155,12500,263,
s782099939,p02982,u148551245,1576445766,Python,Python (3.4.3),py,Accepted,18,3064,338,
s114520328,p02982,u247679666,1576436053,C++,C++14 (GCC 5.4.1),cpp,Accepted,1,256,1745,
s391219726,p02982,u819048695,1576435591,Python,Python (3.4.3),py,Accepted,17,3188,283,
s928989919,p02982,u305847048,1576435558,C++,C++14 (GCC 5.4.1),cpp,Accepted,1,256,2778,
s349591514,p02982,u749388872,1576421740,Haskell,Haskell (GHC 7.10.3),hs,Accepted,2,1020,475,
s767012218,p02982,u472645805,1576402368,C++,C++14 (GCC 5.4.1),cpp,Accepted,1,256,454,
s700193057,p02982,u200729311,1576397428,C++,C++14 (GCC 5.4.1),cpp,Accepted,1,256,927,
s062451473,p02982,u672541593,1576385420,Rust,Rust (1.15.1),rs,Accepted,2,4352,1706,
s911097367,p02982,u997368585,1576384758,C++,C++14 (GCC 5.4.1),cpp,Accepted,10,764,1456,
s921012859,p02982,u732412551,1576376683,Python,Python (3.4.3),py,Accepted,17,3188,283,
s635190785,p02982,u836737505,1576362154,Python,Python (3.4.3),py,Accepted,18,3188,258,
s636451537,p02982,u771770008,1576349941,Ruby,Ruby (2.3.3),rb,Accepted,7,1788,360,
s093431354,p02982,u257668305,1576340216,Ruby,Ruby (2.3.3),rb,Accepted,9,1788,403,
s255792558,p02982,u290292036,1576336597,Java,Java8 (OpenJDK 1.8.0),java,Accepted,99,21844,1467,
s382793618,p02982,u703739962,1576333615,Go,Go (1.6),go,Accepted,1,640,759,
s390405968,p02982,u924451152,1576325122,C++,C++14 (GCC 5.4.1),cpp,Accepted,1,256,600,
s478450954,p02982,u775315680,1576317669,C++,C++14 (GCC 5.4.1),cpp,Accepted,1,256,758,
s951567491,p02982,u157433024,1576298833,C++,C++14 (GCC 5.4.1),cpp,Accepted,1,384,627,
s372788123,p02982,u314920173,1576298184,C++,C++14 (GCC 5.4.1),cpp,Accepted,1,128,601,
s502152780,p02982,u314920173,1576298149,C++,C++14 (GCC 5.4.1),cpp,Wrong Answer,1,128,600,
s919406803,p02982,u863309603,1576295859,Kotlin,Kotlin (1.0.0),kt,Accepted,241,38140,573,
s886370268,p02982,u408023666,1576294792,Ruby,Ruby (2.3.3),rb,Accepted,11,2044,146,
s224172671,p02982,u955723966,1576294600,C++,C++14 (GCC 5.4.1),cpp,Accepted,1,256,1043,
s287774175,p02982,u408023666,1576293988,Ruby,Ruby (2.3.3),rb,Accepted,10,1788,136,
s608573327,p02982,u408023666,1576293941,Ruby,Ruby (2.3.3),rb,Wrong Answer,7,1788,136,
s891465007,p02982,u312473205,1576276630,C#,C# (Mono 4.6.2.0),cs,Runtime Error,31,13024,12642,
s708089196,p02982,u312473205,1576276105,C#,C# (Mono 4.6.2.0),cs,Runtime Error,26,13024,12606,
s544621928,p02982,u167205647,1576272858,Python,Python (3.4.3),py,Accepted,19,3064,316,
s073794503,p02982,u664652017,1576271888,C++,C++14 (GCC 5.4.1),cpp,Accepted,1,256,695,
s456632520,p02982,u045368371,1576264418,C++,C++14 (GCC 5.4.1),cpp,Accepted,1,256,516,
s876239390,p02982,u512624048,1576260816,C++,C++14 (GCC 5.4.1),cpp,Accepted,1,256,657,
s865578944,p02982,u512624048,1576260748,C++,C++14 (GCC 5.4.1),cpp,Wrong Answer,1,256,656,
s738124413,p02982,u512624048,1576260272,C++,C++14 (GCC 5.4.1),cpp,Wrong Answer,3,256,501,
s388372999,p02982,u124498235,1576206000,Python,Python (3.4.3),py,Accepted,18,3064,271,
s797493068,p02982,u144913062,1576200043,Rust,Rust (1.15.1),rs,Accepted,2,4352,1038,
s845543812,p02982,u089151327,1576199786,C++,C++14 (GCC 5.4.1),cpp,Accepted,2,256,375,
s143801784,p02982,u089151327,1576199753,C++,C++14 (GCC 5.4.1),cpp,Wrong Answer,1,256,402,
s191675897,p02982,u582663624,1576187913,Python,Python (3.4.3),py,Accepted,17,3064,364,
s159680876,p02982,u582663624,1576187881,Python,Python (3.4.3),py,Wrong Answer,18,3064,379,
s772439890,p02982,u986568278,1576180910,C++,C++14 (GCC 5.4.1),cpp,Accepted,1,256,710,
s582053448,p02982,u455366471,1576168361,C++,C++14 (GCC 5.4.1),cpp,Accepted,1,384,1103,
s943747827,p02982,u202826462,1576164225,Python,Python (3.4.3),py,Accepted,18,3064,339,
s976510814,p02982,u334351654,1576146427,C++,C++14 (GCC 5.4.1),cpp,Accepted,1,256,1197,
s015682438,p02982,u302149106,1576124486,C++,C++14 (GCC 5.4.1),cpp,Accepted,1,256,903,
s211598992,p02982,u979498839,1576124140,Java,Java8 (OpenJDK 1.8.0),java,Accepted,109,23636,833,
s439581997,p02982,u572472538,1576120772,C++,C++14 (GCC 5.4.1),cpp,Accepted,2,256,2829,
s884052632,p02982,u406337986,1576117583,C++,C++14 (GCC 5.4.1),cpp,Wrong Answer,1,256,549,
s356740042,p02982,u406337986,1576110462,C++,C++14 (GCC 5.4.1),cpp,Wrong Answer,1,256,520,
s094753159,p02982,u334553376,1576110313,C++,C++14 (GCC 5.4.1),cpp,Accepted,1,256,710,
s223690596,p02982,u334553376,1576109697,C++,C++14 (GCC 5.4.1),cpp,Wrong Answer,1975,256,615,
s022536002,p02982,u864453204,1576103204,Python,Python (3.4.3),py,Accepted,17,3064,415,
s565083623,p02982,u580236524,1576102056,Python,Python (3.4.3),py,Accepted,17,3064,311,
s962034586,p02982,u553461888,1576095164,C++,C++14 (GCC 5.4.1),cpp,Accepted,1,256,661,
s143179888,p02982,u071680334,1576073430,C,C (GCC 5.4.1),c,Accepted,2,128,636,
s052378098,p02982,u588744968,1576039072,C++,C++14 (GCC 5.4.1),cpp,Accepted,3,384,631,
s510622554,p02982,u588744968,1576038939,C++,C++14 (GCC 5.4.1),cpp,Wrong Answer,1,256,639,
s404355632,p02982,u588744968,1576038802,C++,C++14 (GCC 5.4.1),cpp,Wrong Answer,1,256,630,
s468237223,p02982,u588744968,1576038735,C++,C++14 (GCC 5.4.1),cpp,Wrong Answer,1,256,629,
s476646179,p02982,u588744968,1576038595,C++,C++14 (GCC 5.4.1),cpp,Wrong Answer,1,256,552,
s389250520,p02982,u831161882,1576026653,C++,C++14 (GCC 5.4.1),cpp,Compile Error,,,308,
s309828877,p02982,u547608423,1576013035,Python,Python (3.4.3),py,Accepted,18,3064,356,
s896006546,p02982,u849029577,1576005670,Python,PyPy3 (2.4.0),py,Accepted,167,38384,369,
s990300449,p02982,u744607340,1576002218,C,C (GCC 5.4.1),c,Accepted,1,128,533,
s086433958,p02982,u120967809,1575996907,C++,C++14 (GCC 5.4.1),cpp,Accepted,1,256,877,
s419070218,p02982,u101079650,1575985246,Java,Java8 (OpenJDK 1.8.0),java,Accepted,108,23892,676,
s029731492,p02982,u101079650,1575984747,Java,Java8 (OpenJDK 1.8.0),java,Accepted,109,21844,717,
s201761047,p02982,u101079650,1575984578,Java,Java8 (OpenJDK 1.8.0),java,Wrong Answer,108,21716,703,
s561611710,p02982,u101079650,1575983753,Java,Java8 (OpenJDK 1.8.0),java,Wrong Answer,101,23764,710,
s519249115,p02982,u579754454,1575956032,C++,C++14 (GCC 5.4.1),cpp,Accepted,1,256,960,
s511785515,p02982,u970690920,1575952034,C++,C++14 (GCC 5.4.1),cpp,Accepted,1,256,575,
s444046744,p02982,u999989620,1575950902,C++,C++14 (GCC 5.4.1),cpp,Accepted,1,256,753,
s106665403,p02982,u999989620,1575949933,C++,C++14 (GCC 5.4.1),cpp,Accepted,1,256,779,
s277594003,p02982,u178432859,1575938440,Python,Python (3.4.3),py,Accepted,18,3064,349,
s225063024,p02982,u000893497,1575912161,C++,C++14 (GCC 5.4.1),cpp,Accepted,1,256,620,
s031043687,p02982,u561231954,1575855834,Python,Python (3.4.3),py,Accepted,19,3316,291,
s805511824,p02982,u343935874,1575832189,C++,C++14 (GCC 5.4.1),cpp,Accepted,1,256,625,
s356011716,p02982,u943057856,1575825096,Python,Python (3.4.3),py,Accepted,17,3060,310,
s300952373,p02982,u581625805,1575818541,Java,Java8 (OpenJDK 1.8.0),java,Accepted,109,22996,962,
s220734415,p02982,u288568295,1575817240,C++,C++14 (GCC 5.4.1),cpp,Accepted,1,256,1403,
s464532788,p02982,u980909653,1575784905,C++,C++14 (GCC 5.4.1),cpp,Accepted,1,256,737,
s923487936,p02982,u276517671,1575777942,Ruby,Ruby (2.3.3),rb,Accepted,7,3836,327,
s611225727,p02982,u089578476,1575773655,C++,C++14 (GCC 5.4.1),cpp,Accepted,1,256,623,
s582683934,p02982,u089578476,1575773042,C++,C++14 (GCC 5.4.1),cpp,Compile Error,,,663,
s920415810,p02982,u891876603,1575768800,C++,C++14 (GCC 5.4.1),cpp,Accepted,1,256,797,
s800260248,p02982,u879584308,1575766485,Python,PyPy3 (2.4.0),py,Accepted,169,38256,907,
s873504093,p02982,u742553775,1575763008,C++,C++14 (GCC 5.4.1),cpp,Accepted,1,256,1244,
s844236875,p02982,u982591663,1575754899,Python,Python (3.4.3),py,Accepted,17,3060,389,
s625339148,p02982,u134181243,1575748838,C++,C++14 (GCC 5.4.1),cpp,Accepted,1,256,660,
s306004156,p02982,u063703408,1575748521,Python,Python (3.4.3),py,Accepted,18,3064,348,
s282178735,p02982,u347057617,1575747518,C++,C++14 (GCC 5.4.1),cpp,Accepted,1,256,502,
s204324619,p02982,u931698099,1575698321,C++,C++14 (GCC 5.4.1),cpp,Accepted,1,256,767,
s167005462,p02982,u180716041,1575693268,C++,C++14 (GCC 5.4.1),cpp,Accepted,1,256,628,
s472963679,p02982,u071019032,1575692622,C++,C++14 (GCC 5.4.1),cpp,Accepted,1,256,573,
s840383496,p02982,u071019032,1575692440,C++,C++14 (GCC 5.4.1),cpp,Runtime Error,97,256,573,
s411417177,p02982,u071019032,1575692398,C++,C++14 (GCC 5.4.1),cpp,Compile Error,,,560,
s935311883,p02982,u071019032,1575692312,C++,C++14 (GCC 5.4.1),cpp,Compile Error,,,551,
s113653518,p02982,u302818391,1575684545,C++,C++14 (GCC 5.4.1),cpp,Accepted,1,256,690,
s144826762,p02982,u290292036,1575680972,Java,Java8 (OpenJDK 1.8.0),java,Accepted,111,23764,778,
s199906277,p02982,u290292036,1575680919,Java,Java8 (OpenJDK 1.8.0),java,Wrong Answer,105,22996,801,
s574288064,p02982,u290292036,1575680679,Java,Java8 (OpenJDK 1.8.0),java,Wrong Answer,104,22100,776,
s103255750,p02982,u290292036,1575680055,Java,Java8 (OpenJDK 1.8.0),java,Wrong Answer,109,20692,759,
s493279989,p02982,u290292036,1575679293,Java,Java8 (OpenJDK 1.8.0),java,Wrong Answer,102,23636,755,
s928117327,p02982,u121921603,1575678724,Python,PyPy3 (2.4.0),py,Accepted,170,38512,340,
s285357829,p02982,u865500049,1575671452,C++,C++14 (GCC 5.4.1),cpp,Accepted,1,256,711,
s323457237,p02982,u417063616,1575664921,Python,PyPy3 (2.4.0),py,Accepted,181,38384,279,
s716854555,p02982,u535423069,1575652834,C++,C++14 (GCC 5.4.1),cpp,Accepted,1,256,728,
s973695804,p02982,u746419473,1575651020,Python,Python (3.4.3),py,Accepted,18,3188,303,
s108079986,p02982,u540761833,1575650354,Python,Python (3.4.3),py,Accepted,18,3064,395,
s631967767,p02982,u245844006,1575638945,C++,C++14 (GCC 5.4.1),cpp,Accepted,1,256,830,
s384863389,p02982,u245844006,1575638733,C++,C++14 (GCC 5.4.1),cpp,Wrong Answer,1,256,906,
s625026217,p02982,u656538922,1575623079,Ruby,Ruby (2.3.3),rb,Accepted,7,1788,304,
s749708028,p02982,u959634984,1575580852,C++,C++14 (GCC 5.4.1),cpp,Accepted,1,256,565,
s673830130,p02982,u959634984,1575580601,C++,C++14 (GCC 5.4.1),cpp,Wrong Answer,1,256,564,
s996808869,p02982,u252523823,1575564640,Python,Python (3.4.3),py,Accepted,17,3188,351,
s856871439,p02982,u252523823,1575559114,Python,Python (3.4.3),py,Accepted,18,3188,409,
s842907920,p02982,u252523823,1575558609,Python,Python (3.4.3),py,Accepted,18,3188,478,
s445275590,p02982,u429665788,1575512233,C++,C++14 (GCC 5.4.1),cpp,Accepted,1,256,731,
s880930815,p02982,u429665788,1575511931,C++,C++14 (GCC 5.4.1),cpp,Wrong Answer,1,256,739,
s900847838,p02982,u028572059,1575511841,C++,C++14 (GCC 5.4.1),cpp,Accepted,1,256,737,
s357112987,p02982,u429665788,1575511833,C++,C++14 (GCC 5.4.1),cpp,Wrong Answer,1,256,741,
s964939143,p02982,u028572059,1575511697,C++,C++14 (GCC 5.4.1),cpp,Wrong Answer,1,256,743,
s963358369,p02982,u429665788,1575511538,C++,C++14 (GCC 5.4.1),cpp,Runtime Error,100,256,741,
s537650946,p02982,u429665788,1575511446,C++,C++14 (GCC 5.4.1),cpp,Runtime Error,100,384,741,
s427871972,p02982,u429665788,1575511335,C++,C++14 (GCC 5.4.1),cpp,Runtime Error,102,384,739,
s255282836,p02982,u429665788,1575511285,C++,C++14 (GCC 5.4.1),cpp,Compile Error,,,738,
s619958648,p02982,u429665788,1575511226,C++,C++14 (GCC 5.4.1),cpp,Compile Error,,,736,
s553406131,p02982,u470560351,1575482038,Python,Python (3.4.3),py,Accepted,18,3064,299,
s989257321,p02982,u722397179,1575478881,C++,C++14 (GCC 5.4.1),cpp,Accepted,1,256,870,
s711289961,p02982,u371702445,1575436100,C++,C++14 (GCC 5.4.1),cpp,Accepted,1,256,595,
s826095780,p02982,u027685417,1575434245,Python,Python (3.4.3),py,Accepted,18,3064,528,
s179896772,p02982,u062198110,1575429623,C++,C++14 (GCC 5.4.1),cpp,Accepted,1,256,814,
s840882574,p02982,u062198110,1575429565,C++,C++14 (GCC 5.4.1),cpp,Compile Error,,,831,
s871452805,p02982,u091552241,1575427966,C++,C++14 (GCC 5.4.1),cpp,Accepted,1,256,538,
s234976892,p02982,u248897784,1575426898,Java,Java8 (OpenJDK 1.8.0),java,Accepted,69,21460,2423,
s012081182,p02982,u775681539,1575425101,C++,C++14 (GCC 5.4.1),cpp,Accepted,1,256,763,
s237483526,p02982,u502731956,1575423475,C#,C# (Mono 4.6.2.0),cs,Accepted,25,13396,1007,
s808928990,p02982,u207308907,1575420051,C++,C++14 (GCC 5.4.1),cpp,Accepted,1,256,861,
s885056020,p02982,u207308907,1575416293,C++,C++14 (GCC 5.4.1),cpp,Wrong Answer,1,256,796,
s242921985,p02982,u051181337,1575415766,Python,PyPy3 (2.4.0),py,Accepted,166,38512,287,
s622853299,p02982,u267722582,1575415681,Kotlin,Kotlin (1.0.0),kt,Accepted,239,38000,703,
s610079993,p02982,u751252197,1575415571,C++,C++14 (GCC 5.4.1),cpp,Accepted,1,256,913,
s912113871,p02982,u932410966,1575415245,JavaScript,JavaScript (node.js v5.12),js,Accepted,54,9548,675,
s932700939,p02982,u207308907,1575415030,C++,C++14 (GCC 5.4.1),cpp,Wrong Answer,1,256,792,
s869766784,p02982,u294683729,1575413242,C++,C++14 (GCC 5.4.1),cpp,Accepted,1,256,593,
s998125587,p02982,u294683729,1575413071,C++,C++14 (GCC 5.4.1),cpp,Compile Error,,,513,
s246868769,p02982,u294683729,1575412564,C++,C++14 (GCC 5.4.1),cpp,Wrong Answer,1,256,550,
s473231066,p02982,u489762173,1575409814,Python,Python (3.4.3),py,Accepted,17,3064,370,
s931517672,p02982,u796877631,1575387154,C++,C++14 (GCC 5.4.1),cpp,Accepted,1,256,606,
s739098731,p02982,u796877631,1575386924,C++,C++14 (GCC 5.4.1),cpp,Wrong Answer,1,256,605,
s362193402,p02982,u394040864,1575381312,Go,Go (1.6),go,Accepted,1,512,566,
s786077366,p02982,u187453157,1575367425,C++,C++14 (GCC 5.4.1),cpp,Accepted,1,256,2596,
s064968110,p02982,u960653324,1575351353,Python,Python (3.4.3),py,Accepted,18,3064,351,
s267881713,p02982,u008078348,1575307080,C++,C++14 (GCC 5.4.1),cpp,Accepted,1,256,782,
s324275544,p02982,u619683748,1575302963,C++,C++14 (GCC 5.4.1),cpp,Accepted,1,256,1170,
s300787930,p02982,u816631826,1575296843,C++,C++14 (Clang 3.8.0),cpp,Accepted,1,256,457,
s081916900,p02982,u258994590,1575275422,C++,C++14 (GCC 5.4.1),cpp,Accepted,1,256,501,
s887791208,p02982,u673513296,1575269345,C++,C++14 (GCC 5.4.1),cpp,Accepted,1,256,634,
s023158632,p02982,u143612492,1575263817,Python,Python (3.4.3),py,Accepted,17,3060,240,
s254050080,p02982,u152452056,1575244238,C++,C++14 (GCC 5.4.1),cpp,Accepted,1,256,1501,
s565064304,p02982,u785334194,1575242951,C++,C++14 (GCC 5.4.1),cpp,Accepted,1,256,1054,
s151326401,p02982,u169138653,1575242734,Python,Python (3.4.3),py,Accepted,17,3060,259,
s457575049,p02982,u169138653,1575241854,Python,Python (3.4.3),py,Wrong Answer,17,3064,256,
s245468407,p02982,u531718792,1575236070,C++,C++14 (GCC 5.4.1),cpp,Accepted,1,256,511,
s769221358,p02982,u045289115,1575232723,C++,C++14 (GCC 5.4.1),cpp,Accepted,1,256,551,
s227882632,p02982,u045289115,1575232580,C++,C++14 (GCC 5.4.1),cpp,Compile Error,,,557,
s364775169,p02982,u506624290,1575206457,Crystal,Crystal (0.20.5),cr,Accepted,2,636,351,
s711789357,p02982,u480938608,1575186352,C++,C++14 (GCC 5.4.1),cpp,Accepted,1,256,633,
s687782367,p02982,u623953567,1575166639,Python,Python (3.4.3),py,Accepted,18,3064,484,
s652088371,p02982,u623953567,1575165380,Python,Python (3.4.3),py,Wrong Answer,18,3064,335,
s013531604,p02982,u375695365,1575159375,Python,Python (3.4.3),py,Accepted,18,3064,328,
s538523521,p02982,u375695365,1575158881,Python,Python (3.4.3),py,Wrong Answer,17,3064,374,
s661508851,p02982,u584139221,1575153783,C++,C++14 (GCC 5.4.1),cpp,Accepted,1,256,630,
s370226178,p02982,u843560520,1575153204,Java,Java8 (OpenJDK 1.8.0),java,Accepted,105,23764,919,
s452365960,p02982,u843560520,1575153047,Java,Java8 (OpenJDK 1.8.0),java,Wrong Answer,104,21844,1065,
s144105614,p02982,u843560520,1575152973,Java,Java8 (OpenJDK 1.8.0),java,Compile Error,,,1058,
s071771695,p02982,u136342563,1575144810,C++,C++14 (GCC 5.4.1),cpp,Accepted,1,256,593,
s543883774,p02982,u224590796,1575133045,C++,C++14 (GCC 5.4.1),cpp,Accepted,1,256,530,
s337525565,p02982,u774160580,1575090332,Python,Python (3.4.3),py,Accepted,148,12448,314,
s090594691,p02982,u774160580,1575090071,Python,Python (3.4.3),py,Runtime Error,151,12448,310,
s461229787,p02982,u774160580,1575089910,Python,Python (3.4.3),py,Runtime Error,148,12448,312,
s416988738,p02982,u236193715,1575088852,Python,Python (3.4.3),py,Accepted,18,3188,383,
s643808484,p02982,u685892567,1575085961,C++,C++14 (GCC 5.4.1),cpp,Accepted,1,256,1190,
s005641913,p02982,u103208639,1575068927,Python,Python (3.4.3),py,Accepted,18,3064,321,
s943720391,p02982,u361381049,1575058207,Python,Python (3.4.3),py,Accepted,20,3188,313,
s289347174,p02982,u361381049,1575057966,Python,Python (3.4.3),py,Wrong Answer,17,3064,315,
s618392433,p02982,u132324749,1575056603,Scala,Scala (2.11.7),scala,Accepted,330,25516,520,
s291682455,p02982,u280175105,1575053301,C++,C++14 (GCC 5.4.1),cpp,Accepted,1,256,604,
s451119260,p02982,u997346103,1575001640,Python,PyPy3 (2.4.0),py,Accepted,162,38256,309,
s342630581,p02982,u548992197,1575000585,Go,Go (1.6),go,Accepted,1,512,593,
s424839878,p02982,u074338678,1574999898,Python,Python (3.4.3),py,Accepted,19,3060,273,
s302649436,p02982,u074338678,1574999880,Python,Python (3.4.3),py,Wrong Answer,19,3060,284,
s506200325,p02982,u074338678,1574999714,Python,Python (3.4.3),py,Wrong Answer,19,3060,290,
s170236068,p02982,u924691798,1574995486,Go,Go (1.6),go,Accepted,1,640,1625,
s240475927,p02982,u798818115,1574993682,Python,Python (3.4.3),py,Accepted,17,3060,390,
s859838415,p02982,u232429509,1574988940,C++,C++14 (GCC 5.4.1),cpp,Accepted,1,256,1307,
s529883259,p02982,u393253137,1574988125,Python,Python (3.4.3),py,Accepted,19,3060,272,
s368076286,p02982,u852839243,1574974863,C++,C++14 (GCC 5.4.1),cpp,Accepted,1,256,1813,
s076169974,p02982,u852839243,1574974613,C++,C++14 (GCC 5.4.1),cpp,Compile Error,,,1812,
s485965740,p02982,u902641880,1574974352,Go,Go (1.6),go,Wrong Answer,1,512,171,
s157673538,p02982,u331047280,1574974344,C++,C++14 (GCC 5.4.1),cpp,Compile Error,,,318,
s569878017,p02982,u852839243,1574974265,C++,C++14 (GCC 5.4.1),cpp,Compile Error,,,1812,
s589696520,p02982,u379261952,1574974042,C,C (GCC 5.4.1),c,Wrong Answer,1,128,489,
s791202588,p02982,u379261952,1574973933,C,C (GCC 5.4.1),c,Runtime Error,96,128,487,
s849183326,p02982,u225891650,1574973299,C++,C++14 (GCC 5.4.1),cpp,Accepted,1,256,1893,
s045513025,p02982,u758831502,1574973230,Python,PyPy3 (2.4.0),py,Accepted,172,38512,323,
s237008497,p02982,u145483532,1574973175,C++,C++14 (GCC 5.4.1),cpp,Accepted,1,256,710,
s317011373,p02982,u465669072,1574972720,C++,C++14 (GCC 5.4.1),cpp,Accepted,1,256,562,
s672041583,p02982,u312025627,1574972192,Python,PyPy3 (2.4.0),py,Accepted,167,38384,471,
s322451561,p02982,u393253137,1574966327,Python,Python (3.4.3),py,Accepted,17,3064,290,
s328745924,p02982,u637653462,1574959654,C,C (GCC 5.4.1),c,Accepted,2,384,16340,
s749007230,p02982,u405620865,1574956360,C++,C++14 (GCC 5.4.1),cpp,Accepted,1,256,472,
s266382495,p02982,u167931717,1574952552,C++,C++14 (GCC 5.4.1),cpp,Accepted,1,256,19539,
s985614948,p02982,u113971909,1574952518,Python,Python (3.4.3),py,Accepted,18,3064,395,
s630355292,p02982,u387775763,1574924054,Java,Java8 (OpenJDK 1.8.0),java,Accepted,110,21204,655,
s145977125,p02982,u189884068,1574921229,Java,Java8 (OpenJDK 1.8.0),java,Accepted,73,21460,4199,
s758911216,p02982,u581262359,1574899487,C++,C++14 (GCC 5.4.1),cpp,Accepted,1,256,5949,
s073390457,p02982,u508355671,1574891102,Python,Python (3.4.3),py,Accepted,17,3064,346,
s477500656,p02982,u302893919,1574890988,C++,C++14 (GCC 5.4.1),cpp,Accepted,1,256,570,
s272639738,p02982,u902140923,1574888363,C++,C++14 (GCC 5.4.1),cpp,Accepted,1,256,763,
s860653470,p02982,u968846084,1574881958,Python,Python (3.4.3),py,Accepted,18,3064,294,
s167451218,p02982,u522566752,1574834997,C++,C++14 (GCC 5.4.1),cpp,Accepted,1,256,857,
s661596112,p02982,u294388467,1574821251,Ruby,Ruby (2.3.3),rb,Accepted,57,3836,592,
s441256304,p02982,u153621959,1574806122,TypeScript,TypeScript (2.1.6),ts,Accepted,54,11468,660,
s159280402,p02982,u304862095,1574790646,C++,C++14 (GCC 5.4.1),cpp,Accepted,1,256,577,
s420037840,p02982,u542850597,1574783856,Java,Java8 (OpenJDK 1.8.0),java,Accepted,104,23252,1145,
s497322653,p02982,u064359585,1574750686,C++,C++14 (GCC 5.4.1),cpp,Accepted,1,256,676,
s158346931,p02982,u743229067,1574746455,TypeScript,TypeScript (2.1.6),ts,Accepted,56,7628,862,
s040932827,p02982,u821712904,1574742826,Python,Python (3.4.3),py,Accepted,18,3064,250,
s226182968,p02982,u821712904,1574742607,Python,Python (3.4.3),py,Wrong Answer,18,3188,241,
s849854505,p02982,u821712904,1574742548,Python,Python (3.4.3),py,Wrong Answer,18,3060,242,
s876103074,p02982,u821712904,1574742455,Python,Python (3.4.3),py,Wrong Answer,19,3188,237,
s660868950,p02982,u743229067,1574741526,TypeScript,TypeScript (2.1.6),ts,Accepted,54,7372,820,
s359516139,p02982,u743229067,1574741450,TypeScript,TypeScript (2.1.6),ts,Runtime Error,52,7372,575,
s624994283,p02982,u794280735,1574740694,C++,C++14 (GCC 5.4.1),cpp,Accepted,1,256,578,
s305110898,p02982,u154833883,1574737286,TypeScript,TypeScript (2.1.6),ts,Accepted,53,7372,1371,
s050109248,p02982,u616461826,1574734417,C++,C++14 (GCC 5.4.1),cpp,Accepted,3,640,713,
s177716504,p02982,u845937249,1574646610,Python,Python (3.4.3),py,Accepted,18,3064,552,
s763904854,p02982,u883040023,1574646256,Python,Python (3.4.3),py,Accepted,148,12508,358,
s275908333,p02982,u284155299,1574646189,Python,Python (3.4.3),py,Accepted,149,14344,341,
s043763154,p02982,u102067593,1574640488,C++,C++14 (GCC 5.4.1),cpp,Accepted,1,256,761,
s332653947,p02982,u971166345,1574629500,C++,C++14 (GCC 5.4.1),cpp,Accepted,1,256,928,
s733030531,p02982,u979605701,1574629338,C++,C++14 (GCC 5.4.1),cpp,Accepted,1,256,675,
s822548699,p02982,u667690865,1574627850,C++,C++14 (GCC 5.4.1),cpp,Accepted,1,256,583,
s090470885,p02982,u561007032,1574624602,C++,C++14 (GCC 5.4.1),cpp,Accepted,2,256,535,
s333459434,p02982,u091026689,1574621575,C++,C++14 (GCC 5.4.1),cpp,Accepted,1,256,677,
s991114203,p02982,u091026689,1574618979,C++,C++14 (GCC 5.4.1),cpp,Wrong Answer,1,256,662,
s824177529,p02982,u091026689,1574618955,C++,C++14 (GCC 5.4.1),cpp,Compile Error,,,661,
s417793466,p02982,u091026689,1574618407,C++,C++14 (GCC 5.4.1),cpp,Compile Error,,,650,
s380575643,p02982,u091026689,1574618339,C++,C++14 (GCC 5.4.1),cpp,Compile Error,,,652,
s926979421,p02982,u091026689,1574618241,C++,C++14 (GCC 5.4.1),cpp,Compile Error,,,648,
s952665779,p02982,u642874916,1574581153,Python,PyPy3 (2.4.0),py,Accepted,170,38384,527,
s410238741,p02982,u523303964,1574576461,C++,C++14 (GCC 5.4.1),cpp,Accepted,1,256,585,
s779213946,p02982,u523303964,1574576244,C++,C++14 (GCC 5.4.1),cpp,Accepted,1,256,732,
s653166414,p02982,u060965067,1574569999,C++,C++14 (GCC 5.4.1),cpp,Accepted,1,256,1263,
s776598811,p02982,u060965067,1574569896,C++,C++14 (GCC 5.4.1),cpp,Accepted,1,256,1248,
s820227472,p02982,u936558609,1574568646,C++,C++14 (GCC 5.4.1),cpp,Accepted,1,256,681,
s844942488,p02982,u760802228,1574552061,C++,C++14 (Clang 3.8.0),cpp,Accepted,2,384,977,
s656979761,p02982,u760802228,1574550878,C++,C++14 (Clang 3.8.0),cpp,Wrong Answer,1,256,957,
s802132457,p02982,u760802228,1574550861,C,C (Clang 3.8.0),c,Compile Error,,,957,
s855502992,p02982,u546686251,1574546402,Python,Python (3.4.3),py,Accepted,17,3060,301,
s418821927,p02982,u546686251,1574546252,Python,Python (3.4.3),py,Runtime Error,18,3060,281,
s196244147,p02982,u546686251,1574546155,Python,Python (3.4.3),py,Runtime Error,17,3060,276,
s846211136,p02982,u760802228,1574545470,Python,Python (3.4.3),py,Accepted,18,3064,348,
s774266862,p02982,u745529935,1574544985,C++,C++14 (GCC 5.4.1),cpp,Accepted,2,256,538,
s376876859,p02982,u185502200,1574539615,Python,Python (3.4.3),py,Accepted,156,12504,523,
s340769810,p02982,u798181098,1574536969,OCaml,OCaml (4.02.3),ml,Accepted,1,512,569,
s802791733,p02982,u416223629,1574513147,Python,Python (3.4.3),py,Accepted,18,3064,543,
s662997540,p02982,u553932989,1574477361,C++,C++14 (GCC 5.4.1),cpp,Accepted,1,256,731,
s368988400,p02982,u294683729,1574471418,C++,C++14 (GCC 5.4.1),cpp,Wrong Answer,1,256,583,
s072955050,p02982,u294683729,1574471391,C++,C++14 (GCC 5.4.1),cpp,Compile Error,,,582,
s454894484,p02982,u294683729,1574471287,C++,C++14 (GCC 5.4.1),cpp,Compile Error,,,532,
s900493921,p02982,u205369691,1574463280,D,D (DMD64 v2.070.1),d,Accepted,1,256,1299,
s749363937,p02982,u318296597,1574453429,Python,Python (3.4.3),py,Accepted,18,3064,351,
s301558319,p02982,u290563917,1574439604,Python,PyPy3 (2.4.0),py,Accepted,163,38256,465,
s260687660,p02982,u547448704,1574436179,C++,C++14 (GCC 5.4.1),cpp,Accepted,1,256,1021,
s013569934,p02982,u724428568,1574404109,Python,Python (3.4.3),py,Accepted,19,3064,343,
s528395251,p02982,u724428568,1574403232,Python,Python (3.4.3),py,Wrong Answer,17,2940,15,
s779029622,p02982,u059207724,1574399723,C++,C++14 (GCC 5.4.1),cpp,Accepted,1,256,538,
s985159815,p02982,u059207724,1574399392,C++,C++14 (GCC 5.4.1),cpp,Wrong Answer,1,256,537,
s986548339,p02982,u204973596,1574399376,C++,C++14 (GCC 5.4.1),cpp,Accepted,3,384,729,
s111520883,p02982,u059207724,1574399090,C++,C++14 (GCC 5.4.1),cpp,Wrong Answer,1,256,545,
s532325033,p02982,u527993431,1574398887,C,C (GCC 5.4.1),c,Accepted,1,128,440,
s200616427,p02982,u059207724,1574398711,C++,C++14 (GCC 5.4.1),cpp,Wrong Answer,1,256,532,
s331096134,p02982,u059207724,1574398513,C++,C++14 (GCC 5.4.1),cpp,Wrong Answer,1,256,532,
s133037420,p02982,u059207724,1574398355,C++,C++14 (GCC 5.4.1),cpp,Runtime Error,105,384,532,
s702094032,p02982,u315354220,1574396983,Python,Python (3.4.3),py,Accepted,19,3188,513,
s405491460,p02982,u937747602,1574388108,C++,C++14 (GCC 5.4.1),cpp,Accepted,1,256,524,
s748989767,p02982,u338821626,1574380422,Python,Python (3.4.3),py,Accepted,17,3064,431,
s686757948,p02982,u611642884,1574376107,C++,C++14 (GCC 5.4.1),cpp,Accepted,1,256,776,
s084085175,p02982,u161323909,1574373045,Awk,Awk (mawk 1.3.3),awk,Accepted,1,256,422,
s834409881,p02982,u161323909,1574372844,Awk,Awk (mawk 1.3.3),awk,Runtime Error,3,380,423,
s863071540,p02982,u854093727,1574355052,Python,Python (3.4.3),py,Accepted,18,3064,437,
s360732105,p02982,u542249197,1574342049,C++,C++14 (GCC 5.4.1),cpp,Accepted,1,256,2544,
s660575464,p02982,u469239325,1574294978,C++,C++14 (GCC 5.4.1),cpp,Accepted,1,256,768,
s591014181,p02982,u469239325,1574294454,C++,C++14 (GCC 5.4.1),cpp,Wrong Answer,1,256,801,
s107032424,p02982,u911575040,1574263765,Python,PyPy3 (2.4.0),py,Accepted,189,38384,284,
s706002387,p02982,u276115223,1574257712,Python,Python (3.4.3),py,Accepted,18,3188,546,
s240629420,p02982,u276115223,1574257495,Python,Python (3.4.3),py,Runtime Error,18,3064,497,
s386339569,p02982,u702462808,1574228784,C++,C++14 (GCC 5.4.1),cpp,Accepted,1,256,994,
s286510089,p02982,u834415466,1574221911,C++,C++14 (GCC 5.4.1),cpp,Accepted,1,256,1208,
s926897769,p02982,u518703962,1574218752,Java,Java8 (OpenJDK 1.8.0),java,Accepted,108,23124,619,
s833616470,p02982,u363369454,1574214352,C++,C++14 (GCC 5.4.1),cpp,Accepted,2,256,565,
s581605660,p02982,u639343026,1574208539,Python,PyPy3 (2.4.0),py,Accepted,169,38384,400,
s272571314,p02982,u538400413,1574204283,C++,C++14 (GCC 5.4.1),cpp,Accepted,1,256,483,
s876433107,p02982,u777283665,1574202618,Java,Java8 (OpenJDK 1.8.0),java,Accepted,110,23380,784,
s150221365,p02982,u600244905,1574200210,C++,C++14 (GCC 5.4.1),cpp,Accepted,1,256,1100,
s805381470,p02982,u059605263,1574193420,C++,C++14 (GCC 5.4.1),cpp,Accepted,1,256,737,
s746414488,p02982,u199343957,1574185716,C++,C++14 (GCC 5.4.1),cpp,Accepted,1,256,557,
s377870692,p02982,u871472869,1574175448,C,C (GCC 5.4.1),c,Accepted,1,128,570,
s156166016,p02982,u431125128,1574161938,Java,Java7 (OpenJDK 1.7.0),java,Runtime Error,104,20948,616,
s094478007,p02982,u896791216,1574143566,Python,Python (3.4.3),py,Accepted,17,3060,316,
s037195592,p02982,u914739916,1574135696,C++,C++14 (GCC 5.4.1),cpp,Accepted,1,256,765,
s452226155,p02982,u949981986,1574134270,Python,Python (3.4.3),py,Accepted,17,3060,352,
s391767313,p02982,u884163918,1574132178,C++,C++14 (GCC 5.4.1),cpp,Accepted,1,256,660,
s649007919,p02982,u952130512,1574131182,C++,C++14 (GCC 5.4.1),cpp,Accepted,1,256,509,
s819168755,p02982,u952130512,1574131094,C++,C++14 (GCC 5.4.1),cpp,Compile Error,,,525,
s736105496,p02982,u952130512,1574131061,C++,C++14 (GCC 5.4.1),cpp,Compile Error,,,523,
s148663424,p02982,u932319885,1574129634,C++,C++14 (GCC 5.4.1),cpp,Accepted,1,256,882,
s055310925,p02982,u932319885,1574129502,C++,C++14 (GCC 5.4.1),cpp,Wrong Answer,1,256,857,
s753021325,p02982,u932319885,1574129401,C++,C++14 (GCC 5.4.1),cpp,Runtime Error,98,256,857,
s880890964,p02982,u720390023,1574127059,Java,Java8 (OpenJDK 1.8.0),java,Accepted,110,21716,835,
s236276314,p02982,u720390023,1574127009,Java,Java8 (OpenJDK 1.8.0),java,Runtime Error,79,23380,850,
s953591640,p02982,u720390023,1574126074,Java,Java8 (OpenJDK 1.8.0),java,Wrong Answer,113,23252,776,
s753635130,p02982,u141574039,1574115313,Python,Python (3.4.3),py,Accepted,18,3064,342,
s445429307,p02982,u141574039,1574115100,Python,Python (3.4.3),py,Wrong Answer,17,3064,348,
s065312566,p02982,u141574039,1574114884,Python,Python (3.4.3),py,Wrong Answer,18,3064,344,
s718407106,p02982,u949927271,1574114246,Java,Java7 (OpenJDK 1.7.0),java,Accepted,110,22612,716,
s449736648,p02982,u077051605,1574111124,C++,C++14 (GCC 5.4.1),cpp,Accepted,1,256,603,
s119365612,p02982,u077051605,1574111030,C++,C++14 (GCC 5.4.1),cpp,Compile Error,,,570,
s466067323,p02982,u303616227,1574100819,Go,Go (1.6),go,Accepted,1,512,522,
s808078183,p02982,u423002653,1574068593,C++,C++14 (GCC 5.4.1),cpp,Accepted,1,256,697,
s728588095,p02982,u752949890,1574046692,C++,C++14 (GCC 5.4.1),cpp,Accepted,1,256,1267,
s122733423,p02982,u735069283,1574044606,Python,Python (3.4.3),py,Accepted,18,3064,285,
s810977851,p02982,u976833038,1574032765,C++,C++14 (GCC 5.4.1),cpp,Accepted,1,256,692,
s654177353,p02982,u599568485,1574030158,C++,C++14 (GCC 5.4.1),cpp,Accepted,1,256,542,
s285075599,p02982,u077051605,1574011934,C++,C++14 (GCC 5.4.1),cpp,Accepted,1,256,586,
s104918343,p02982,u077051605,1574011615,C++,C++14 (GCC 5.4.1),cpp,Wrong Answer,1,256,574,
s165705957,p02982,u951980350,1573969387,JavaScript,JavaScript (node.js v5.12),js,Wrong Answer,54,7500,703,
s122200343,p02982,u951980350,1573969234,JavaScript,JavaScript (node.js v5.12),js,Accepted,198,21192,672,
s583124206,p02982,u951980350,1573968946,JavaScript,JavaScript (node.js v5.12),js,Wrong Answer,202,22208,702,
s446194222,p02982,u951980350,1573968446,JavaScript,JavaScript (node.js v5.12),js,Runtime Error,54,11468,841,
s284195002,p02982,u951980350,1573968241,JavaScript,JavaScript (node.js v5.12),js,Wrong Answer,54,7500,838,
s372877632,p02982,u951980350,1573968094,JavaScript,JavaScript (node.js v5.12),js,Wrong Answer,206,21956,839,
s592141477,p02982,u951980350,1573967965,JavaScript,JavaScript (node.js v5.12),js,Wrong Answer,213,21064,582,
s963533064,p02982,u951980350,1573967841,JavaScript,JavaScript (node.js v5.12),js,Wrong Answer,197,21064,837,
s737619235,p02982,u380762346,1573965108,C++,C++14 (GCC 5.4.1),cpp,Accepted,1,256,1627,
s341229610,p02982,u106964380,1573955426,Ruby,Ruby (2.3.3),rb,Accepted,31,1788,282,
s650932813,p02982,u929199273,1573952189,C++,C++14 (GCC 5.4.1),cpp,Accepted,1,256,915,
s286679570,p02982,u356701928,1573940994,C++,C++14 (GCC 5.4.1),cpp,Accepted,1,256,483,
s672788902,p02982,u356701928,1573939480,Python,Python (3.4.3),py,Accepted,18,3060,268,
s477643983,p02982,u482982507,1573893435,C++,C++14 (GCC 5.4.1),cpp,Accepted,1,256,565,
s318325196,p02982,u401013791,1573881305,C++,C++14 (GCC 5.4.1),cpp,Accepted,1,256,986,
s497852897,p02982,u729535891,1573880029,Python,Python (3.4.3),py,Accepted,17,3064,329,
s139529791,p02982,u975658594,1573875002,C++,C++14 (GCC 5.4.1),cpp,Accepted,1,384,670,
s278687682,p02982,u975658594,1573874907,C++,C++14 (GCC 5.4.1),cpp,Wrong Answer,1,256,668,
s397534354,p02982,u435867227,1573874059,C++,C++14 (GCC 5.4.1),cpp,Accepted,1,256,815,
s080240315,p02982,u476054945,1573870550,C++,C++14 (GCC 5.4.1),cpp,Accepted,1,256,526,
s318712469,p02982,u476054945,1573870176,C++,C++14 (GCC 5.4.1),cpp,Wrong Answer,1,256,479,
s899748977,p02982,u329399746,1573858497,C++,C++14 (GCC 5.4.1),cpp,Accepted,1,256,1002,
s640296431,p02982,u509830642,1573854524,Python,Python (3.4.3),py,Accepted,302,18760,749,
s891462724,p02982,u254871849,1573844647,Python,Python (3.4.3),py,Accepted,18,3064,767,
s312387430,p02982,u442754977,1573835694,C++,C++14 (GCC 5.4.1),cpp,Accepted,1,256,548,
s032351866,p02982,u874947858,1573833936,C++,C++14 (GCC 5.4.1),cpp,Accepted,1,256,1586,
s835883290,p02982,u973240207,1573805469,Python,Python (3.4.3),py,Accepted,187,13404,701,
s982219679,p02982,u108484707,1573779566,C++,C++14 (GCC 5.4.1),cpp,Accepted,1,256,665,
s958398148,p02982,u108484707,1573778946,C++,C++14 (GCC 5.4.1),cpp,Compile Error,,,548,
s217139192,p02982,u108484707,1573778924,C++,C++14 (GCC 5.4.1),cpp,Compile Error,,,548,
s679382406,p02982,u930243369,1573772397,C++,C++14 (GCC 5.4.1),cpp,Accepted,1,256,374,
s340826779,p02982,u762420987,1573763271,Python,Python (3.4.3),py,Accepted,162,13236,326,
s473059390,p02982,u428922728,1573757428,Java,Java8 (OpenJDK 1.8.0),java,Accepted,169,26580,1159,
s188235619,p02982,u428922728,1573757212,Java,Java8 (OpenJDK 1.8.0),java,Accepted,167,28500,1121,
s352885678,p02982,u681444474,1573753838,Python,PyPy3 (2.4.0),py,Accepted,177,38384,451,
s165417240,p02982,u729911693,1573724476,Python,Python (3.4.3),py,Accepted,18,3064,296,
s111128097,p02982,u760718569,1573717294,Java,Java8 (OpenJDK 1.8.0),java,Accepted,107,21844,783,
s676520714,p02982,u760718569,1573716354,Java,Java8 (OpenJDK 1.8.0),java,Wrong Answer,103,22996,818,
s174460489,p02982,u090032260,1573705577,Python,Python (3.4.3),py,Accepted,18,3064,331,
s796621710,p02982,u090032260,1573705471,Python,Python (3.4.3),py,Wrong Answer,18,3064,339,
s170674187,p02982,u090032260,1573705308,Python,Python (3.4.3),py,Runtime Error,18,3064,337,
s924628851,p02982,u975485663,1573703873,Python,Python (3.4.3),py,Accepted,159,12500,336,
s287922987,p02982,u553932989,1573699214,C++,C++14 (GCC 5.4.1),cpp,Wrong Answer,1,256,1421,
s762229263,p02982,u742529680,1573673368,C++,C++14 (GCC 5.4.1),cpp,Accepted,1,256,1546,
s593122482,p02982,u159994501,1573672902,Python,Python (3.4.3),py,Accepted,18,3060,335,
s860914284,p02982,u491330513,1573672426,C++,C++14 (Clang 3.8.0),cpp,Accepted,1,256,738,
s009234260,p02982,u491330513,1573672064,C++,C++14 (Clang 3.8.0),cpp,Wrong Answer,1,256,737,
s277673611,p02982,u491330513,1573672029,C++,C++14 (Clang 3.8.0),cpp,Wrong Answer,1,256,736,
s508972117,p02982,u491330513,1573671692,C++,C++14 (Clang 3.8.0),cpp,Wrong Answer,1,256,740,
s626692766,p02982,u246639932,1573665879,C++,C++14 (GCC 5.4.1),cpp,Accepted,1,256,615,
s119780554,p02982,u523130469,1573665148,Python,PyPy3 (2.4.0),py,Accepted,163,38384,405,
s896540658,p02982,u637983859,1573663784,C++,C++14 (GCC 5.4.1),cpp,Accepted,1,256,3449,
s647036396,p02982,u185948224,1573647241,Python,Python (3.4.3),py,Accepted,18,3064,338,
s827447287,p02982,u526974618,1573612116,C++,C++14 (GCC 5.4.1),cpp,Accepted,1,256,634,
s182908659,p02982,u601082779,1573610585,Awk,Awk (mawk 1.3.3),awk,Accepted,1,256,205,
s446140166,p02982,u601082779,1573610472,Awk,Awk (mawk 1.3.3),awk,Wrong Answer,1,256,203,
s209515146,p02982,u601082779,1573610129,Awk,Awk (mawk 1.3.3),awk,Wrong Answer,1,256,228,
s113263486,p02982,u550061714,1573584711,Python,Python (3.4.3),py,Accepted,18,3060,353,
s229232452,p02982,u550061714,1573584169,Python,Python (3.4.3),py,Wrong Answer,17,3064,360,
s288387060,p02982,u550061714,1573584048,Python,Python (3.4.3),py,Wrong Answer,19,3064,360,
s186845392,p02982,u905248616,1573582988,Python,Python (3.4.3),py,Accepted,18,3188,610,
s494220200,p02982,u648324897,1573573985,C++,C++14 (GCC 5.4.1),cpp,Accepted,1,256,1539,
s053977318,p02982,u992297405,1573529687,TypeScript,TypeScript (2.1.6),ts,Accepted,53,7372,638,
s073791714,p02982,u138062788,1573526106,C++,C++14 (GCC 5.4.1),cpp,Accepted,1,256,643,
s255275351,p02982,u237380198,1573521215,C++,C++14 (GCC 5.4.1),cpp,Accepted,1,256,1514,
s610224706,p02982,u576917603,1573509963,Python,Python (3.4.3),py,Accepted,17,3064,315,
s928216565,p02982,u264508862,1573507733,Python,PyPy3 (2.4.0),py,Accepted,173,38768,254,
s026507368,p02982,u264508862,1573507707,Python,Python (3.4.3),py,Accepted,18,3060,254,
s042818628,p02982,u264508862,1573506610,Ruby,Ruby (2.3.3),rb,Accepted,8,3836,197,
s529228518,p02982,u999332340,1573504308,C++,C++14 (GCC 5.4.1),cpp,Accepted,2,384,727,
s416093243,p02982,u411771230,1573497762,C++,C++14 (GCC 5.4.1),cpp,Accepted,1,256,1468,
s324325990,p02982,u218315167,1573482151,C,C (GCC 5.4.1),c,Wrong Answer,1,128,642,
s211229388,p02982,u586598623,1573481613,C++,C++14 (GCC 5.4.1),cpp,Accepted,1,256,544,
s782909411,p02982,u218315167,1573481413,C,C (GCC 5.4.1),c,Wrong Answer,1,128,456,
s655551951,p02982,u218315167,1573481365,C,C (GCC 5.4.1),c,Wrong Answer,1,128,456,
s974526670,p02982,u218315167,1573481326,C,C (GCC 5.4.1),c,Wrong Answer,1,128,455,
s005806421,p02982,u879870653,1573443113,C++,C++14 (GCC 5.4.1),cpp,Accepted,1,256,714,
s809060497,p02982,u879870653,1573442959,C++,C++14 (GCC 5.4.1),cpp,Wrong Answer,1,256,713,
s164427407,p02982,u879870653,1573442864,C++,C++14 (GCC 5.4.1),cpp,Wrong Answer,1,256,713,
s445910495,p02982,u889817605,1573440724,C++,C++14 (GCC 5.4.1),cpp,Accepted,1,256,672,
s547620804,p02982,u543584809,1573439004,C++,C++14 (GCC 5.4.1),cpp,Accepted,1,256,748,
s115323655,p02982,u935984175,1573436862,Python,Python (3.4.3),py,Accepted,18,3064,518,
s929865110,p02982,u386089355,1573428225,Python,Python (3.4.3),py,Accepted,18,3064,362,
s406484870,p02982,u386089355,1573427925,Python,Python (3.4.3),py,Accepted,18,3064,371,
s260653505,p02982,u703912513,1573426709,C++,C++14 (GCC 5.4.1),cpp,Accepted,1,256,790,
s646910815,p02982,u682271925,1573420397,Python,Python (3.4.3),py,Accepted,153,12504,314,
s281511341,p02982,u120810144,1573418861,C++,C++14 (GCC 5.4.1),cpp,Accepted,1,256,1567,
s436227327,p02982,u564182781,1573417614,C++,C++14 (GCC 5.4.1),cpp,Accepted,1,256,907,
s796787997,p02982,u564182781,1573417267,C++,C++14 (GCC 5.4.1),cpp,Wrong Answer,1,256,906,
s685357272,p02982,u600935366,1573415033,Python,Python (3.4.3),py,Accepted,17,3064,350,
s111772249,p02982,u981687714,1573373923,C++,C++14 (GCC 5.4.1),cpp,Accepted,1,256,633,
s640246709,p02982,u651593570,1573373746,C++,C++14 (GCC 5.4.1),cpp,Accepted,1,256,659,
s248692822,p02982,u173178698,1573363138,Python,Python (3.4.3),py,Accepted,18,3188,348,
s334222929,p02982,u621374656,1573358181,C++,C++14 (GCC 5.4.1),cpp,Accepted,1,256,540,
s082725288,p02982,u621374656,1573358157,C++,C++14 (GCC 5.4.1),cpp,Compile Error,,,491,
s858598854,p02982,u012298376,1573330406,C++,C++14 (GCC 5.4.1),cpp,Accepted,1,256,542,
s669649732,p02982,u098923136,1573329556,C++,C++14 (GCC 5.4.1),cpp,Accepted,1,256,593,
s673539141,p02982,u831161882,1573307933,C++,C++14 (GCC 5.4.1),cpp,Wrong Answer,4,4352,451,
s480657487,p02982,u831161882,1573307795,C++,C++14 (GCC 5.4.1),cpp,Wrong Answer,2,6400,434,
s109001124,p02982,u033627628,1573268233,C++,C++14 (GCC 5.4.1),cpp,Accepted,1,256,731,
s727022148,p02982,u440566786,1573237036,Python,PyPy3 (2.4.0),py,Accepted,174,38384,466,
s813089243,p02982,u562002567,1573197942,Java,Java8 (OpenJDK 1.8.0),java,Accepted,92,23892,944,
s141049889,p02982,u683134447,1573194728,Python,PyPy3 (2.4.0),py,Accepted,164,38512,391,
s435822481,p02982,u955282280,1573189043,C++,C++14 (GCC 5.4.1),cpp,Compile Error,,,623,
s032930072,p02982,u955282280,1573188523,C++,C++14 (GCC 5.4.1),cpp,Compile Error,,,605,
s502221639,p02982,u167206842,1573188288,Java,Java8 (OpenJDK 1.8.0),java,Accepted,108,21972,802,
s957143302,p02982,u657208344,1573182311,C++,C++14 (GCC 5.4.1),cpp,Accepted,1,256,645,
s643729210,p02982,u564906058,1573181338,Python,Python (3.4.3),py,Accepted,18,3064,330,
s403397624,p02982,u680707192,1573176550,C++,C++14 (GCC 5.4.1),cpp,Accepted,2,256,508,
s903130011,p02982,u315078622,1573169283,Nim,Nim (0.13.0),nim,Accepted,1,256,2379,
s023989287,p02982,u700986952,1573169190,C++,C++14 (GCC 5.4.1),cpp,Accepted,2,256,880,
s243135750,p02982,u704625420,1573169123,C++,C++14 (GCC 5.4.1),cpp,Accepted,1,256,2188,
s013683866,p02982,u285358283,1573146978,C++,C++14 (GCC 5.4.1),cpp,Accepted,1,256,595,
s736411285,p02982,u902576227,1573136557,Java,Java8 (OpenJDK 1.8.0),java,Accepted,101,21972,1359,
s331932112,p02982,u977642052,1573132992,Python,Python (3.4.3),py,Accepted,18,3060,416,
s004133416,p02982,u454093752,1573106210,Python,Python (3.4.3),py,Accepted,18,3064,379,
s585677875,p02982,u597455618,1573102548,Python,Python (3.4.3),py,Accepted,18,3064,311,
s838518067,p02982,u597455618,1573102378,Python,Python (3.4.3),py,Runtime Error,18,3064,324,
s991405600,p02982,u745097373,1573102284,Python,Python (3.4.3),py,Accepted,77,5708,1892,
s510098062,p02982,u856205835,1573102025,C++,C++14 (GCC 5.4.1),cpp,Accepted,1,256,902,
s765314212,p02982,u856205835,1573101881,C++,C++14 (GCC 5.4.1),cpp,Wrong Answer,1,256,830,
s503661127,p02982,u601082779,1573089365,Scheme,Scheme (Gauche 0.9.3.3),scm,Accepted,17,4220,658,
s897524858,p02982,u601082779,1573089271,Scheme,Scheme (Gauche 0.9.3.3),scm,Runtime Error,39,7004,659,
s195644837,p02982,u440217234,1573087428,C++,C++14 (GCC 5.4.1),cpp,Accepted,1,256,671,
s124693257,p02982,u572559885,1573048835,C++,C++14 (GCC 5.4.1),cpp,Accepted,1,256,748,
s017717626,p02982,u898758114,1573022902,C++,C++14 (GCC 5.4.1),cpp,Accepted,1,256,706,
s100399564,p02982,u547754910,1573012044,C++,C++14 (GCC 5.4.1),cpp,Accepted,1,256,2194,
s538582580,p02982,u547754910,1573011954,C++,C++14 (GCC 5.4.1),cpp,Wrong Answer,2,256,2186,
s028748706,p02982,u657208344,1573011876,C++,C++14 (GCC 5.4.1),cpp,Wrong Answer,1,256,609,
s055883896,p02982,u294388467,1573009985,Ruby,Ruby (2.3.3),rb,Accepted,58,1788,592,
s428859759,p02982,u714724786,1573009943,Ruby,Ruby (2.3.3),rb,Accepted,57,3836,590,
s087035113,p02982,u013582910,1573008926,Python,Python (3.4.3),py,Accepted,17,3064,417,
s947634688,p02982,u652514766,1572984161,Python,Python (3.4.3),py,Runtime Error,17,3064,556,
s988348375,p02982,u422673384,1572966210,Python,Python (3.4.3),py,Accepted,18,3064,410,
s142073754,p02982,u422673384,1572966098,Python,Python (3.4.3),py,Wrong Answer,17,3064,401,
s844640719,p02982,u422673384,1572965920,Python,Python (3.4.3),py,Wrong Answer,17,3064,344,
s398185992,p02982,u959888075,1572934985,C#,C# (Mono 4.6.2.0),cs,Accepted,32,13664,5136,
s685652044,p02982,u325264482,1572932490,Python,Python (3.4.3),py,Accepted,150,12500,308,
s582665180,p02982,u325264482,1572932441,Python,PyPy3 (2.4.0),py,Runtime Error,171,38256,308,
s010831274,p02982,u620806894,1572925255,Python,Python (3.4.3),py,Accepted,17,3064,342,
s044107773,p02982,u902409225,1572922844,Go,Go (1.6),go,Accepted,1,512,514,
s701343621,p02982,u117734686,1572917703,C++,C++14 (GCC 5.4.1),cpp,Accepted,1,256,514,
s951604482,p02982,u711620077,1572916865,Java,Java8 (OpenJDK 1.8.0),java,Accepted,100,23764,961,
s058934398,p02982,u914330401,1572915949,Python,Python (3.4.3),py,Accepted,18,3064,445,
s000367620,p02982,u482785341,1572910446,C++,C++14 (GCC 5.4.1),cpp,Accepted,1,256,662,
s516303195,p02982,u482785341,1572909602,C++,C++14 (GCC 5.4.1),cpp,Wrong Answer,1,256,671,
s075891671,p02982,u195132800,1572838290,C++,C++14 (GCC 5.4.1),cpp,Accepted,1,256,673,
s837541248,p02982,u280552586,1572831018,Python,Python (3.4.3),py,Accepted,18,3060,293,
s468488752,p02982,u280552586,1572830358,Python,Python (3.4.3),py,Accepted,17,3064,333,
s543068563,p02982,u439918693,1572825920,Python,Python (3.4.3),py,Accepted,18,3064,373,
s593026783,p02982,u439918693,1572825874,Python,Python (3.4.3),py,Wrong Answer,18,3064,408,
s877792150,p02982,u439918693,1572825799,Python,Python (3.4.3),py,Runtime Error,18,3064,396,
s529405926,p02982,u097317219,1572821981,Python,PyPy3 (2.4.0),py,Accepted,168,38512,309,
s168077234,p02982,u659222664,1572817382,C++,C++14 (GCC 5.4.1),cpp,Accepted,1,256,630,
s523741470,p02982,u882039496,1572809041,C++,C++14 (GCC 5.4.1),cpp,Accepted,1,256,509,
s372261875,p02982,u346527636,1572804625,Python,PyPy3 (2.4.0),py,Accepted,172,38256,475,
s074627661,p02982,u346527636,1572804592,Python,PyPy3 (2.4.0),py,Runtime Error,179,38256,462,
s780562261,p02982,u920254817,1572802331,C++,C++14 (GCC 5.4.1),cpp,Accepted,1,256,545,
s037128996,p02982,u422633119,1572800926,C++,C++14 (GCC 5.4.1),cpp,Accepted,1,256,1079,
s975089726,p02982,u932417742,1572793651,Ruby,Ruby (2.3.3),rb,Accepted,7,3836,383,
s686530095,p02982,u416650504,1572788586,C#,C# (Mono 4.6.2.0),cs,Accepted,24,13396,1069,
s035476593,p02982,u045167427,1572786963,C++,C++14 (GCC 5.4.1),cpp,Accepted,1,256,694,
s276917059,p02982,u837542104,1572785798,C++,C++14 (GCC 5.4.1),cpp,Accepted,1,256,786,
s541602969,p02982,u932417742,1572757561,Ruby,Ruby (2.3.3),rb,Wrong Answer,7,1788,345,
s384733375,p02982,u045909335,1572753240,Python,Python (3.4.3),py,Accepted,18,3064,312,
s370980567,p02982,u087468647,1572728118,C++,C++14 (GCC 5.4.1),cpp,Accepted,1,256,798,
s627093409,p02982,u087468647,1572728019,C++,C++14 (GCC 5.4.1),cpp,Wrong Answer,1,256,796,
s296487645,p02982,u381755004,1572713671,C++,C++14 (GCC 5.4.1),cpp,Accepted,1,256,557,
s568633743,p02982,u633000076,1572638526,Python,Python (3.4.3),py,Accepted,18,3064,289,
s502678773,p02982,u348868667,1572633048,Python,Python (3.4.3),py,Accepted,151,12504,375,
s436347456,p02982,u796408111,1572625922,C++,C++14 (GCC 5.4.1),cpp,Accepted,1,256,4379,
s363461079,p02982,u045289115,1572604490,C++,C++14 (GCC 5.4.1),cpp,Accepted,1,256,587,
s088491298,p02982,u045289115,1572603973,C++,C++14 (GCC 5.4.1),cpp,Accepted,1,256,739,
s996938338,p02982,u045289115,1572603110,C++,C++14 (GCC 5.4.1),cpp,Accepted,1,256,750,
s485000016,p02982,u268792407,1572584997,Python,Python (3.4.3),py,Accepted,150,12424,334,
s456189991,p02982,u136930834,1572566713,C++,C++14 (GCC 5.4.1),cpp,Accepted,1,256,892,
s172259683,p02982,u332519995,1572566624,C++,C++14 (GCC 5.4.1),cpp,Accepted,1,256,531,
s075421926,p02982,u116233709,1572548637,Python,Python (3.4.3),py,Accepted,18,3064,327,
s217660533,p02982,u116233709,1572548511,Python,Python (3.4.3),py,Wrong Answer,18,3064,293,
s655743670,p02982,u116233709,1572547619,Python,Python (3.4.3),py,Wrong Answer,18,3060,299,
s480257752,p02982,u116233709,1572547534,Python,Python (3.4.3),py,Runtime Error,17,2940,301,
s606966741,p02982,u116233709,1572547402,Python,Python (3.4.3),py,Runtime Error,17,3064,310,
s686895127,p02982,u530844517,1572545406,Python,PyPy3 (2.4.0),py,Accepted,168,38384,355,
s984122815,p02982,u686303803,1572531049,Awk,Awk (mawk 1.3.3),awk,Accepted,6,380,274,
s153616955,p02982,u686303803,1572530959,Awk,Awk (mawk 1.3.3),awk,Wrong Answer,1,256,266,
s077327144,p02982,u554269352,1572528485,Go,Go (1.6),go,Accepted,1,512,570,
s422691523,p02982,u554269352,1572527712,Go,Go (1.6),go,Accepted,2,1024,9312,
s684631948,p02982,u390793752,1572499988,Python,Python (3.4.3),py,Accepted,18,3064,583,
s236757006,p02982,u077291787,1572487136,Python,Python (3.4.3),py,Accepted,17,3064,366,
s979487084,p02982,u700705777,1572480104,Python,Python (3.4.3),py,Accepted,18,3064,321,
s702271011,p02982,u090866616,1572475651,C++,C++14 (Clang 3.8.0),cpp,Accepted,1,256,659,
s717796625,p02982,u679159704,1572472513,C++,C++14 (GCC 5.4.1),cpp,Accepted,1,256,624,
s141041248,p02982,u877494916,1572464575,C++,C++14 (GCC 5.4.1),cpp,Accepted,1,256,552,
s730351340,p02982,u930257418,1572458978,D,D (DMD64 v2.070.1),d,Accepted,1,256,618,
s894481687,p02982,u930257418,1572458938,D,D (DMD64 v2.070.1),d,Compile Error,,,618,
s202402389,p02982,u053856575,1572449392,Python,Python (3.4.3),py,Accepted,18,3064,288,
s348322599,p02982,u508355276,1572411666,C++,C++14 (GCC 5.4.1),cpp,Accepted,1,256,601,
s734261917,p02982,u508355276,1572410385,C++,C++14 (GCC 5.4.1),cpp,Wrong Answer,1,256,537,
s969685185,p02982,u764013649,1572409566,C++,C++14 (GCC 5.4.1),cpp,Accepted,1,256,744,
s147923943,p02982,u831752983,1572388527,Python,Python (3.4.3),py,Wrong Answer,18,3064,305,
s958304124,p02982,u831752983,1572388306,Python,Python (3.4.3),py,Wrong Answer,18,3064,298,
s631209257,p02982,u105791541,1572384464,Python,Python (3.4.3),py,Accepted,18,3060,266,
s300302599,p02982,u191085802,1572382963,C++,C++14 (GCC 5.4.1),cpp,Accepted,1,256,492,
s872331259,p02982,u504800764,1572362237,C++,C++14 (GCC 5.4.1),cpp,Accepted,1,256,514,
s478517731,p02982,u034663022,1572357274,Python,Python (3.4.3),py,Accepted,18,3064,373,
s413849519,p02982,u034663022,1572354119,Python,Python (3.4.3),py,Wrong Answer,17,3064,422,
s385955136,p02982,u854175276,1572339409,Python,PyPy3 (2.4.0),py,Accepted,177,38256,475,
s478737708,p02982,u505466816,1572305215,C++,C++14 (GCC 5.4.1),cpp,Accepted,1,256,681,
s755617673,p02982,u505466816,1572304630,C++,C++14 (GCC 5.4.1),cpp,Wrong Answer,1,256,607,
s430935121,p02982,u490553751,1572300746,C++,C++14 (GCC 5.4.1),cpp,Compile Error,,,15,
s872528788,p02982,u358388458,1572298457,C++,C++14 (GCC 5.4.1),cpp,Accepted,1,256,556,
s648759138,p02982,u358388458,1572297592,C++,C++14 (GCC 5.4.1),cpp,Accepted,1,256,556,
s823540940,p02982,u523545435,1572297301,Python,Python (3.4.3),py,Accepted,18,3064,441,
s303948767,p02982,u523545435,1572297255,Python,Python (3.4.3),py,Wrong Answer,18,3064,439,
s219633154,p02982,u981304949,1572223665,Python,Python (3.4.3),py,Accepted,17,3064,306,
s198722169,p02982,u981304949,1572223481,Python,Python (3.4.3),py,Wrong Answer,20,3316,310,
s014998385,p02982,u981304949,1572223125,Python,Python (3.4.3),py,Wrong Answer,21,3316,317,
s185048343,p02982,u981304949,1572222014,Python,Python (3.4.3),py,Wrong Answer,18,3064,321,
s488979768,p02982,u931071094,1572217594,C++,C++14 (GCC 5.4.1),cpp,Accepted,1,256,740,
s896169163,p02982,u094746828,1572209381,C++,C++14 (GCC 5.4.1),cpp,Accepted,1,256,685,
s697110118,p02982,u802341442,1572202985,Python,Python (3.4.3),py,Wrong Answer,17,3188,412,
s039931676,p02982,u802341442,1572202422,Python,Python (3.4.3),py,Accepted,18,3064,412,
s146895190,p02982,u802341442,1572202242,Python,Python (3.4.3),py,Wrong Answer,18,3064,380,
s213975184,p02982,u861345985,1572144961,C++,C++14 (GCC 5.4.1),cpp,Accepted,1,256,1104,
s595463117,p02982,u867848444,1572140412,Python,Python (3.4.3),py,Accepted,18,3064,328,
s951972325,p02982,u867848444,1572139810,Python,Python (3.4.3),py,Wrong Answer,18,3064,297,
s502839832,p02982,u867848444,1572139275,Python,Python (3.4.3),py,Wrong Answer,17,3064,295,
s647236159,p02982,u445401544,1572135497,C++,C++14 (GCC 5.4.1),cpp,Accepted,1,256,561,
s494266205,p02982,u025287757,1572112470,Python,Python (3.4.3),py,Accepted,152,12452,312,
s097205517,p02982,u331197998,1572087110,C++,C++14 (GCC 5.4.1),cpp,Accepted,1,256,566,
s796240589,p02982,u713019978,1572052276,D,D (DMD64 v2.070.1),d,Accepted,1,256,622,
s940964976,p02982,u267265758,1572030808,C++,C++14 (GCC 5.4.1),cpp,Accepted,1,256,592,
s894728097,p02982,u351547048,1572028734,C++,C++14 (GCC 5.4.1),cpp,Accepted,1,256,739,
s977268432,p02982,u829407811,1572008126,Scala,Scala (2.11.7),scala,Accepted,389,25792,569,
s876437731,p02982,u370608397,1571981383,F#,F# (Mono 4.0),fs,Accepted,50,14288,536,
s180097568,p02982,u551144476,1571977249,Java,Java8 (OpenJDK 1.8.0),java,Accepted,96,21716,759,
s426191563,p02982,u937275419,1571976447,C++,C++14 (GCC 5.4.1),cpp,Accepted,2,256,443,
s513068669,p02982,u937275419,1571976405,C++,C++14 (GCC 5.4.1),cpp,Wrong Answer,1,256,442,
s778805119,p02982,u937275419,1571976331,C++,C++14 (GCC 5.4.1),cpp,Wrong Answer,1,256,441,
s206564686,p02982,u937275419,1571976108,C++,C++14 (GCC 5.4.1),cpp,Wrong Answer,1,256,441,
s570864190,p02982,u399819590,1571971816,C++,C++14 (GCC 5.4.1),cpp,Accepted,1,256,545,
s440079271,p02982,u652583512,1571968784,Python,Python (3.4.3),py,Accepted,19,3188,363,
s072590089,p02982,u144029820,1571961924,C++,C++14 (GCC 5.4.1),cpp,Accepted,1,256,567,
s312762657,p02982,u144029820,1571961800,C++,C++14 (GCC 5.4.1),cpp,Wrong Answer,2103,256,570,
s045333687,p02982,u144029820,1571960668,C++,C++14 (GCC 5.4.1),cpp,Wrong Answer,2103,256,556,
s384017074,p02982,u790502959,1571959506,C++,C++14 (GCC 5.4.1),cpp,Accepted,1,256,830,
s476395898,p02982,u746419473,1571957542,Python,Python (3.4.3),py,Accepted,18,3064,301,
s769271248,p02982,u632953742,1571949640,Java,Java8 (OpenJDK 1.8.0),java,Accepted,111,21972,1923,
s994592332,p02982,u025469035,1571943827,C++,C++14 (GCC 5.4.1),cpp,Accepted,1,256,588,
s861081219,p02982,u473403559,1571907698,C++,C++14 (GCC 5.4.1),cpp,Accepted,1,256,477,
s672637330,p02982,u982721693,1571884356,C++,C++14 (GCC 5.4.1),cpp,Accepted,1,256,799,
s353178376,p02982,u103357948,1571881715,C++,C++14 (GCC 5.4.1),cpp,Accepted,1,128,789,
s331462286,p02982,u256464928,1571880796,Python,Python (3.4.3),py,Accepted,18,3064,279,
s973735699,p02982,u844005364,1571875464,C++,C++14 (GCC 5.4.1),cpp,Accepted,1,256,625,
s316355062,p02982,u844005364,1571875359,C++,C++14 (GCC 5.4.1),cpp,Accepted,1,256,636,
s885310692,p02982,u844005364,1571875031,C++,C++14 (GCC 5.4.1),cpp,Wrong Answer,1,256,571,
s387785814,p02982,u934402094,1571865604,C++,C++14 (GCC 5.4.1),cpp,Accepted,1,256,533,
s778483346,p02982,u482982507,1571861826,C,C (GCC 5.4.1),c,Accepted,1,128,560,
s458569043,p02982,u624417383,1571856532,C++,C++14 (GCC 5.4.1),cpp,Accepted,1,256,1473,
s014298538,p02982,u700582632,1571833150,C#,C# (Mono 4.6.2.0),cs,Accepted,25,11476,11022,
s026780069,p02982,u945233433,1571798198,Python,Python (3.4.3),py,Accepted,149,12404,300,
s157731302,p02982,u764600134,1571797831,Python,Python (3.4.3),py,Accepted,18,3188,541,
s866817601,p02982,u945233433,1571794635,Python,Python (3.4.3),py,Accepted,149,12496,296,
s767844901,p02982,u338550320,1571786042,C++,C++14 (GCC 5.4.1),cpp,Accepted,1,256,754,
s979485561,p02982,u697641414,1571782592,C++,C++14 (GCC 5.4.1),cpp,Accepted,1,256,852,
s219063779,p02982,u513081876,1571774040,Python,Python (3.4.3),py,Accepted,18,3188,321,
s309304794,p02982,u513081876,1571773927,C++,C++14 (GCC 5.4.1),cpp,Compile Error,,,328,
s819756177,p02982,u696290869,1571760346,C++,C++14 (Clang 3.8.0),cpp,Accepted,1,256,856,
s844159661,p02982,u593934357,1571757513,Python,PyPy3 (2.4.0),py,Accepted,165,38384,574,
s859134150,p02982,u492030100,1571757323,C++,C++14 (GCC 5.4.1),cpp,Accepted,1,256,1087,
s787340749,p02982,u617380180,1571757155,Scheme,Scheme (Gauche 0.9.3.3),scm,Wrong Answer,16,4220,291,
s619211385,p02982,u754022296,1571745372,Python,Python (3.4.3),py,Accepted,18,3064,329,
s714113148,p02982,u691380397,1571723604,C++,C++14 (GCC 5.4.1),cpp,Accepted,1,256,1182,
s680389555,p02982,u977925575,1571721062,C++,C++14 (GCC 5.4.1),cpp,Accepted,1,256,923,
s219570770,p02982,u500006160,1571719814,Python,Python (3.4.3),py,Accepted,18,3064,379,
s772071651,p02982,u017415492,1571714535,Python,Python (3.4.3),py,Accepted,18,3064,323,
s947781577,p02982,u726450206,1571704312,C++,C++14 (GCC 5.4.1),cpp,Accepted,3,640,544,
s929381248,p02982,u010767665,1571682582,C++,C++14 (GCC 5.4.1),cpp,Accepted,2,768,3263,
s480539062,p02982,u066120889,1571668242,C++,C++ (GCC 5.4.1),cpp,Accepted,3,512,843,
s754162166,p02982,u275797573,1571648046,C++,C++14 (GCC 5.4.1),cpp,Accepted,1,256,1667,
s663362414,p02982,u992465933,1571606849,Python,Python (3.4.3),py,Accepted,17,3064,510,
s952701438,p02982,u358254559,1571602182,Python,PyPy3 (2.4.0),py,Accepted,179,38384,392,
s019154374,p02982,u837233010,1571589745,C++,C++14 (GCC 5.4.1),cpp,Accepted,1,256,1180,
s090847017,p02982,u726187349,1571551392,C++,C++14 (Clang 3.8.0),cpp,Accepted,1,256,754,
s905694396,p02982,u176979814,1571532066,C++,C++14 (GCC 5.4.1),cpp,Accepted,9,1020,652,
s723605263,p02982,u450922311,1571521899,C++,C++14 (GCC 5.4.1),cpp,Accepted,1,256,3542,
s898345066,p02982,u801513186,1571521528,C++,C++14 (GCC 5.4.1),cpp,Accepted,2,256,1180,
s112068718,p02982,u105533331,1571516812,C++,C++14 (GCC 5.4.1),cpp,Wrong Answer,1,256,450,
s570109852,p02982,u849975039,1571509096,Java,Java8 (OpenJDK 1.8.0),java,Accepted,107,21972,779,
s014672378,p02982,u559021558,1571476328,C++,C++14 (GCC 5.4.1),cpp,Accepted,1,256,1089,
s908432394,p02982,u958303771,1571468486,C++,C++14 (GCC 5.4.1),cpp,Accepted,1,256,737,
s502746075,p02982,u965436898,1571463930,Python,Python (3.4.3),py,Accepted,18,3064,506,
s720897221,p02982,u965436898,1571463610,Python,Python (3.4.3),py,Wrong Answer,18,3064,502,
s016197467,p02982,u965436898,1571463165,Python,Python (3.4.3),py,Wrong Answer,18,3064,498,
s382348331,p02982,u376099073,1571458487,Python,Python (3.4.3),py,Accepted,18,3060,302,
s877543902,p02982,u396961814,1571454647,Python,Python (3.4.3),py,Accepted,18,3064,393,
s270281026,p02982,u991692050,1571454161,C++,C++14 (Clang 3.8.0),cpp,Accepted,9,888,1435,
s972851065,p02982,u634999820,1571453293,C++,C++14 (GCC 5.4.1),cpp,Accepted,1,256,711,
s290812670,p02982,u079022116,1571409029,Java,Java8 (OpenJDK 1.8.0),java,Accepted,106,21844,563,
s720855517,p02982,u079022116,1571408942,Java,Java8 (OpenJDK 1.8.0),java,Compile Error,,,571,
s852329179,p02982,u159663513,1571384315,C++,C++14 (GCC 5.4.1),cpp,Accepted,1,256,728,
s749772570,p02982,u159663513,1571383602,C++,C++14 (GCC 5.4.1),cpp,Wrong Answer,1,256,637,
s580048937,p02982,u753682919,1571374340,Python,Python (3.4.3),py,Accepted,20,3060,252,
s765946353,p02982,u753682919,1571374141,Python,Python (3.4.3),py,Wrong Answer,18,3060,251,
s795075778,p02982,u753682919,1571373884,Python,Python (3.4.3),py,Wrong Answer,18,3060,253,
s836413432,p02982,u620269708,1571370537,C++,C++14 (GCC 5.4.1),cpp,Accepted,1,256,646,
s643829811,p02982,u620269708,1571370495,C++,C++14 (GCC 5.4.1),cpp,Accepted,1,256,626,
s383397482,p02982,u620269708,1571370444,C++,C++14 (GCC 5.4.1),cpp,Accepted,1,256,624,
s181869065,p02982,u620269708,1571370378,C++,C++14 (GCC 5.4.1),cpp,Accepted,1,256,631,
s033104151,p02982,u999989620,1571369635,C++,C++14 (GCC 5.4.1),cpp,Accepted,1,256,598,
s407556919,p02982,u159663513,1571366252,C++,C++14 (GCC 5.4.1),cpp,Wrong Answer,1,256,549,
s451528010,p02982,u644568158,1571363645,C++,C++14 (GCC 5.4.1),cpp,Accepted,1,256,954,
s754845833,p02982,u488127128,1571342004,Python,Python (3.4.3),py,Accepted,17,3064,442,
s794089722,p02982,u488127128,1571341807,Python,Python (3.4.3),py,Runtime Error,18,3064,443,
s088507905,p02982,u488127128,1571341742,Python,Python (3.4.3),py,Accepted,18,3188,425,
s919938467,p02982,u871049538,1571340902,C++,C++14 (GCC 5.4.1),cpp,Accepted,1,256,714,
s645417679,p02982,u429911069,1571334826,C++,C++14 (GCC 5.4.1),cpp,Accepted,1,256,721,
s292818291,p02982,u720124072,1571334349,Python,Python (3.4.3),py,Accepted,18,3064,313,
s785984550,p02982,u984664611,1571313844,Python,Python (3.4.3),py,Accepted,17,3060,323,
s479915605,p02982,u131406572,1571304758,Python,Python (3.4.3),py,Accepted,18,3064,327,
s416221304,p02982,u961674365,1571274232,Python,Python (3.4.3),py,Accepted,18,3064,295,
s961021193,p02982,u961674365,1571274032,Python,Python (3.4.3),py,Wrong Answer,18,3064,279,
s341736559,p02982,u488127128,1571272902,Python,Python (3.4.3),py,Accepted,18,3064,420,
s299468979,p02982,u488127128,1571272453,Python,Python (3.4.3),py,Wrong Answer,17,3064,472,
s385941108,p02982,u355545160,1571272059,C++,C++14 (GCC 5.4.1),cpp,Accepted,1,256,515,
s122415933,p02982,u488127128,1571271645,Python,Python (3.4.3),py,Wrong Answer,17,3188,476,
s119077739,p02982,u795630164,1571193596,Python,Python (3.4.3),py,Accepted,18,3060,325,
s178381945,p02982,u920254817,1571188708,Python,Python (3.4.3),py,Accepted,18,3064,348,
s835084522,p02982,u829908012,1571183961,Python,Python (3.4.3),py,Accepted,20,3188,300,
s721069864,p02982,u041335584,1571169779,Python,Python (3.4.3),py,Accepted,18,3064,341,
s697903846,p02982,u490623664,1571159650,Python,Python (3.4.3),py,Accepted,18,3060,269,
s304690189,p02982,u572012241,1571119925,Python,Python (3.4.3),py,Runtime Error,155,14520,361,
s946359284,p02982,u572012241,1571119802,Python,Python (3.4.3),py,Runtime Error,151,12504,284,
s409441133,p02982,u572012241,1571119749,Python,Python (3.4.3),py,Runtime Error,357,21912,287,
s449587500,p02982,u086672186,1571112696,C++,C++14 (GCC 5.4.1),cpp,Accepted,1,256,1174,
s075262498,p02982,u212083331,1571094893,C++,C++14 (Clang 3.8.0),cpp,Accepted,1,256,682,
s397210895,p02982,u226912938,1571090549,Python,Python (3.4.3),py,Accepted,150,12496,450,
s553828921,p02982,u978252828,1571085563,Python,Python (3.4.3),py,Accepted,18,3064,375,
s777247829,p02982,u215743476,1571080207,Python,Python (3.4.3),py,Accepted,18,3064,369,
s412269435,p02982,u550605178,1571064407,C,C (GCC 5.4.1),c,Accepted,1,128,422,
s749270783,p02982,u102461423,1571048407,Python,Python (3.4.3),py,Wrong Answer,151,12668,367,
s432493628,p02982,u684204084,1571025057,Python,Python (3.4.3),py,Accepted,48,3064,331,
s709997809,p02982,u232711814,1571023099,C++,C++14 (GCC 5.4.1),cpp,Accepted,1,256,618,
s983952614,p02982,u158778550,1571000862,Python,Python (3.4.3),py,Accepted,17,3064,306,
s785584848,p02982,u922449550,1570993069,Python,Python (3.4.3),py,Accepted,150,12504,245,
s639926776,p02982,u519336948,1570961068,C++,C++14 (GCC 5.4.1),cpp,Accepted,1,256,1258,
s289430389,p02982,u530329977,1570939108,C++,C++14 (GCC 5.4.1),cpp,Accepted,1,256,511,
s073745336,p02982,u530329977,1570938749,C++,C++14 (GCC 5.4.1),cpp,Wrong Answer,1,256,510,
s567010153,p02982,u204523044,1570929592,C++,C++14 (Clang 3.8.0),cpp,Accepted,2,256,494,
s682783669,p02982,u565868811,1570927995,Python,Python (3.4.3),py,Accepted,18,3060,272,
s207704112,p02982,u565868811,1570927813,Python,Python (3.4.3),py,Wrong Answer,18,3060,272,
s362804430,p02982,u565868811,1570927553,Python,Python (3.4.3),py,Runtime Error,17,3060,274,
s347117878,p02982,u450007962,1570926156,C++,C++14 (GCC 5.4.1),cpp,Accepted,1,256,659,
s343617058,p02982,u470286613,1570892237,Python,Python (3.4.3),py,Accepted,18,3064,300,
s243829450,p02982,u367130284,1570843306,C++,C++14 (GCC 5.4.1),cpp,Accepted,1,384,2924,
s908364577,p02982,u127314985,1570831475,C++,C++14 (GCC 5.4.1),cpp,Accepted,1,256,515,
s572160862,p02982,u842634123,1570806857,Java,Java8 (OpenJDK 1.8.0),java,Accepted,111,23764,598,
s714852505,p02982,u579508806,1570790008,Python,Python (3.4.3),py,Accepted,19,3060,325,
s569832574,p02982,u579508806,1570789337,Python,Python (3.4.3),py,Runtime Error,18,3064,305,
s716792936,p02982,u729217226,1570777849,C++,C++14 (GCC 5.4.1),cpp,Accepted,1,256,1204,
s873964989,p02982,u353919145,1570771500,C++,C++14 (GCC 5.4.1),cpp,Accepted,1,256,859,
s672316514,p02982,u863370423,1570771363,C++,C++14 (GCC 5.4.1),cpp,Accepted,1,256,867,
s770850564,p02982,u726604439,1570768526,C++,C++14 (GCC 5.4.1),cpp,Accepted,1,256,629,
s858955875,p02982,u817523595,1570765140,C++,C++14 (GCC 5.4.1),cpp,Accepted,1,256,897,
s569994173,p02982,u006576567,1570757918,C++,C++14 (GCC 5.4.1),cpp,Accepted,1,256,712,
s627374505,p02982,u888223320,1570755860,Python,Python (3.4.3),py,Accepted,39,3064,371,
s460427118,p02982,u291873788,1570741247,C++,C++14 (GCC 5.4.1),cpp,Accepted,1,256,614,
s188893614,p02982,u367147039,1570725501,Python,Python (3.4.3),py,Accepted,38,3064,368,
s992860349,p02982,u367147039,1570725426,Python,Python (3.4.3),py,Wrong Answer,37,3064,386,
s176189534,p02982,u367147039,1570725327,Python,Python (3.4.3),py,Wrong Answer,39,3064,588,
s984295469,p02982,u573754721,1570717819,Python,Python (3.4.3),py,Accepted,17,3060,330,
s707759713,p02982,u573754721,1570716542,Python,Python (3.4.3),py,Wrong Answer,18,3060,307,
s944047449,p02982,u407630908,1570715034,Java,Java8 (OpenJDK 1.8.0),java,Accepted,115,21844,959,
s827115970,p02982,u407630908,1570711970,Java,Java8 (OpenJDK 1.8.0),java,Wrong Answer,110,21844,987,
s126068576,p02982,u023463844,1570685050,C++,C++14 (GCC 5.4.1),cpp,Accepted,1,256,558,
s574709076,p02982,u522506260,1570673603,C++,C++14 (GCC 5.4.1),cpp,Accepted,1,256,440,
s357402264,p02982,u522506260,1570673522,C++,C++14 (GCC 5.4.1),cpp,Accepted,1,256,482,
s419469034,p02982,u522506260,1570673265,C++,C++14 (GCC 5.4.1),cpp,Wrong Answer,1,256,458,
s417941765,p02982,u522506260,1570673203,C++,C++14 (GCC 5.4.1),cpp,Wrong Answer,1,256,441,
s647428689,p02982,u522506260,1570673151,C++,C++14 (GCC 5.4.1),cpp,Compile Error,,,453,
s561901484,p02982,u522506260,1570673011,C++,C++14 (GCC 5.4.1),cpp,Compile Error,,,459,
s015913083,p02982,u522506260,1570672958,C++,C++14 (GCC 5.4.1),cpp,Compile Error,,,463,
s043157003,p02982,u522506260,1570672936,C++,C++14 (GCC 5.4.1),cpp,Compile Error,,,459,
s386622533,p02982,u234631479,1570672885,Python,Python (3.4.3),py,Accepted,17,3064,269,
s471289271,p02982,u522506260,1570672861,C++,C++14 (GCC 5.4.1),cpp,Compile Error,,,459,
s963965693,p02982,u522506260,1570672840,C++,C++14 (GCC 5.4.1),cpp,Compile Error,,,459,
s220654811,p02982,u522506260,1570672796,C++,C++14 (GCC 5.4.1),cpp,Compile Error,,,526,
s607214787,p02982,u727787724,1570668493,Python,Python (3.4.3),py,Accepted,18,3188,434,
s884892026,p02982,u573754721,1570656525,Python,Python (3.4.3),py,Wrong Answer,18,3060,274,
s804638668,p02982,u844640682,1570641444,C++,C++14 (GCC 5.4.1),cpp,Accepted,1,256,599,
s509822327,p02982,u865191802,1570636228,Python,Python (3.4.3),py,Accepted,18,3064,327,
s055459842,p02982,u441823651,1570623054,Python,Python (3.4.3),py,Accepted,31,3060,316,
s296337180,p02982,u756604554,1570598143,Python,Python (3.4.3),py,Accepted,17,3064,448,
s692287352,p02982,u770238087,1570594540,Go,Go (1.6),go,Accepted,8,2816,2402,
s910155081,p02982,u770238087,1570594188,Go,Go (1.6),go,Compile Error,,,2342,
s717591328,p02982,u433048345,1570577281,C++,C++14 (GCC 5.4.1),cpp,Accepted,3,512,589,
s302088526,p02982,u991269553,1570575510,Python,Python (3.4.3),py,Wrong Answer,18,3060,290,
s168771696,p02982,u991269553,1570575092,Python,Python (3.4.3),py,Wrong Answer,18,3060,298,
s787650600,p02982,u991269553,1570575059,Python,Python (3.4.3),py,Accepted,18,3188,335,
s679652558,p02982,u991269553,1570575021,Python,Python (3.4.3),py,Runtime Error,18,2940,334,
s952262454,p02982,u991269553,1570571540,Python,Python (3.4.3),py,Wrong Answer,18,3064,280,
s501434906,p02982,u196629968,1570565472,C++,C++14 (GCC 5.4.1),cpp,Accepted,1,384,663,
s073042263,p02982,u196629968,1570564672,C++,C++14 (GCC 5.4.1),cpp,Runtime Error,99,256,661,
s992058140,p02982,u067062087,1570554998,C,C (GCC 5.4.1),c,Accepted,1,128,620,
s673927411,p02982,u067062087,1570554809,C,C (GCC 5.4.1),c,Wrong Answer,1,128,624,
s586875806,p02982,u576927476,1570554200,C,C (GCC 5.4.1),c,Accepted,1,128,542,
s102844672,p02982,u679014636,1570507441,C++,C++14 (GCC 5.4.1),cpp,Accepted,1,256,902,
s919074878,p02982,u882037708,1570504161,C++,C++14 (GCC 5.4.1),cpp,Accepted,1,256,680,
s936448744,p02982,u135358384,1570501170,C++,C++14 (GCC 5.4.1),cpp,Accepted,1,256,1390,
s883950031,p02982,u786283792,1570500190,C++,C++14 (GCC 5.4.1),cpp,Accepted,1,256,976,
s576198613,p02982,u386170566,1570499364,Python,Python (3.4.3),py,Accepted,18,3064,335,
s574000674,p02982,u194225526,1570490597,Java,Java8 (OpenJDK 1.8.0),java,Accepted,104,21460,1380,
s610970680,p02982,u553055160,1570483378,Python,Python (3.4.3),py,Accepted,20,3188,720,
s001445560,p02982,u187205913,1570462628,Python,PyPy3 (2.4.0),py,Accepted,168,38256,361,
s280114145,p02982,u724844363,1570460993,Python,Python (3.4.3),py,Accepted,19,3064,523,
s584768793,p02982,u562082015,1570456580,Ruby,Ruby (2.3.3),rb,Accepted,7,1788,207,
s192226787,p02982,u015187377,1570456505,Python,PyPy3 (2.4.0),py,Accepted,197,38384,264,
s736754460,p02982,u701531204,1570426776,Java,Java8 (OpenJDK 1.8.0),java,Accepted,109,23252,915,
s018349908,p02982,u701531204,1570426424,Java,Java8 (OpenJDK 1.8.0),java,Wrong Answer,99,21844,1410,
s695869161,p02982,u701531204,1570425589,Java,Java8 (OpenJDK 1.8.0),java,Wrong Answer,107,21844,1297,
s343061637,p02982,u701531204,1570424905,Java,Java8 (OpenJDK 1.8.0),java,Wrong Answer,110,23764,1107,
s888196333,p02982,u987591601,1570403858,C++,C++14 (GCC 5.4.1),cpp,Accepted,1,256,1175,
s863450924,p02982,u770009793,1570393203,C++,C++14 (GCC 5.4.1),cpp,Accepted,2,384,643,
s711767379,p02982,u346214077,1570389402,C++,C++14 (GCC 5.4.1),cpp,Accepted,1,256,636,
s145739963,p02982,u951480280,1570373101,Python,Python (3.4.3),py,Accepted,18,3188,308,
s431390838,p02982,u743438759,1570339116,C++,C++14 (GCC 5.4.1),cpp,Accepted,1,256,655,
s944025684,p02982,u228475480,1570311533,C++,C++14 (GCC 5.4.1),cpp,Wrong Answer,1,256,700,
s705583087,p02982,u228475480,1570310627,C++,C++14 (GCC 5.4.1),cpp,Wrong Answer,1,256,700,
s062724834,p02982,u228475480,1570310604,C++,C++14 (GCC 5.4.1),cpp,Compile Error,,,699,
s410117445,p02982,u442113054,1570309132,C,C (GCC 5.4.1),c,Accepted,1,128,1038,
s731666373,p02982,u976045235,1570264844,Ruby,Ruby (2.3.3),rb,Accepted,7,3836,245,
s658081053,p02982,u976045235,1570264529,Ruby,Ruby (2.3.3),rb,Runtime Error,8,1788,245,
s731052706,p02982,u679014636,1570256437,C++,C++14 (GCC 5.4.1),cpp,Accepted,1,256,896,
s043136070,p02982,u806508506,1570249783,C++,C++14 (GCC 5.4.1),cpp,Accepted,1,256,807,
s511345992,p02982,u806508506,1570249591,C++,C++14 (GCC 5.4.1),cpp,Wrong Answer,1,256,801,
s827036313,p02982,u886747123,1570246622,Python,Python (3.4.3),py,Accepted,18,3064,326,
s909982411,p02982,u612271542,1570244763,C++,C++14 (GCC 5.4.1),cpp,Accepted,1,256,2763,
s403027269,p02982,u344959886,1570221265,Python,Python (3.4.3),py,Accepted,18,3064,373,
s359844946,p02982,u152517373,1570220400,C++,C++14 (GCC 5.4.1),cpp,Accepted,2,384,618,
s609425770,p02982,u200527996,1570208681,Python,Python (3.4.3),py,Accepted,18,3188,457,
s213478509,p02982,u200527996,1570207624,Python,Python (3.4.3),py,Wrong Answer,17,3188,423,
s557027600,p02982,u288147331,1570198790,C++,C++14 (GCC 5.4.1),cpp,Accepted,1,256,656,
s002127516,p02982,u562082015,1570197546,Ruby,Ruby (2.3.3),rb,Accepted,9,3836,203,
s081177706,p02982,u562082015,1570197197,Ruby,Ruby (2.3.3),rb,Wrong Answer,7,3836,198,
s260302597,p02982,u609426052,1570162645,Perl,Perl (v5.18.2),pl,Accepted,2,512,292,
s114120962,p02982,u749022615,1570161455,C++,C++14 (GCC 5.4.1),cpp,Accepted,1,256,489,
s428462090,p02982,u749022615,1570161325,C++,C++14 (GCC 5.4.1),cpp,Accepted,1,256,500,
s293044540,p02982,u393754572,1570158544,C++,C++14 (GCC 5.4.1),cpp,Accepted,1,256,690,
s409923801,p02982,u200527996,1570153670,Python,Python (3.4.3),py,Runtime Error,17,3188,335,
s115689539,p02982,u378125390,1570153530,C++,C++14 (GCC 5.4.1),cpp,Accepted,1,256,608,
s663003675,p02982,u200527996,1570153366,Python,Python (3.4.3),py,Runtime Error,17,3064,250,
s174709520,p02982,u714642969,1570140719,Python,PyPy3 (2.4.0),py,Accepted,175,38256,272,
s808610438,p02982,u813181182,1570130999,C++,C++14 (GCC 5.4.1),cpp,Accepted,1,256,731,
s622358758,p02982,u897561220,1570122224,C++,C++14 (GCC 5.4.1),cpp,Wrong Answer,2,512,782,
s777271767,p02982,u897561220,1570122023,C++,C++14 (GCC 5.4.1),cpp,Wrong Answer,1,256,699,
s559156845,p02982,u401452016,1570055699,Python,Python (3.4.3),py,Accepted,17,3064,371,
s419365056,p02982,u707690642,1570046561,Python,Python (3.4.3),py,Accepted,151,12468,336,
s871360880,p02982,u546618578,1570036218,Python,Python (3.4.3),py,Accepted,18,3064,330,
s965535805,p02982,u454081619,1570025139,C++,C++14 (GCC 5.4.1),cpp,Accepted,1,256,699,
s116008155,p02982,u454081619,1570024786,C++,C++14 (GCC 5.4.1),cpp,Wrong Answer,1,256,699,
s663196674,p02982,u454081619,1570024741,C++,C++14 (GCC 5.4.1),cpp,Runtime Error,99,256,698,
s545699884,p02982,u298620933,1569996169,C++,C++14 (GCC 5.4.1),cpp,Accepted,1,256,1425,
s749370096,p02982,u716529032,1569987699,Python,Python (3.4.3),py,Accepted,18,3064,313,
s869972649,p02982,u187857228,1569966537,C++,C++14 (GCC 5.4.1),cpp,Accepted,1,256,600,
s429006509,p02982,u098588273,1569963766,Python,Python (3.4.3),py,Wrong Answer,18,3060,259,
s403546715,p02982,u098588273,1569963703,Python,Python (3.4.3),py,Accepted,18,3188,262,
s814273462,p02982,u098588273,1569963204,Python,Python (3.4.3),py,Wrong Answer,18,3064,258,
s759642512,p02982,u801567653,1569959577,Java,Java8 (OpenJDK 1.8.0),java,Accepted,113,23252,626,
s048670639,p02982,u039189422,1569957380,Fortran,Fortran (gfortran v4.8.4),f,Accepted,2,384,306,
s505648527,p02982,u167988719,1569956662,C++,C++14 (GCC 5.4.1),cpp,Accepted,1,256,1334,
s145928321,p02982,u725661271,1569949814,Python,Python (3.4.3),py,Accepted,19,3064,379,
s964213986,p02982,u725661271,1569949758,Python,Python (3.4.3),py,Wrong Answer,19,3064,393,
s725099320,p02982,u753803401,1569945757,Python,PyPy3 (2.4.0),py,Accepted,165,38256,531,
s080509152,p02982,u396495667,1569937482,Python,Python (3.4.3),py,Accepted,18,3064,304,
s769857170,p02982,u746419473,1569922119,C,C (GCC 5.4.1),c,Wrong Answer,1,128,465,
s008613393,p02982,u674395364,1569906112,Rust,Rust (1.15.1),rs,Accepted,2,4352,1168,
s272821106,p02982,u637938292,1569904610,C++,C++14 (GCC 5.4.1),cpp,Accepted,1,256,540,
s948933731,p02982,u637938292,1569904575,C++,C++14 (GCC 5.4.1),cpp,Wrong Answer,1,256,527,
s480057024,p02982,u637938292,1569904547,C++,C++14 (GCC 5.4.1),cpp,Accepted,1,256,536,
s307125807,p02982,u322177979,1569898582,C++,C++14 (GCC 5.4.1),cpp,Wrong Answer,1,256,4179,
s801420740,p02982,u322177979,1569898559,C++,C++14 (GCC 5.4.1),cpp,Wrong Answer,1,256,4176,
s985872235,p02982,u322177979,1569898430,C++,C++14 (GCC 5.4.1),cpp,Wrong Answer,1,256,4176,
s594384394,p02982,u322177979,1569897798,C++,C++14 (GCC 5.4.1),cpp,Accepted,1,256,4166,
s337017699,p02982,u322177979,1569897546,C++,C++14 (GCC 5.4.1),cpp,Wrong Answer,1,256,4143,
s877356815,p02982,u322177979,1569897503,C++,C++14 (GCC 5.4.1),cpp,Wrong Answer,1,256,4130,
s891369424,p02982,u322177979,1569897446,C++,C++14 (GCC 5.4.1),cpp,Wrong Answer,1,256,4143,
s842835193,p02982,u322177979,1569897416,C++,C++14 (GCC 5.4.1),cpp,Compile Error,,,4144,
s381782644,p02982,u322177979,1569897248,C++,C++14 (GCC 5.4.1),cpp,Wrong Answer,1,256,4120,
s658638643,p02982,u322177979,1569897197,C++,C++14 (GCC 5.4.1),cpp,Compile Error,,,4119,
s062357666,p02982,u322177979,1569897157,C++,C++14 (GCC 5.4.1),cpp,Compile Error,,,4120,
s124142963,p02982,u355371431,1569896151,C++,C++14 (GCC 5.4.1),cpp,Accepted,1,256,1054,
s739248661,p02982,u454524105,1569893651,Python,Python (3.4.3),py,Accepted,18,3188,298,
s642327715,p02982,u454524105,1569893570,Python,Python (3.4.3),py,Wrong Answer,21,3316,307,
s807576311,p02982,u795245552,1569889503,Python,Python (3.4.3),py,Accepted,18,3064,342,
s195644720,p02982,u259861571,1569879572,Python,Python (3.4.3),py,Accepted,18,3060,351,
s728436984,p02982,u171945635,1569870545,Java,Java8 (OpenJDK 1.8.0),java,Accepted,108,21844,628,
s947976024,p02982,u576320075,1569870543,C++,C++14 (GCC 5.4.1),cpp,Accepted,1,256,1656,
s756236420,p02982,u914086391,1569867025,C++,C++14 (GCC 5.4.1),cpp,Accepted,1,256,792,
s322507714,p02982,u937220467,1569814913,Go,Go (1.6),go,Accepted,1,512,591,
s545354382,p02982,u745562814,1569814889,C++,C++14 (GCC 5.4.1),cpp,Accepted,1,256,1474,
s914223877,p02982,u198464650,1569801885,C++,C++14 (GCC 5.4.1),cpp,Accepted,1,256,479,
s393032621,p02982,u915797797,1569797802,C++,C++14 (GCC 5.4.1),cpp,Accepted,1,256,537,
s123087433,p02982,u111555888,1569777282,Python,Python (3.4.3),py,Accepted,17,3064,360,
s899837978,p02982,u864667985,1569768383,C++,C++14 (GCC 5.4.1),cpp,Wrong Answer,1,256,870,
s910329421,p02982,u864667985,1569767326,C++,C++14 (GCC 5.4.1),cpp,Accepted,1,256,1164,
s946753804,p02982,u544511937,1569742350,C++,C++14 (Clang 3.8.0),cpp,Wrong Answer,1,256,485,
s743698429,p02982,u544511937,1569742312,C++,C++14 (Clang 3.8.0),cpp,Compile Error,,,487,
s396561200,p02982,u544511937,1569742271,C++,C++14 (Clang 3.8.0),cpp,Compile Error,,,486,
s280733326,p02982,u544511937,1569742208,C++,C++14 (Clang 3.8.0),cpp,Compile Error,,,468,
s421417354,p02982,u962330718,1569726391,Python,Python (3.4.3),py,Accepted,19,3064,329,
s450905281,p02982,u164448353,1569717851,C,C (GCC 5.4.1),c,Accepted,1,128,634,
s739044211,p02982,u162773977,1569717333,Lua,Lua (5.3.2),lua,Accepted,130,1136,499,
s467502420,p02982,u913232477,1569716670,C++,C++14 (GCC 5.4.1),cpp,Accepted,1,256,2817,
s751248590,p02982,u993435350,1569714107,Python,Python (3.4.3),py,Accepted,18,3064,349,
s350239406,p02982,u146364934,1569711494,Java,Java8 (OpenJDK 1.8.0),java,Accepted,73,21332,1363,
s176935524,p02982,u198905553,1569705360,Python,Python (3.4.3),py,Accepted,352,21668,290,
s747325712,p02982,u427344224,1569701075,C++,C++14 (GCC 5.4.1),cpp,Accepted,1,256,1294,
s777991259,p02982,u256027816,1569699333,Python,Python (3.4.3),py,Accepted,17,3064,322,
s414139824,p02982,u931819817,1569697027,C++,C++14 (GCC 5.4.1),cpp,Accepted,1,128,979,
s024484479,p02982,u427344224,1569691023,Python,Python (3.4.3),py,Accepted,18,3064,356,
s812458227,p02982,u427344224,1569690881,Python,Python (3.4.3),py,Accepted,17,3188,375,
s739037625,p02982,u427344224,1569690847,Python,Python (3.4.3),py,Accepted,18,3188,371,
s957781234,p02982,u684120680,1569649749,Python,Python (3.4.3),py,Accepted,17,3064,506,
s029428915,p02982,u684120680,1569649549,Python,Python (3.4.3),py,Accepted,17,3064,505,
s035833510,p02982,u684120680,1569649516,Python,Python (3.4.3),py,Accepted,17,3188,512,
s785534430,p02982,u186089447,1569646479,C++,C++14 (GCC 5.4.1),cpp,Accepted,3,2944,1825,
s076301562,p02982,u316170293,1569645257,C++,C++14 (GCC 5.4.1),cpp,Accepted,1,256,926,
s177949083,p02982,u354467025,1569644948,Python,Python (3.4.3),py,Accepted,18,3188,551,
s534197416,p02982,u684120680,1569644696,Python,Python (3.4.3),py,Accepted,18,3064,490,
s217522814,p02982,u292252214,1569644626,C,C (GCC 5.4.1),c,Accepted,1,128,1216,
s854254595,p02982,u292252214,1569643789,C,C (GCC 5.4.1),c,Wrong Answer,1,128,1179,
s128372365,p02982,u292252214,1569643653,C,C (GCC 5.4.1),c,Runtime Error,100,128,1185,
s778967533,p02982,u292252214,1569643144,C,C (GCC 5.4.1),c,Wrong Answer,1,384,1202,
s900606396,p02982,u987476436,1569635982,C++,C++14 (GCC 5.4.1),cpp,Accepted,1,256,546,
s229547241,p02982,u987476436,1569635919,C++,C++14 (GCC 5.4.1),cpp,Compile Error,,,538,
s307621849,p02982,u683769494,1569634903,C++,C++14 (GCC 5.4.1),cpp,Accepted,1,256,810,
s659250339,p02982,u969651765,1569633882,C++,C++14 (GCC 5.4.1),cpp,Accepted,1,256,1162,
s937779715,p02982,u981931040,1569628559,Python,Python (3.4.3),py,Accepted,298,22712,291,
s198690442,p02982,u981931040,1569628535,Python,PyPy3 (2.4.0),py,Runtime Error,168,38460,291,
s631095825,p02982,u145078207,1569625227,C++,C++14 (GCC 5.4.1),cpp,Accepted,1,256,888,
s940692632,p02982,u135248164,1569619739,C++,C++14 (GCC 5.4.1),cpp,Accepted,1,256,1192,
s474681030,p02982,u816631826,1569615926,C++,C++14 (Clang 3.8.0),cpp,Accepted,5,632,657,
s972762023,p02982,u089230684,1569615876,C++,C++14 (Clang 3.8.0),cpp,Wrong Answer,2,256,655,
s139452533,p02982,u102960641,1569612863,Python,Python (3.4.3),py,Accepted,20,3064,312,
s410879570,p02982,u100800700,1569611039,Python,Python (3.4.3),py,Wrong Answer,17,3060,293,
s712627807,p02982,u100800700,1569610749,Python,Python (3.4.3),py,Wrong Answer,17,3060,290,
s615526806,p02982,u964185015,1569608651,C++,C++14 (GCC 5.4.1),cpp,Accepted,1,256,691,
s701957515,p02982,u964185015,1569608450,C++,C++14 (GCC 5.4.1),cpp,Wrong Answer,1,256,684,
s210461552,p02982,u089230684,1569603156,C++,C++14 (Clang 3.8.0),cpp,Accepted,8,888,1010,
s785293256,p02982,u089230684,1569601038,C++,C++14 (GCC 5.4.1),cpp,Accepted,2,504,680,
s017252685,p02982,u863370423,1569600806,C++,C++14 (GCC 5.4.1),cpp,Wrong Answer,2,504,679,
s179743386,p02982,u018679195,1569600766,C++,C++14 (GCC 5.4.1),cpp,Compile Error,,,662,
s128772635,p02982,u621836526,1569598344,C++,C++14 (GCC 5.4.1),cpp,Accepted,1,256,720,
s555958809,p02982,u504103417,1569598095,C++,C++14 (GCC 5.4.1),cpp,Accepted,2,1280,579,
s889844073,p02982,u158344095,1569592381,Python,Python (3.4.3),py,Accepted,18,3060,352,
s137809947,p02982,u761989513,1569590564,Python,Python (3.4.3),py,Accepted,18,3064,322,
s741962398,p02982,u133181739,1569584982,C++,C++14 (GCC 5.4.1),cpp,Accepted,1,256,960,
s641003451,p02982,u133181739,1569584680,C++,C++14 (GCC 5.4.1),cpp,Accepted,1,256,1026,
s369280687,p02982,u568501780,1569561399,C++,C++14 (GCC 5.4.1),cpp,Accepted,1,256,680,
s997977224,p02982,u568501780,1569561324,C++,C++14 (GCC 5.4.1),cpp,Wrong Answer,1,128,807,
s778393958,p02982,u816631826,1569560656,C++,C++14 (Clang 3.8.0),cpp,Wrong Answer,1,256,1055,
s287561602,p02982,u815659544,1569557592,C++,C++14 (GCC 5.4.1),cpp,Accepted,1,256,2058,
s499173528,p02982,u095376747,1569546978,C++,C++14 (GCC 5.4.1),cpp,Accepted,1,256,605,
s412605154,p02982,u654240084,1569544727,C++,C++14 (GCC 5.4.1),cpp,Accepted,1,256,650,
s616122291,p02982,u654240084,1569544622,C++,C++14 (GCC 5.4.1),cpp,Wrong Answer,784,256,650,
s097919121,p02982,u863370423,1569538171,C++,C++14 (Clang 3.8.0),cpp,Accepted,1,256,747,
s678169664,p02982,u077816564,1569528235,Python,Python (3.4.3),py,Accepted,18,3064,539,
s820003317,p02982,u625741705,1569525149,Go,Go (1.6),go,Accepted,1,512,570,
s186623235,p02982,u813452457,1569519633,Python,Python (3.4.3),py,Accepted,18,3188,362,
s140600797,p02982,u813452457,1569519244,Python,Python (3.4.3),py,Wrong Answer,19,3188,305,
s259045847,p02982,u133347536,1569518987,Python,Python (3.4.3),py,Accepted,18,3064,375,
s704904142,p02982,u813452457,1569518884,Python,Python (3.4.3),py,Runtime Error,17,3064,270,
s134453756,p02982,u682686221,1569517006,C++,C++14 (GCC 5.4.1),cpp,Accepted,1,256,1117,
s341355394,p02982,u682686221,1569516704,C++,C++14 (GCC 5.4.1),cpp,Runtime Error,97,256,1117,
s569244322,p02982,u089230684,1569513580,C,C (GCC 5.4.1),c,Accepted,1,256,504,
s165051422,p02982,u351265848,1569512487,C++,C++14 (GCC 5.4.1),cpp,Accepted,1,256,552,
s168513867,p02982,u059066226,1569509402,C,C (GCC 5.4.1),c,Accepted,1,128,552,
s558398683,p02982,u182308660,1569509139,C#,C# (Mono 4.6.2.0),cs,Accepted,22,13268,914,
s679563623,p02982,u059066226,1569508731,C,C (GCC 5.4.1),c,Wrong Answer,1,128,534,
s946909857,p02982,u821053952,1569471156,Kotlin,Kotlin (1.0.0),kt,Accepted,246,37924,636,
s960229550,p02982,u018679195,1569466500,C++,C++14 (GCC 5.4.1),cpp,Accepted,1,256,567,
s582775687,p02982,u816631826,1569464983,C++,C++14 (GCC 5.4.1),cpp,Accepted,1,128,685,
s142179787,p02982,u816631826,1569464437,C++,C++14 (GCC 5.4.1),cpp,Wrong Answer,1,256,794,
s090675400,p02982,u353919145,1569462704,C++,C++14 (GCC 5.4.1),cpp,Accepted,1,256,775,
s651325181,p02982,u353919145,1569462083,C,C (GCC 5.4.1),c,Wrong Answer,1,128,629,
s956264746,p02982,u313596497,1569461367,C++,C++14 (GCC 5.4.1),cpp,Accepted,1,256,753,
s310268758,p02982,u830005243,1569461272,C++,C++14 (GCC 5.4.1),cpp,Wrong Answer,1,256,461,
s274470798,p02982,u353919145,1569460653,C++,C++14 (Clang 3.8.0),cpp,Accepted,10,888,730,
s411189016,p02982,u145179061,1569460529,C++,C++14 (GCC 5.4.1),cpp,Accepted,1,256,764,
s758942733,p02982,u358554431,1569459486,Lisp,Common Lisp (SBCL 1.1.14),l,Accepted,220,16228,1168,
s400967886,p02982,u781095600,1569457026,C++,C++14 (GCC 5.4.1),cpp,Accepted,1,256,350,
s342604646,p02982,u287226050,1569448524,C++,C++14 (GCC 5.4.1),cpp,Accepted,1,256,1328,
s248208225,p02982,u476604182,1569447230,C++,C++14 (GCC 5.4.1),cpp,Accepted,1,256,655,
s744315605,p02982,u833738197,1569430373,Python,Python (3.4.3),py,Wrong Answer,17,3188,354,
s249997966,p02982,u945249301,1569422712,C++,C++14 (GCC 5.4.1),cpp,Accepted,1,256,675,
s479717403,p02982,u833738197,1569422436,Python,Python (3.4.3),py,Runtime Error,18,3064,337,
s397876593,p02982,u841131859,1569355173,C++,C++14 (GCC 5.4.1),cpp,Accepted,1,256,592,
s511955079,p02982,u934868410,1569344342,Python,Python (3.4.3),py,Accepted,18,3064,367,
s597406777,p02982,u409244556,1569339339,Haskell,Haskell (GHC 7.10.3),hs,Accepted,2,1020,792,
s425669981,p02982,u717687462,1569330227,C++,C++14 (GCC 5.4.1),cpp,Accepted,1,256,474,
s100143972,p02982,u687342084,1569307362,C++,C++14 (GCC 5.4.1),cpp,Accepted,1,256,492,
s932010495,p02982,u322354465,1569303146,Python,Python (3.4.3),py,Accepted,17,3064,315,
s020436087,p02982,u322354465,1569303109,Python,Python (3.4.3),py,Wrong Answer,18,3064,335,
s534515158,p02982,u534015096,1569303032,C++,C++14 (GCC 5.4.1),cpp,Accepted,1,256,662,
s766823298,p02982,u388763757,1569296678,C++,C++14 (GCC 5.4.1),cpp,Wrong Answer,1,256,777,
s269151600,p02982,u573754721,1569293197,Python,PyPy3 (2.4.0),py,Accepted,176,38384,325,
s751900301,p02982,u617515020,1569291177,Python,Python (3.4.3),py,Accepted,17,3064,285,
s601065768,p02982,u755363325,1569288709,Python,PyPy3 (2.4.0),py,Accepted,172,38384,380,
s888475627,p02982,u724742135,1569284957,Python,PyPy3 (2.4.0),py,Accepted,177,38384,452,
s018940284,p02982,u035424059,1569281693,Python,Python (3.4.3),py,Accepted,151,12500,467,
s864590282,p02982,u208497224,1569276829,Python,Python (3.4.3),py,Accepted,152,12500,574,
s122093152,p02982,u647802679,1569275801,C++,C++14 (GCC 5.4.1),cpp,Accepted,1,256,474,
s174886010,p02982,u227117171,1569262248,C++,C++14 (GCC 5.4.1),cpp,Accepted,1,256,675,
s196500841,p02982,u014967455,1569258599,C++,C++14 (GCC 5.4.1),cpp,Accepted,1,256,895,
s777678145,p02982,u514136877,1569254469,Python,Python (3.4.3),py,Accepted,18,3064,339,
s037443607,p02982,u969651765,1569252564,C++,C++14 (GCC 5.4.1),cpp,Accepted,1,256,1026,
s808864435,p02982,u131264627,1569252550,Python,Python (3.4.3),py,Accepted,18,3064,309,
s389956992,p02982,u131264627,1569250663,Python,Python (3.4.3),py,Runtime Error,17,2940,308,
s280574356,p02982,u482019060,1569218534,Python,Python (3.4.3),py,Accepted,18,3064,371,
s722832449,p02982,u905170328,1569195510,C++,C++14 (GCC 5.4.1),cpp,Accepted,2,384,686,
s991383555,p02982,u905170328,1569195315,C++,C++14 (GCC 5.4.1),cpp,Wrong Answer,1,256,686,
s841859883,p02982,u905170328,1569195239,C++,C++14 (GCC 5.4.1),cpp,Wrong Answer,1,256,686,
s067769034,p02982,u905170328,1569195182,C++,C++14 (GCC 5.4.1),cpp,Wrong Answer,1,256,686,
s603734869,p02982,u905170328,1569195015,C++,C++14 (GCC 5.4.1),cpp,Wrong Answer,1,256,657,
s015569059,p02982,u506910932,1569191944,Python,Python (3.4.3),py,Accepted,17,3064,401,
s366103804,p02982,u796942881,1569189054,Python,Python (3.4.3),py,Accepted,17,3060,312,
s283104989,p02982,u796942881,1569184482,Python,Python (3.4.3),py,Accepted,17,3060,310,
s461398147,p02982,u796942881,1569184253,Python,Python (3.4.3),py,Accepted,18,3188,313,
s266481626,p02982,u796942881,1569183724,Python,Python (3.4.3),py,Accepted,19,3188,371,
s899794646,p02982,u841793789,1569179070,Python,Python (3.4.3),py,Accepted,17,3188,246,
s280650058,p02982,u042385277,1569177631,Python,Python (3.4.3),py,Accepted,18,3064,324,
s334281441,p02982,u042385277,1569177543,Python,Python (3.4.3),py,Runtime Error,17,3060,311,
s969718632,p02982,u042385277,1569177477,Python,Python (3.4.3),py,Runtime Error,18,2940,313,
s235719682,p02982,u042385277,1569177402,Python,Python (3.4.3),py,Runtime Error,18,2940,330,
s967689973,p02982,u042385277,1569177320,Python,Python (3.4.3),py,Runtime Error,17,2940,431,
s316942602,p02982,u309168663,1569173899,C++,C++14 (GCC 5.4.1),cpp,Accepted,1,256,651,
s380252179,p02982,u309168663,1569173643,C++,C++14 (GCC 5.4.1),cpp,Wrong Answer,1,256,774,
s225211928,p02982,u242580186,1569142379,Python,Python (3.4.3),py,Accepted,20,3064,307,
s572014784,p02982,u264265458,1569133583,C++,C++14 (GCC 5.4.1),cpp,Accepted,1,256,814,
s078708353,p02982,u264265458,1569133372,C++,C++14 (GCC 5.4.1),cpp,Compile Error,,,671,
s756636953,p02982,u203383537,1569125520,Python,Python (3.4.3),py,Accepted,59,3064,475,
s039360675,p02982,u429775245,1569113162,Ruby,Ruby (2.3.3),rb,Accepted,8,3836,381,
s739889883,p02982,u660613376,1569111243,C++,C++14 (GCC 5.4.1),cpp,Accepted,1,256,498,
s020574198,p02982,u121161758,1569104491,Python,Python (3.4.3),py,Accepted,18,3064,439,
s170586798,p02982,u379959788,1569100655,Python,Python (3.4.3),py,Accepted,18,3064,369,
s655564628,p02982,u370331385,1569088717,Python,Python (3.4.3),py,Accepted,18,3064,504,
s847192049,p02982,u318042557,1569072438,Python,PyPy3 (2.4.0),py,Accepted,181,38768,343,
s425075935,p02982,u532022710,1569051953,Python,Python (3.4.3),py,Accepted,151,12392,916,
s545321808,p02982,u419510477,1569051519,Java,Java8 (OpenJDK 1.8.0),java,Wrong Answer,124,24660,947,
s200247801,p02982,u106782100,1569039525,C++,C++14 (GCC 5.4.1),cpp,Accepted,1,256,789,
s716225494,p02982,u764860452,1569038748,C++,C++14 (GCC 5.4.1),cpp,Accepted,1,256,762,
s443198680,p02982,u397496203,1569019663,Python,Python (3.4.3),py,Accepted,18,3064,341,
s949846241,p02982,u397496203,1569019456,Python,Python (3.4.3),py,Wrong Answer,18,3064,334,
s517346627,p02982,u089230684,1569018584,C,C (GCC 5.4.1),c,Wrong Answer,1,128,621,
s364105405,p02982,u656995812,1569013335,C++,C++14 (GCC 5.4.1),cpp,Accepted,1,256,800,
s143982713,p02982,u847478937,1569012762,Ruby,Ruby (2.3.3),rb,Accepted,7,1788,439,
s152893446,p02982,u709142358,1569009558,C++,C++14 (GCC 5.4.1),cpp,Accepted,1,256,877,
s014391195,p02982,u592944963,1569002284,Python,PyPy3 (2.4.0),py,Accepted,189,38384,291,
s606323419,p02982,u338791285,1568995344,C++,C++14 (GCC 5.4.1),cpp,Accepted,1,256,1033,
s357100935,p02982,u310790595,1568951748,Go,Go (1.6),go,Accepted,1,640,1748,
s730292087,p02982,u434872492,1568945739,Python,Python (3.4.3),py,Accepted,17,3064,480,
s702161777,p02982,u434872492,1568945418,Python,Python (3.4.3),py,Runtime Error,17,3064,471,
s772798788,p02982,u026620445,1568944199,C++,C++14 (GCC 5.4.1),cpp,Accepted,1,256,771,
s976851183,p02982,u290584325,1568942473,C++,C++14 (GCC 5.4.1),cpp,Accepted,1,128,1112,
s804715625,p02982,u318009838,1568933859,Ruby,Ruby (2.3.3),rb,Accepted,19,1916,441,
s238327969,p02982,u318009838,1568933555,Ruby,Ruby (2.3.3),rb,Wrong Answer,19,1788,437,
s685077723,p02982,u318009838,1568933134,Ruby,Ruby (2.3.3),rb,Wrong Answer,19,1788,431,
s333807092,p02982,u463775490,1568932883,Python,Python (3.4.3),py,Accepted,60,3064,405,
s392178377,p02982,u521652313,1568929621,C++,C++14 (GCC 5.4.1),cpp,Accepted,1,256,607,
s510775029,p02982,u079827881,1568925597,Python,Python (3.4.3),py,Accepted,17,3064,364,
s253790354,p02982,u079827881,1568925102,Python,Python (3.4.3),py,Wrong Answer,17,3064,315,
s374407971,p02982,u698919163,1568924556,Python,Python (3.4.3),py,Accepted,80,3064,476,
s095532058,p02982,u166660827,1568924538,Ruby,Ruby (2.3.3),rb,Accepted,7,3836,242,
s881520538,p02982,u444645674,1568917788,C++,C++14 (GCC 5.4.1),cpp,Accepted,1,256,597,
s801264742,p02982,u444645674,1568917313,C++,C++14 (GCC 5.4.1),cpp,Compile Error,,,610,
s805445458,p02982,u089230684,1568917114,C,C (GCC 5.4.1),c,Accepted,1,128,425,
s652008729,p02982,u444645674,1568917089,C++,C++14 (GCC 5.4.1),cpp,Accepted,12,764,577,
s632736065,p02982,u444645674,1568916949,C++,C++14 (GCC 5.4.1),cpp,Wrong Answer,1,256,576,
s849021755,p02982,u489186465,1568915873,Python,PyPy3 (2.4.0),py,Accepted,166,38640,328,
s527447566,p02982,u444645674,1568915121,C++,C++14 (GCC 5.4.1),cpp,Compile Error,,,559,
s389625295,p02982,u474925961,1568912825,Python,Python (3.4.3),py,Accepted,18,3064,323,
s690948865,p02982,u474925961,1568912464,Python,Python (3.4.3),py,Wrong Answer,18,3188,318,
s078408881,p02982,u474925961,1568912425,Python,Python (3.4.3),py,Wrong Answer,18,3064,327,
s440243061,p02982,u168525123,1568903495,C++,C++14 (GCC 5.4.1),cpp,Accepted,1,256,602,
s668937302,p02982,u326152409,1568858398,C++,C++14 (GCC 5.4.1),cpp,Accepted,1,256,524,
s121768409,p02982,u756829954,1568844485,Python,PyPy3 (2.4.0),py,Accepted,167,38256,350,
s881987391,p02982,u813098295,1568836920,C++,C++14 (GCC 5.4.1),cpp,Accepted,1,256,629,
s717634502,p02982,u640834132,1568822423,C++,C++14 (GCC 5.4.1),cpp,Accepted,1,256,956,
s097482271,p02982,u640834132,1568822264,C++,C++14 (GCC 5.4.1),cpp,Accepted,1,256,950,
s978869665,p02982,u640834132,1568821984,C++,C++14 (GCC 5.4.1),cpp,Wrong Answer,1,256,902,
s176394570,p02982,u640834132,1568821334,C++,C++14 (GCC 5.4.1),cpp,Wrong Answer,1,256,899,
s095455447,p02982,u353919145,1568814386,C++,C++14 (GCC 5.4.1),cpp,Accepted,1,256,637,
s886507670,p02982,u116002573,1568798859,C++,C++14 (GCC 5.4.1),cpp,Accepted,2,384,567,
s476153681,p02982,u472926449,1568782381,D,D (DMD64 v2.070.1),d,Accepted,1,256,689,
s147537980,p02982,u472926449,1568782291,D,D (DMD64 v2.070.1),d,Compile Error,,,682,
s219814336,p02982,u082801599,1568778299,C++,C++14 (GCC 5.4.1),cpp,Accepted,1,256,461,
s802909485,p02982,u625554679,1568777245,Python,Python (3.4.3),py,Accepted,150,14476,337,
s838936997,p02982,u423656246,1568774841,C++,C++14 (GCC 5.4.1),cpp,Accepted,1,256,574,
s623849111,p02982,u372144784,1568768447,Python,Python (3.4.3),py,Accepted,18,3064,385,
s473056210,p02982,u806149832,1568756433,C++,C++14 (GCC 5.4.1),cpp,Accepted,1,256,661,
s060275786,p02982,u399987025,1568748627,C++,C++14 (GCC 5.4.1),cpp,Accepted,1,256,646,
s032069000,p02982,u370251182,1568734674,C#,C# (Mono 4.6.2.0),cs,Accepted,21,11092,1056,
s726231872,p02982,u370251182,1568734275,C#,C# (Mono 4.6.2.0),cs,Wrong Answer,26,13140,1055,
s576632548,p02982,u370251182,1568734256,C#,C# (Mono 4.6.2.0),cs,Compile Error,,,1041,
s872941763,p02982,u987164499,1568697573,Python,Python (3.4.3),py,Accepted,18,3064,446,
s348425530,p02982,u033602950,1568694729,C++,C++14 (GCC 5.4.1),cpp,Accepted,1,256,1004,
s932923662,p02982,u388763757,1568688480,C++,C++14 (GCC 5.4.1),cpp,Accepted,1,256,728,
s770714111,p02982,u557136512,1568688014,Python,Python (3.4.3),py,Accepted,18,3064,308,
s263819124,p02982,u557136512,1568687838,Python,Python (3.4.3),py,Runtime Error,17,2940,302,
s931706593,p02982,u557136512,1568687762,Python,Python (3.4.3),py,Runtime Error,17,2940,306,
s364597195,p02982,u327248573,1568680218,Python,Python (3.4.3),py,Accepted,21,3060,351,
s377193985,p02982,u536308232,1568678025,Kotlin,Kotlin (1.0.0),kt,Accepted,307,39376,936,
s131240460,p02982,u632094970,1568676432,C#,C# (Mono 4.6.2.0),cs,Accepted,21,11092,798,
s097773267,p02982,u632094970,1568676370,C#,C# (Mono 4.6.2.0),cs,Wrong Answer,21,11092,792,
s590839105,p02982,u632094970,1568676152,C#,C# (Mono 4.6.2.0),cs,Compile Error,,,788,
s990583953,p02982,u586212264,1568670902,Python,PyPy3 (2.4.0),py,Accepted,167,38256,348,
s551951701,p02982,u540136623,1568670672,Python,Python (3.4.3),py,Accepted,18,3064,539,
s396471322,p02982,u911828387,1568668367,C++,C++14 (GCC 5.4.1),cpp,Accepted,1,256,825,
s546489221,p02982,u694859623,1568660933,C++,C++14 (GCC 5.4.1),cpp,Accepted,1,256,666,
s842982866,p02982,u379142263,1568656081,Python,Python (3.4.3),py,Accepted,18,3064,327,
s805832265,p02982,u410434188,1568655643,C++,C++14 (GCC 5.4.1),cpp,Accepted,1,256,828,
s009536198,p02982,u506858457,1568649662,C++,C++14 (GCC 5.4.1),cpp,Accepted,1,256,562,
s740299764,p02982,u942850310,1568646150,C++,C++14 (GCC 5.4.1),cpp,Accepted,1,256,552,
s123448278,p02982,u014233729,1568642946,C++,C++14 (GCC 5.4.1),cpp,Accepted,1,256,563,
s896587330,p02982,u539675863,1568640775,C++,C++14 (GCC 5.4.1),cpp,Wrong Answer,1,256,1129,
s862863647,p02982,u084357428,1568640090,Python,Python (3.4.3),py,Accepted,18,3064,423,
s473140168,p02982,u001119849,1568632487,Bf,Bf (bf 20041219),bf,Accepted,29,1276,2363,
s818011147,p02982,u274883254,1568608499,C++,C++14 (GCC 5.4.1),cpp,Accepted,1,256,529,
s961196041,p02982,u274883254,1568605965,C++,C++14 (GCC 5.4.1),cpp,Runtime Error,97,256,552,
s886535912,p02982,u564902833,1568595030,Rust,Rust (1.15.1),rs,Accepted,2,4352,1162,
s695543306,p02982,u863957421,1568595005,C++,C++14 (GCC 5.4.1),cpp,Accepted,1,256,639,
s027377923,p02982,u486065927,1568594486,Python,Python (3.4.3),py,Accepted,811,22028,248,
s541572705,p02982,u486065927,1568594064,Python,Python (3.4.3),py,Wrong Answer,1763,22212,198,
s303810711,p02982,u606044573,1568588021,Python,Python (3.4.3),py,Accepted,18,3060,326,
s271772885,p02982,u464653034,1568586236,Java,Java8 (OpenJDK 1.8.0),java,Accepted,105,23124,729,
s181285806,p02982,u661308718,1568581082,C++,C++14 (GCC 5.4.1),cpp,Accepted,1,256,520,
s651596248,p02982,u707760575,1568578809,C++,C++14 (GCC 5.4.1),cpp,Accepted,1,256,721,
s252943668,p02982,u261886891,1568578186,C++,C++14 (GCC 5.4.1),cpp,Accepted,1,256,748,
s095255393,p02982,u489172963,1568577263,C++,C++14 (GCC 5.4.1),cpp,Accepted,1,256,498,
s314817409,p02982,u748823501,1568563611,C++,C++14 (GCC 5.4.1),cpp,Accepted,1,256,612,
s481655709,p02982,u093922224,1568560171,C++,C++14 (GCC 5.4.1),cpp,Accepted,1,256,1792,
s238928022,p02982,u093922224,1568560111,C++,C++14 (GCC 5.4.1),cpp,Wrong Answer,1,256,1782,
s075784844,p02982,u432853936,1568559679,Python,Python (3.4.3),py,Accepted,18,3064,458,
s424436158,p02982,u738450435,1568555117,C++,C++14 (GCC 5.4.1),cpp,Accepted,1,256,572,
s880071232,p02982,u738450435,1568554477,C++,C++14 (GCC 5.4.1),cpp,Accepted,1,256,606,
s159385236,p02982,u992759582,1568552345,Python,Python (3.4.3),py,Accepted,278,19612,299,
s460207111,p02982,u221174888,1568549057,C++,C++14 (GCC 5.4.1),cpp,Accepted,1,256,1053,
s952466320,p02982,u460737328,1568542868,Python,Python (3.4.3),py,Accepted,18,3064,288,
s809805794,p02982,u024245528,1568533864,Python,Python (3.4.3),py,Accepted,18,3188,427,
s469325471,p02982,u863957421,1568525550,C++,C++14 (GCC 5.4.1),cpp,Accepted,1,256,647,
s224544820,p02982,u863957421,1568524818,C++,C++14 (GCC 5.4.1),cpp,Accepted,1,256,622,
s594019314,p02982,u419877586,1568515042,Python,Python (3.4.3),py,Accepted,17,3064,281,
s860125447,p02982,u419877586,1568514882,Python,PyPy3 (2.4.0),py,Runtime Error,172,38384,274,
s453497494,p02982,u190406011,1568514514,Python,Python (3.4.3),py,Accepted,18,3064,345,
s456235702,p02982,u280325247,1568511080,Python,Python (3.4.3),py,Accepted,18,3064,450,
s261496141,p02982,u933052354,1568510834,C++,C++14 (GCC 5.4.1),cpp,Accepted,1,256,894,
s393860347,p02982,u214712859,1568507992,C++,C++14 (GCC 5.4.1),cpp,Accepted,1,256,1108,
s957877644,p02982,u209647862,1568503841,C++,C++14 (GCC 5.4.1),cpp,Accepted,1,256,2702,
s600616112,p02982,u391340825,1568492855,C++,C++14 (GCC 5.4.1),cpp,Accepted,1,256,1183,
s303199478,p02982,u386170566,1568492682,Python,Python (3.4.3),py,Accepted,17,3064,369,
s124710490,p02982,u450832845,1568485609,C++,C++14 (GCC 5.4.1),cpp,Accepted,1,256,1294,
s076865262,p02982,u209647862,1568485355,C++,C++14 (GCC 5.4.1),cpp,Accepted,1,256,2702,
s879934990,p02982,u458755049,1568485344,C#,C# (Mono 4.6.2.0),cs,Accepted,27,13396,2607,
s926052540,p02982,u209647862,1568485303,C++,C++14 (GCC 5.4.1),cpp,Accepted,1,256,2702,
s308275806,p02982,u456883978,1568482465,Java,Java8 (OpenJDK 1.8.0),java,Accepted,112,22740,1564,
s473968063,p02982,u979920726,1568474536,C++,C++14 (GCC 5.4.1),cpp,Accepted,1,256,711,
s703711150,p02982,u008357982,1568466713,Python,Python (3.4.3),py,Accepted,20,3188,301,
s296699690,p02982,u459590249,1568451225,Python,Python (3.4.3),py,Accepted,17,3064,338,
s970942759,p02982,u459590249,1568451149,Python,Python (3.4.3),py,Wrong Answer,18,3064,322,
s068219662,p02982,u459590249,1568451007,Python,Python (3.4.3),py,Wrong Answer,18,3188,321,
s868444459,p02982,u396553339,1568450744,Python,Python (3.4.3),py,Accepted,19,3444,412,
s366358250,p02982,u274435144,1568450735,C++,C++14 (GCC 5.4.1),cpp,Accepted,1,256,589,
s806888119,p02982,u274435144,1568450515,C++,C++14 (GCC 5.4.1),cpp,Runtime Error,98,384,589,
s158026086,p02982,u459590249,1568449738,Python,Python (3.4.3),py,Runtime Error,149,14452,252,
s384368136,p02982,u513960802,1568430040,Java,Java8 (OpenJDK 1.8.0),java,Accepted,112,21844,751,
s143068893,p02982,u720420025,1568429966,C++,C++14 (GCC 5.4.1),cpp,Accepted,1,256,1365,
s520331283,p02982,u985686845,1568425610,C++,C++14 (GCC 5.4.1),cpp,Accepted,1,256,588,
s156374793,p02982,u854161810,1568423560,C++,C++14 (GCC 5.4.1),cpp,Runtime Error,96,256,493,
s310799617,p02982,u441599836,1568421692,Python,Python (3.4.3),py,Accepted,18,3064,388,
s698916647,p02982,u726060136,1568416214,C++,C++14 (GCC 5.4.1),cpp,Wrong Answer,2,256,583,
s995112469,p02982,u726060136,1568416107,C++,C++14 (GCC 5.4.1),cpp,Wrong Answer,2,256,574,
s550432828,p02982,u726060136,1568416009,C++,C++14 (GCC 5.4.1),cpp,Wrong Answer,1,256,572,
s295971033,p02982,u726060136,1568415094,C++,C++14 (GCC 5.4.1),cpp,Wrong Answer,1,256,550,
s765008343,p02982,u671257784,1568414554,C++,C++14 (GCC 5.4.1),cpp,Accepted,1,256,2783,
s758977894,p02982,u900688325,1568414494,C++,C++ (GCC 5.4.1),cpp,Accepted,2,384,779,
s885897976,p02982,u900688325,1568413845,C++,C++ (GCC 5.4.1),cpp,Wrong Answer,1,256,738,
s822496100,p02982,u599895318,1568412653,C,C (GCC 5.4.1),c,Accepted,1,128,565,
s444825622,p02982,u102133537,1568407903,C#,C# (Mono 4.6.2.0),cs,Accepted,22,11220,938,
s981775057,p02982,u614875193,1568406474,Python,PyPy3 (2.4.0),py,Accepted,173,38384,352,
s083233615,p02982,u075520262,1568400860,C++,C++14 (GCC 5.4.1),cpp,Accepted,1,256,1094,
s092536769,p02982,u720447689,1568387436,C++,C++14 (GCC 5.4.1),cpp,Accepted,1,256,951,
s636016504,p02982,u720447689,1568387344,C++,C++14 (GCC 5.4.1),cpp,Wrong Answer,1,256,948,
s572057602,p02982,u524489226,1568385553,Python,Python (3.4.3),py,Accepted,18,3188,428,
s926903851,p02982,u524489226,1568385511,Python,Python (3.4.3),py,Wrong Answer,18,3064,442,
s791230857,p02982,u864377094,1568373986,C++,C++14 (GCC 5.4.1),cpp,Accepted,1,256,801,
s614392087,p02982,u510383220,1568371766,C++,C++14 (GCC 5.4.1),cpp,Accepted,1,256,908,
s081843058,p02982,u510383220,1568370753,C++,C++14 (GCC 5.4.1),cpp,Runtime Error,100,256,900,
s088400697,p02982,u510383220,1568370641,C++,C++14 (GCC 5.4.1),cpp,Runtime Error,100,256,888,
s453109800,p02982,u154931839,1568348657,C++,C++14 (GCC 5.4.1),cpp,Accepted,1,256,730,
s610791359,p02982,u098012509,1568347429,Kotlin,Kotlin (1.0.0),kt,Accepted,238,37896,675,
s832865125,p02982,u098012509,1568347303,Kotlin,Kotlin (1.0.0),kt,Compile Error,,,667,
s537058908,p02982,u098012509,1568347227,Kotlin,Kotlin (1.0.0),kt,Compile Error,,,669,
s289289818,p02982,u536177854,1568346452,Python,Python (3.4.3),py,Accepted,18,3060,315,
s311280579,p02982,u194297606,1568345423,Python,Python (3.4.3),py,Accepted,149,14460,346,
s387419974,p02982,u825027400,1568343840,Python,Python (3.4.3),py,Accepted,18,3064,434,
s687202444,p02982,u941438707,1568337947,Python,Python (3.4.3),py,Accepted,17,3064,290,
s162157977,p02982,u297046168,1568335453,Python,Python (3.4.3),py,Wrong Answer,18,3064,435,
s268896207,p02982,u009870106,1568335406,C++,C++14 (GCC 5.4.1),cpp,Wrong Answer,1,256,516,
s448428427,p02982,u297046168,1568335377,Python,Python (3.4.3),py,Wrong Answer,18,3064,473,
s394809301,p02982,u009870106,1568335210,C++,C++14 (GCC 5.4.1),cpp,Wrong Answer,1,256,474,
s325916566,p02982,u667084803,1568333900,Python,Python (3.4.3),py,Accepted,18,3064,322,
s609962863,p02982,u895500575,1568326246,C#,C# (Mono 4.6.2.0),cs,Accepted,25,13396,1135,
s764993354,p02982,u895500575,1568325883,C#,C# (Mono 4.6.2.0),cs,Runtime Error,23,12896,1066,
s190748243,p02982,u687053495,1568324791,Python,Python (3.4.3),py,Accepted,18,3064,353,
s836224273,p02982,u687053495,1568324727,Python,Python (3.4.3),py,Wrong Answer,20,3188,340,
s919516596,p02982,u419390395,1568320277,C++,C++14 (GCC 5.4.1),cpp,Accepted,1,256,1015,
s015967992,p02982,u419390395,1568320178,C++,C++14 (GCC 5.4.1),cpp,Wrong Answer,1,256,1015,
s283588623,p02982,u396495667,1568307733,Python,Python (3.4.3),py,Accepted,25,3316,295,
s633375030,p02982,u980485808,1568299928,C++,C++14 (GCC 5.4.1),cpp,Accepted,1,256,419,
s048377894,p02982,u980485808,1568299450,C++,C++14 (GCC 5.4.1),cpp,Runtime Error,98,256,478,
s405411868,p02982,u608698812,1568297110,C#,C# (Mono 4.6.2.0),cs,Accepted,153,11220,1063,
s849456789,p02982,u608698812,1568296981,C#,C# (Mono 4.6.2.0),cs,Wrong Answer,22,11220,1059,
s650202839,p02982,u947000320,1568287701,Python,Python (3.4.3),py,Accepted,18,3064,315,
s345605997,p02982,u891061025,1568276377,C++,C++14 (GCC 5.4.1),cpp,Accepted,1,256,637,
s809017700,p02982,u336624604,1568263179,Python,Python (3.4.3),py,Accepted,371,23452,374,
s825009460,p02982,u672220554,1568259654,Python,Python (3.4.3),py,Accepted,19,3064,368,
s160634326,p02982,u654055742,1568259349,C++,C++14 (GCC 5.4.1),cpp,Accepted,1,256,679,
s351617776,p02982,u961052574,1568252238,C++,C++14 (GCC 5.4.1),cpp,Accepted,1,256,514,
s686931279,p02982,u120374176,1568252159,C#,C# (Mono 4.6.2.0),cs,Accepted,24,11348,1320,
s450714843,p02982,u332153950,1568249570,C++,C++14 (GCC 5.4.1),cpp,Accepted,1,256,625,
s412328089,p02982,u976045502,1568243358,Ruby,Ruby (2.3.3),rb,Accepted,7,1788,431,
s794070935,p02982,u976045502,1568243154,Ruby,Ruby (2.3.3),rb,Wrong Answer,7,1788,422,
s424162184,p02982,u188222394,1568242585,C++,C++14 (GCC 5.4.1),cpp,Accepted,1,256,766,
s982394027,p02982,u690781906,1568237583,Python,Python (3.4.3),py,Accepted,18,3064,331,
s317806613,p02982,u451256159,1568213985,C++,C++14 (GCC 5.4.1),cpp,Accepted,1,256,460,
s892671179,p02982,u291628833,1568174024,Python,Python (3.4.3),py,Accepted,158,12504,455,
s945110154,p02982,u511449169,1568172333,Python,Python (3.4.3),py,Accepted,23,3572,482,
s674031409,p02982,u511449169,1568172187,Python,Python (3.4.3),py,Wrong Answer,23,3444,473,
s898287761,p02982,u952557476,1568167942,C++,C++14 (GCC 5.4.1),cpp,Wrong Answer,1,256,601,
s824727449,p02982,u952557476,1568167902,C++,C++14 (GCC 5.4.1),cpp,Wrong Answer,1,256,625,
s134263848,p02982,u963915126,1568165216,Python,Python (3.4.3),py,Accepted,18,3064,377,
s915101630,p02982,u166621202,1568162807,Python,Python (3.4.3),py,Accepted,18,3064,346,
s689619622,p02982,u166621202,1568162721,Python,Python (3.4.3),py,Runtime Error,18,3064,345,
s371861434,p02982,u059727354,1568149333,C++,C++14 (GCC 5.4.1),cpp,Accepted,1,256,3262,
s435131350,p02982,u910991251,1568145921,C++,C++14 (GCC 5.4.1),cpp,Accepted,1,256,582,
s550515920,p02982,u620242073,1568137586,C++,C++14 (GCC 5.4.1),cpp,Accepted,1,256,709,
s531489279,p02982,u216264781,1568130073,Rust,Rust (1.15.1),rs,Accepted,2,4352,1130,
s453872251,p02982,u808043578,1568098446,C,C (GCC 5.4.1),c,Accepted,1,128,605,
s717176317,p02982,u808043578,1568098001,C,C (GCC 5.4.1),c,Compile Error,,,603,
s105245418,p02982,u808043578,1568097882,C,C (GCC 5.4.1),c,Compile Error,,,604,
s335269444,p02982,u821323926,1568085960,Java,Java8 (OpenJDK 1.8.0),java,Accepted,121,22740,1145,
s073311033,p02982,u744305661,1568081442,C++,C++14 (GCC 5.4.1),cpp,Accepted,1,256,954,
s889036888,p02982,u867763103,1568080280,Python,Python (3.4.3),py,Accepted,18,3064,375,
s172693894,p02982,u482314637,1568074344,C++,C++14 (GCC 5.4.1),cpp,Accepted,1,256,487,
s120850580,p02982,u600717568,1568067406,Python,Python (3.4.3),py,Accepted,18,3064,301,
s399262379,p02982,u786944534,1568061116,C#,C# (Mono 4.6.2.0),cs,Accepted,23,11220,3301,
s059110148,p02982,u760628894,1568057639,C++,C++14 (GCC 5.4.1),cpp,Accepted,1,256,449,
s714192770,p02982,u555503067,1568056816,Python,Python (3.4.3),py,Accepted,18,3064,409,
s595493974,p02982,u553461888,1568056233,C++,C++14 (GCC 5.4.1),cpp,Accepted,1,256,677,
s023372754,p02982,u553461888,1568056135,C++,C++14 (GCC 5.4.1),cpp,Wrong Answer,1,256,681,
s461469307,p02982,u484229314,1568033651,C++,C++14 (GCC 5.4.1),cpp,Accepted,1,256,815,
s055039918,p02982,u376328830,1568015011,Python,Python (3.4.3),py,Accepted,18,3064,542,
s323325264,p02982,u582357587,1568001645,C++,C++14 (GCC 5.4.1),cpp,Accepted,1,256,599,
s796792171,p02982,u582357587,1568001371,C++,C++14 (GCC 5.4.1),cpp,Compile Error,,,511,
s996069779,p02982,u315597999,1568001028,Ruby,Ruby (2.3.3),rb,Accepted,9,1788,274,
s288176157,p02982,u334141868,1567995385,C++,C++14 (GCC 5.4.1),cpp,Accepted,1,256,508,
s618616434,p02982,u006425112,1567992101,C++,C++14 (GCC 5.4.1),cpp,Accepted,1,256,832,
s116280845,p02982,u931489673,1567990287,Python,Python (3.4.3),py,Accepted,18,3064,647,
s670909026,p02982,u098012509,1567982057,Python,PyPy3 (2.4.0),py,Accepted,169,38512,350,
s676735126,p02982,u098012509,1567980523,Python,Python (3.4.3),py,Accepted,18,3060,350,
s377736985,p02982,u564060397,1567979750,C++,C++14 (GCC 5.4.1),cpp,Accepted,1,256,562,
s179401510,p02982,u564060397,1567979672,C++,C++14 (GCC 5.4.1),cpp,Accepted,1,256,520,
s860628393,p02982,u564060397,1567979520,C++,C++14 (GCC 5.4.1),cpp,Wrong Answer,1,256,539,
s814209928,p02982,u034826422,1567973438,C,C (GCC 5.4.1),c,Accepted,1,128,608,
s751445785,p02982,u353919145,1567973404,C,C (GCC 5.4.1),c,Accepted,1,128,608,
s353066845,p02982,u503870829,1567967439,C++,C++14 (GCC 5.4.1),cpp,Accepted,1,256,664,
s109903427,p02982,u581040514,1567962994,Python,Python (3.4.3),py,Accepted,151,12408,309,
s787593214,p02982,u395846213,1567903364,C++,C++14 (GCC 5.4.1),cpp,Accepted,1,256,2224,
s257324831,p02982,u395846213,1567903110,C++,C++14 (GCC 5.4.1),cpp,Wrong Answer,6,896,2220,
s655120411,p02982,u395846213,1567902983,C++,C++14 (GCC 5.4.1),cpp,Wrong Answer,1,256,2257,
s736928437,p02982,u030246664,1567897851,C++,C++14 (GCC 5.4.1),cpp,Accepted,1,256,723,
s520945236,p02982,u694388403,1567896028,Java,Java8 (OpenJDK 1.8.0),java,Accepted,108,21844,790,
s303345503,p02982,u597047658,1567892970,Python,Python (3.4.3),py,Accepted,18,3188,471,
s550836820,p02982,u283907492,1567876789,C++,C++14 (GCC 5.4.1),cpp,Accepted,1,256,763,
s187560340,p02982,u703205079,1567875351,C++,C++14 (GCC 5.4.1),cpp,Accepted,1,256,1221,
s793162032,p02982,u240630407,1567869815,Python,Python (3.4.3),py,Accepted,17,3064,362,
s575681508,p02982,u984529214,1567869136,C++,C++14 (GCC 5.4.1),cpp,Accepted,1,256,830,
s278245657,p02982,u984529214,1567869098,C++,C++14 (GCC 5.4.1),cpp,Wrong Answer,1,256,828,
s151569579,p02982,u124985308,1567869031,Python,Python (3.4.3),py,Accepted,18,3064,373,
s812615136,p02982,u351586819,1567850253,C++,C++14 (GCC 5.4.1),cpp,Accepted,1,256,648,
s505930042,p02982,u851470173,1567850045,C++,C++14 (GCC 5.4.1),cpp,Accepted,1,256,1030,
s722850470,p02982,u118981160,1567837145,C++,C++14 (GCC 5.4.1),cpp,Accepted,1,256,1041,
s416884337,p02982,u464912173,1567831653,Python,Python (3.4.3),py,Accepted,18,3064,358,
s832742267,p02982,u464912173,1567830928,Python,Python (3.4.3),py,Runtime Error,17,2940,385,
s216993769,p02982,u690326065,1567829321,C++,C++14 (GCC 5.4.1),cpp,Accepted,1,256,641,
s409658552,p02982,u176674210,1567825782,Python,Python (3.4.3),py,Accepted,18,3064,338,
s701385948,p02982,u666121874,1567815458,C++,C++14 (GCC 5.4.1),cpp,Accepted,1,256,595,
s495411620,p02982,u534450736,1567805370,Python,Python (3.4.3),py,Accepted,18,3064,384,
s951986462,p02982,u759721333,1567805179,C++,C++14 (GCC 5.4.1),cpp,Accepted,1,256,643,
s749304092,p02982,u484407086,1567803950,C++,C++14 (GCC 5.4.1),cpp,Accepted,1,128,776,
s441871417,p02982,u365000388,1567798753,Python,PyPy3 (2.4.0),py,Accepted,192,38384,312,
s500152648,p02982,u365000388,1567798377,Python,PyPy3 (2.4.0),py,Wrong Answer,174,38256,322,
s401037044,p02982,u577115580,1567790632,Java,Java8 (OpenJDK 1.8.0),java,Accepted,100,21844,716,
s872714899,p02982,u754112329,1567769427,C++,C++14 (GCC 5.4.1),cpp,Accepted,1,256,1669,
s206393203,p02982,u622045059,1567765208,Python,Python (3.4.3),py,Accepted,18,3064,577,
s676027158,p02982,u804999113,1567745160,C++,C++14 (GCC 5.4.1),cpp,Accepted,1,256,560,
s933952135,p02982,u600588566,1567742201,Python,Python (3.4.3),py,Accepted,17,3064,354,
s401506101,p02982,u214547877,1567739623,C++,C++14 (GCC 5.4.1),cpp,Accepted,1,256,640,
s447360486,p02982,u042716570,1567735789,Python,Python (3.4.3),py,Accepted,152,12496,386,
s477483934,p02982,u042716570,1567735590,Python,Python (3.4.3),py,Wrong Answer,148,12500,400,
s227877760,p02982,u391667116,1567733846,C,C (GCC 5.4.1),c,Accepted,1,128,818,
s218897862,p02982,u878524311,1567730575,C++,C++14 (GCC 5.4.1),cpp,Accepted,1,256,758,
s134366977,p02982,u878524311,1567730534,C++,C++14 (GCC 5.4.1),cpp,Accepted,1,256,824,
s660562864,p02982,u303711088,1567730235,C++,C++14 (GCC 5.4.1),cpp,Accepted,1,256,688,
s009119654,p02982,u749089333,1567725565,C++,C++14 (GCC 5.4.1),cpp,Accepted,1,256,615,
s826565537,p02982,u222668979,1567720123,Python,Python (3.4.3),py,Accepted,153,12496,323,
s701522706,p02982,u222668979,1567720076,Python,PyPy3 (2.4.0),py,Runtime Error,167,38256,323,
s374381479,p02982,u306142032,1567701210,Python,Python (3.4.3),py,Accepted,18,3060,293,
s624455802,p02982,u298620933,1567692860,C++,C++14 (GCC 5.4.1),cpp,Accepted,1,256,1465,
s502668004,p02982,u354567428,1567678605,Python,Python (3.4.3),py,Accepted,18,3188,293,
s100706370,p02982,u354567428,1567678120,Python,Python (3.4.3),py,Accepted,18,3060,298,
s413810457,p02982,u298620933,1567670684,C++,C++14 (GCC 5.4.1),cpp,Wrong Answer,1,256,1175,
s389291301,p02982,u419501474,1567668804,C++,C++14 (GCC 5.4.1),cpp,Accepted,1,256,511,
s655460666,p02982,u179285430,1567657383,Python,Python (3.4.3),py,Accepted,152,12496,339,
s240895693,p02982,u326245870,1567649484,Python,Python (3.4.3),py,Accepted,18,3064,412,
s566470779,p02982,u964947409,1567647935,C++,C++14 (GCC 5.4.1),cpp,Accepted,1,256,631,
s668784089,p02982,u225581241,1567641393,C++,C++14 (GCC 5.4.1),cpp,Accepted,1,256,700,
s810178282,p02982,u596200441,1567632232,C++,C++14 (GCC 5.4.1),cpp,Accepted,1,256,796,
s412705028,p02982,u379601169,1567632183,TypeScript,TypeScript (2.1.6),ts,Accepted,61,7628,1262,
s065356814,p02982,u596200441,1567631510,C++,C++14 (GCC 5.4.1),cpp,Wrong Answer,1,256,695,
s512285626,p02982,u596200441,1567631370,C++,C++14 (GCC 5.4.1),cpp,Wrong Answer,2,256,698,
s175141331,p02982,u596200441,1567631314,C++,C++14 (GCC 5.4.1),cpp,Wrong Answer,1,256,685,
s628765086,p02982,u995439034,1567628462,C++,C++14 (GCC 5.4.1),cpp,Accepted,1,256,878,
s606246539,p02982,u995439034,1567628421,C++,C++14 (GCC 5.4.1),cpp,Compile Error,,,876,
s193326883,p02982,u995439034,1567628390,C++,C++14 (GCC 5.4.1),cpp,Compile Error,,,863,
s156447061,p02982,u881730038,1567625614,C#,C# (Mono 4.6.2.0),cs,Accepted,21,13140,1406,
s751898077,p02982,u020746846,1567618460,C++,C++14 (GCC 5.4.1),cpp,Accepted,1,256,1413,
s959399594,p02982,u020746846,1567618169,C++,C++14 (GCC 5.4.1),cpp,Accepted,1,256,1415,
s989392700,p02982,u843127718,1567598284,Ruby,Ruby (2.3.3),rb,Accepted,11,2044,382,
s839141076,p02982,u353919145,1567588841,C++,C++14 (GCC 5.4.1),cpp,Accepted,1,256,630,
s930564608,p02982,u131634965,1567569800,Python,Python (3.4.3),py,Accepted,17,3064,291,
s468199286,p02982,u272319314,1567568900,Java,Java8 (OpenJDK 1.8.0),java,Accepted,115,22868,924,
s028656720,p02982,u031686335,1567567159,C++,C++14 (GCC 5.4.1),cpp,Accepted,1,256,632,
s991489965,p02982,u476383383,1567564024,C++,C++14 (GCC 5.4.1),cpp,Accepted,1,256,609,
s024380569,p02982,u531813944,1567564011,Python,Python (3.4.3),py,Accepted,18,3188,433,
s965179691,p02982,u882370611,1567563641,Python,PyPy3 (2.4.0),py,Runtime Error,167,38256,277,
s222009398,p02982,u882370611,1567563584,Python,Python (3.4.3),py,Accepted,17,3060,294,
s417882127,p02982,u476383383,1567563369,Python,Python (3.4.3),py,Accepted,152,12176,554,
s615373486,p02982,u882370611,1567563141,Python,Python (3.4.3),py,Accepted,150,12472,276,
s746472916,p02982,u597017430,1567560212,Python,Python (3.4.3),py,Accepted,18,3064,296,
s935036721,p02982,u275786410,1567559577,C++,C++14 (GCC 5.4.1),cpp,Accepted,1,256,524,
s975532083,p02982,u319967566,1567558184,C++,C++14 (GCC 5.4.1),cpp,Accepted,1,256,547,
s578804778,p02982,u319967566,1567557957,C++,C++14 (GCC 5.4.1),cpp,Wrong Answer,1,256,537,
s045477690,p02982,u319967566,1567547894,C++,C++14 (GCC 5.4.1),cpp,Wrong Answer,1,256,530,
s740800582,p02982,u642120132,1567534218,Python,Python (3.4.3),py,Accepted,18,3064,322,
s254308082,p02982,u493708099,1567524035,C++,C++14 (GCC 5.4.1),cpp,Accepted,1,128,2900,
s352959880,p02982,u529012223,1567515994,Python,Python (3.4.3),py,Accepted,150,12488,375,
s275365244,p02982,u006279390,1567504168,C++,C++14 (GCC 5.4.1),cpp,Accepted,1,256,720,
s559177419,p02982,u209713918,1567483853,C++,C++14 (GCC 5.4.1),cpp,Accepted,1,128,1083,
s353786399,p02982,u209713918,1567483754,C++,C++14 (GCC 5.4.1),cpp,Accepted,1,128,1083,
s034403828,p02982,u209713918,1567483634,C++,C++14 (GCC 5.4.1),cpp,Accepted,1,128,1083,
s347936410,p02982,u910994303,1567481893,C++,C++14 (GCC 5.4.1),cpp,Accepted,1,256,709,
s064946950,p02982,u674491576,1567481892,C++,C++14 (GCC 5.4.1),cpp,Accepted,1,256,680,
s155758362,p02982,u077337864,1567481437,C++,C++14 (GCC 5.4.1),cpp,Accepted,1,256,1318,
s292726186,p02982,u077337864,1567481101,C++,C++14 (GCC 5.4.1),cpp,Wrong Answer,2,256,1310,
s621925392,p02982,u551351897,1567481073,C++,C++14 (GCC 5.4.1),cpp,Accepted,1,256,1385,
s970937925,p02982,u910994303,1567480440,C++,C++14 (GCC 5.4.1),cpp,Wrong Answer,1,256,710,
s280628175,p02982,u928536113,1567480213,C++,C++14 (GCC 5.4.1),cpp,Accepted,1,256,594,
s529619705,p02982,u863507492,1567474236,C++,C++14 (GCC 5.4.1),cpp,Accepted,1,256,593,
s974443108,p02982,u708550576,1567473969,C++,C++14 (GCC 5.4.1),cpp,Accepted,1,256,742,
s391142074,p02982,u708550576,1567473830,C++,C++14 (GCC 5.4.1),cpp,Wrong Answer,1,256,741,
s514941625,p02982,u708550576,1567473695,C++,C++14 (GCC 5.4.1),cpp,Wrong Answer,1,256,740,
s171372564,p02982,u759237395,1567473493,C,C (GCC 5.4.1),c,Accepted,1,128,788,
s477877943,p02982,u863507492,1567473352,C++,C++14 (GCC 5.4.1),cpp,Compile Error,,,576,
s061972857,p02982,u493750228,1567473348,C++,C++14 (GCC 5.4.1),cpp,Accepted,1,256,1364,
s033976187,p02982,u094932051,1567473323,Python,Python (3.4.3),py,Accepted,17,3188,504,
s198764334,p02982,u543284218,1567473212,C++,C++14 (GCC 5.4.1),cpp,Accepted,2,384,610,
s785353001,p02982,u543284218,1567473132,C++,C++14 (GCC 5.4.1),cpp,Accepted,3,384,610,
s015026268,p02982,u543284218,1567473086,C++,C++14 (GCC 5.4.1),cpp,Accepted,1,256,610,
s635057022,p02982,u477343425,1567469464,C++,C++14 (GCC 5.4.1),cpp,Accepted,1,256,669,
s497654596,p02982,u444082822,1567460794,Python,Python (3.4.3),py,Accepted,18,3060,299,
s611899580,p02982,u747427153,1567453870,Python,Python (3.4.3),py,Accepted,18,3188,266,
s764024679,p02982,u436741428,1567449697,C++,C++14 (GCC 5.4.1),cpp,Accepted,1,256,639,
s707441200,p02982,u023540496,1567448455,C++,C++ (GCC 5.4.1),cpp,Accepted,3,512,804,
s397179295,p02982,u023540496,1567448313,C++,C++ (GCC 5.4.1),cpp,Wrong Answer,3,384,795,
s261463804,p02982,u023540496,1567448222,C++,C++ (GCC 5.4.1),cpp,Wrong Answer,1,256,799,
s271931148,p02982,u023540496,1567448064,C++,C++ (GCC 5.4.1),cpp,Wrong Answer,1,256,803,
s876175956,p02982,u023540496,1567447825,C++,C++ (GCC 5.4.1),cpp,Wrong Answer,1,256,805,
s980887714,p02982,u110383054,1567445696,C++,C++14 (Clang 3.8.0),cpp,Accepted,10,888,788,
s386280711,p02982,u624463308,1567441521,C++,C++14 (GCC 5.4.1),cpp,Accepted,1,256,842,
s108962844,p02982,u625963200,1567430167,Python,Python (3.4.3),py,Accepted,18,3064,282,
s739437056,p02982,u816645498,1567428199,C++,C++14 (GCC 5.4.1),cpp,Accepted,1,256,633,
s705335282,p02982,u298152049,1567423155,Go,Go (1.6),go,Accepted,1,512,480,
s668164556,p02982,u576678086,1567417240,C,C (GCC 5.4.1),c,Accepted,1,128,552,
s274185482,p02982,u576678086,1567417217,C++,C++14 (GCC 5.4.1),cpp,Compile Error,,,552,
s787467351,p02982,u802905102,1567406163,C++,C++14 (GCC 5.4.1),cpp,Accepted,1,256,904,
s185793035,p02982,u755310927,1567397957,C++,C++14 (GCC 5.4.1),cpp,Accepted,1,256,764,
s095423595,p02982,u261263275,1567397863,C++,C++14 (GCC 5.4.1),cpp,Accepted,1,256,605,
s182453382,p02982,u546074985,1567388001,Python,Python (3.4.3),py,Accepted,18,3064,354,
s735673239,p02982,u863370423,1567386269,C++,C++14 (GCC 5.4.1),cpp,Accepted,1,256,1203,
s040894626,p02982,u550943777,1567370738,Python,Python (3.4.3),py,Accepted,18,3188,372,
s203648576,p02982,u113827770,1567370246,Python,Python (3.4.3),py,Accepted,17,3060,326,
s785943422,p02982,u308684517,1567370113,C++,C++14 (GCC 5.4.1),cpp,Accepted,4,256,597,
s030098344,p02982,u308684517,1567369791,C++,C++14 (GCC 5.4.1),cpp,Wrong Answer,1,256,650,
s266287266,p02982,u176264727,1567367768,Python,Python (3.4.3),py,Accepted,18,3060,340,
s749501539,p02982,u090361088,1567367584,Python,Python (3.4.3),py,Accepted,296,21184,362,
s540061185,p02982,u644907318,1567366968,Python,Python (3.4.3),py,Accepted,20,3188,359,
s535862344,p02982,u936985471,1567357880,Python,Python (3.4.3),py,Accepted,18,3064,294,
s042092353,p02982,u867604473,1567352516,Python,Python (3.4.3),py,Accepted,18,3064,332,
s190173717,p02982,u466331465,1567312650,Python,Python (3.4.3),py,Accepted,59,3060,282,
s356050369,p02982,u466331465,1567312398,Python,Python (3.4.3),py,Runtime Error,17,3060,270,
s386845215,p02982,u273038590,1567310004,Python,Python (3.4.3),py,Accepted,18,3064,301,
s676660140,p02982,u376998218,1567306713,C++,C++14 (GCC 5.4.1),cpp,Accepted,1,256,817,
s903841892,p02982,u858575800,1567306317,C++,C++14 (GCC 5.4.1),cpp,Accepted,1,256,742,
s940735677,p02982,u331606500,1567301372,C++,C++14 (GCC 5.4.1),cpp,Accepted,1,256,591,
s651104294,p02982,u347746039,1567285274,C++,C++14 (GCC 5.4.1),cpp,Accepted,1,256,967,
s012081993,p02982,u536377809,1567283092,Python,Python (3.4.3),py,Accepted,18,3188,298,
s149175314,p02982,u257668305,1567279127,Ruby,Ruby (2.3.3),rb,Accepted,7,1788,345,
s573386812,p02982,u986943157,1567275055,Python,PyPy3 (2.4.0),py,Accepted,178,38384,657,
s036079451,p02982,u176264727,1567271219,Python,Python (3.4.3),py,Accepted,17,3064,319,
s442098594,p02982,u257668305,1567270827,Ruby,Ruby (2.3.3),rb,Accepted,7,1788,346,
s199655957,p02982,u671291651,1567250427,C++,C++14 (GCC 5.4.1),cpp,Accepted,3,256,1995,
s824982649,p02982,u671291651,1567250359,C++,C++14 (GCC 5.4.1),cpp,Wrong Answer,1,256,1990,
s650912929,p02982,u934212306,1567238436,C++,C++14 (GCC 5.4.1),cpp,Accepted,1,256,934,
s859977965,p02982,u372798233,1567237638,C++,C++14 (GCC 5.4.1),cpp,Accepted,1,256,1784,
s429802895,p02982,u372798233,1567223834,C++,C++14 (GCC 5.4.1),cpp,Wrong Answer,1,256,1759,
s961527356,p02982,u372798233,1567223775,C++,C++14 (GCC 5.4.1),cpp,Compile Error,,,1758,
s930326445,p02982,u272496669,1567222687,C++,C++14 (GCC 5.4.1),cpp,Accepted,1,256,507,
s130374027,p02982,u781753628,1567219512,Haskell,Haskell (GHC 7.10.3),hs,Accepted,2,1020,566,
s355137148,p02982,u616522759,1567218766,Python,Python (3.4.3),py,Accepted,18,3064,319,
s281685543,p02982,u934402094,1567216357,Python,Python (3.4.3),py,Accepted,60,3064,371,
s690225283,p02982,u425970024,1567215060,C++,C++14 (GCC 5.4.1),cpp,Accepted,1,256,623,
s019304466,p02982,u934402094,1567214372,Python,Python (3.4.3),py,Accepted,150,12392,348,
s325572106,p02982,u983505021,1567195388,C++,C++14 (GCC 5.4.1),cpp,Accepted,1,256,896,
s960708467,p02982,u075303794,1567191808,Python,Python (3.4.3),py,Accepted,18,3064,300,
s433979227,p02982,u075303794,1567191614,Python,Python (3.4.3),py,Accepted,19,3064,296,
s545179822,p02982,u791091424,1567190935,Python,PyPy3 (2.4.0),py,Runtime Error,184,38384,416,
s467181004,p02982,u893063840,1567171926,Python,Python (3.4.3),py,Accepted,173,13416,309,
s186911161,p02982,u748757847,1567159813,C++,C++14 (GCC 5.4.1),cpp,Accepted,1,256,720,
s177191229,p02982,u202570162,1567152467,Python,Python (3.4.3),py,Accepted,18,3064,356,
s500446619,p02982,u630713695,1567151739,C++,C++14 (GCC 5.4.1),cpp,Accepted,1,256,506,
s301759562,p02982,u307700000,1567140575,C++,C++14 (GCC 5.4.1),cpp,Accepted,1,256,486,
s166115963,p02982,u026686258,1567136320,Kotlin,Kotlin (1.0.0),kt,Accepted,244,35992,3388,
s937711787,p02982,u693694535,1567134729,Python,Python (3.4.3),py,Accepted,222,14928,409,
s582560896,p02982,u816631826,1567133961,C++,C++14 (GCC 5.4.1),cpp,Runtime Error,101,256,452,
s866934204,p02982,u089230684,1567130567,C++,C++14 (GCC 5.4.1),cpp,Accepted,1,256,561,
s745898750,p02982,u089230684,1567130304,C++,C++14 (GCC 5.4.1),cpp,Accepted,1,256,610,
s725688354,p02982,u863370423,1567130199,C++,C++14 (GCC 5.4.1),cpp,Compile Error,,,592,
s388901599,p02982,u353919145,1567129760,C++,C++14 (GCC 5.4.1),cpp,Accepted,1,256,849,
s672808886,p02982,u089230684,1567129746,Python,Python (3.4.3),py,Accepted,18,3188,428,
s953815983,p02982,u502028059,1567129606,Python,Python (3.4.3),py,Accepted,18,3064,404,
s692727821,p02982,u018679195,1567129528,C++,C++14 (GCC 5.4.1),cpp,Accepted,1,256,515,
s211078283,p02982,u816631826,1567129433,C++,C++14 (GCC 5.4.1),cpp,Compile Error,,,489,
s925075350,p02982,u018679195,1567129274,Python,Python (3.4.3),py,Accepted,18,3064,527,
s821095107,p02982,u353919145,1567129204,C++,C++14 (GCC 5.4.1),cpp,Accepted,1,256,707,
s476271888,p02982,u089230684,1567129169,C++,C++14 (GCC 5.4.1),cpp,Accepted,1,256,541,
s909693743,p02982,u816631826,1567129047,C++,C++14 (GCC 5.4.1),cpp,Accepted,1,256,732,
s136296964,p02982,u353919145,1567128986,Python,Python (3.4.3),py,Accepted,17,3188,321,
s737463300,p02982,u089230684,1567128911,C++,C++14 (GCC 5.4.1),cpp,Accepted,1,256,1062,
s744470703,p02982,u863370423,1567128793,C++,C++14 (GCC 5.4.1),cpp,Accepted,1,256,1131,
s020958702,p02982,u089230684,1567128762,Python,Python (3.4.3),py,Accepted,18,3064,789,
s325878252,p02982,u816631826,1567128698,C++,C++14 (GCC 5.4.1),cpp,Accepted,1,256,991,
s128695354,p02982,u738898077,1567125958,Python,Python (3.4.3),py,Accepted,18,3188,369,
s748952348,p02982,u813559924,1567123497,C++,C++14 (GCC 5.4.1),cpp,Accepted,1,256,572,
s972207956,p02982,u318616028,1567117860,C++,C++14 (GCC 5.4.1),cpp,Accepted,1,256,920,
s765334949,p02982,u318616028,1567117727,C++,C++14 (GCC 5.4.1),cpp,Runtime Error,99,384,1016,
s180420463,p02982,u176445062,1567110738,Python,Python (3.4.3),py,Accepted,18,3064,313,
s905054333,p02982,u596276291,1567108026,Python,Python (3.4.3),py,Accepted,27,3960,1447,
s277227347,p02982,u305965165,1567106244,Python,PyPy3 (2.4.0),py,Accepted,170,38384,363,
s779221715,p02982,u473116917,1567106154,C++,C++14 (GCC 5.4.1),cpp,Accepted,1,256,740,
s507891848,p02982,u237513745,1567104955,Python,Python (3.4.3),py,Accepted,18,3064,351,
s987822994,p02982,u091810847,1567103825,Ruby,Ruby (2.3.3),rb,Accepted,7,1916,202,
s650987985,p02982,u350836088,1567097431,Python,Python (3.4.3),py,Accepted,19,3064,416,
s932779116,p02982,u835820697,1567093252,C++,C++14 (GCC 5.4.1),cpp,Accepted,1,256,788,
s962516324,p02982,u438621426,1567091558,C++,C++14 (GCC 5.4.1),cpp,Accepted,1,256,569,
s872915405,p02982,u045408189,1567085685,Python,Python (3.4.3),py,Accepted,18,3060,216,
s801839587,p02982,u045408189,1567085532,Python,Python (3.4.3),py,Runtime Error,17,3060,215,
s494249262,p02982,u927839462,1567081521,Python,Python (3.4.3),py,Accepted,18,3064,383,
s393435804,p02982,u927839462,1567081509,Python,Python (3.4.3),py,Accepted,18,3188,383,
s264745901,p02982,u628494808,1567081440,C++,C++14 (GCC 5.4.1),cpp,Wrong Answer,1,256,608,
s672207233,p02982,u191594139,1567076296,C++,C++14 (GCC 5.4.1),cpp,Accepted,1,256,1174,
s262845986,p02982,u261891508,1567064829,Python,Python (3.4.3),py,Accepted,18,3064,335,
s109573461,p02982,u261891508,1567064803,Python,Python (3.4.3),py,Wrong Answer,18,3064,334,
s577085976,p02982,u900249934,1567057603,C,C (GCC 5.4.1),c,Accepted,2,256,667,
s889156862,p02982,u843739531,1567052516,C++,C++14 (GCC 5.4.1),cpp,Accepted,1,256,1147,
s229454267,p02982,u843739531,1567052240,C++,C++14 (GCC 5.4.1),cpp,Wrong Answer,1,256,1097,
s967912180,p02982,u761994361,1567050833,C++,C++14 (GCC 5.4.1),cpp,Accepted,2,384,495,
s507552421,p02982,u325282913,1567050297,Python,PyPy3 (2.4.0),py,Accepted,171,38384,394,
s406215950,p02982,u694725414,1567049066,C++,C++14 (GCC 5.4.1),cpp,Accepted,1,256,565,
s277395430,p02982,u682860781,1567047871,Python,Python (3.4.3),py,Accepted,17,3060,292,
s958479130,p02982,u973797979,1567043637,C++,C++14 (GCC 5.4.1),cpp,Accepted,1,256,1851,
s212236916,p02982,u957167787,1567040997,Python,Python (3.4.3),py,Accepted,17,3060,344,
s478496245,p02982,u382880969,1567036595,C++,C++14 (GCC 5.4.1),cpp,Accepted,1,256,1053,
s635039722,p02982,u908173678,1567036417,C++,C++14 (GCC 5.4.1),cpp,Accepted,1,256,1028,
s924770533,p02982,u908173678,1567036338,C++,C++14 (GCC 5.4.1),cpp,Wrong Answer,1,256,1085,
s402005142,p02982,u908173678,1567035770,C++,C++14 (GCC 5.4.1),cpp,Wrong Answer,1,256,1006,
s843807334,p02982,u124735330,1567032251,Python,Python (3.4.3),py,Accepted,24,3700,601,
s900095044,p02982,u922974720,1567024824,C++,C++14 (GCC 5.4.1),cpp,Accepted,1,256,917,
s762919514,p02982,u922974720,1567024753,C++,C++14 (GCC 5.4.1),cpp,Wrong Answer,1,256,917,
s059308276,p02982,u922974720,1567024678,C++,C++14 (GCC 5.4.1),cpp,Wrong Answer,1,256,915,
s109125543,p02982,u592686932,1567020360,C++,C++14 (GCC 5.4.1),cpp,Accepted,1,256,1842,
s220991356,p02982,u592686932,1567020154,C++,C++14 (GCC 5.4.1),cpp,Wrong Answer,1,256,1803,
s909451011,p02982,u708590262,1567019182,C++,C++14 (GCC 5.4.1),cpp,Accepted,1,256,612,
s022953775,p02982,u169667377,1567017614,C#,C# (Mono 4.6.2.0),cs,Accepted,28,13396,1231,
s431883444,p02982,u762183504,1567013887,C++,C++14 (GCC 5.4.1),cpp,Accepted,1,256,752,
s362181428,p02982,u762183504,1567013785,C++,C++14 (GCC 5.4.1),cpp,Runtime Error,97,256,758,
s385037508,p02982,u762183504,1567013148,C++,C++14 (GCC 5.4.1),cpp,Runtime Error,98,256,850,
s268950775,p02982,u679439110,1567009563,Python,Python (3.4.3),py,Accepted,18,3064,309,
s124452200,p02982,u732870425,1567007328,Python,Python (3.4.3),py,Accepted,17,3064,331,
s358036967,p02982,u562206657,1567007072,C++,C++14 (GCC 5.4.1),cpp,Accepted,1,256,1235,
s238760922,p02982,u732870425,1567005567,Python,Python (3.4.3),py,Accepted,17,3064,321,
s657102984,p02982,u732870425,1567005207,Python,Python (3.4.3),py,Wrong Answer,60,3064,399,
s417652102,p02982,u266874640,1566992848,Python,Python (3.4.3),py,Accepted,139,3188,367,
s378181372,p02982,u863370423,1566973746,C,C (GCC 5.4.1),c,Accepted,1,128,521,
s509718067,p02982,u061984624,1566965157,C++,C++14 (GCC 5.4.1),cpp,Accepted,1,256,2097,
s093509831,p02982,u900303768,1566964084,Python,Python (3.4.3),py,Accepted,17,3064,364,
s505814246,p02982,u687443343,1566963678,Python,Python (3.4.3),py,Accepted,18,3188,257,
s458894193,p02982,u687443343,1566963616,Python,Python (3.4.3),py,Wrong Answer,18,3060,255,
s327778410,p02982,u141410514,1566962254,Python,Python (3.4.3),py,Accepted,18,3064,412,
s626561417,p02982,u854690176,1566956845,Python,Python (3.4.3),py,Accepted,18,3188,376,
s378399192,p02982,u820052258,1566956827,Python,Python (3.4.3),py,Accepted,18,3064,411,
s858551887,p02982,u770009793,1566952565,C++,C++14 (GCC 5.4.1),cpp,Accepted,1,256,503,
s074640638,p02982,u883725898,1566951085,C++,C++14 (GCC 5.4.1),cpp,Accepted,1,256,564,
s058541851,p02982,u272246549,1566945458,C++,C++14 (GCC 5.4.1),cpp,Accepted,1,256,2326,
s191149933,p02982,u818349438,1566944902,Python,Python (3.4.3),py,Accepted,110,8600,366,
s475497190,p02982,u818349438,1566944484,Python,Python (3.4.3),py,Wrong Answer,110,8600,356,
s228660669,p02982,u051306075,1566943848,C++,C++14 (GCC 5.4.1),cpp,Accepted,1,256,582,
s798514362,p02982,u818349438,1566943329,Python,Python (3.4.3),py,Wrong Answer,19,3064,366,
s341607133,p02982,u818349438,1566943037,Python,Python (3.4.3),py,Wrong Answer,18,3064,365,
s334985778,p02982,u818349438,1566942866,Python,Python (3.4.3),py,Wrong Answer,18,3064,365,
s321194870,p02982,u169696482,1566942668,Python,Python (3.4.3),py,Accepted,149,12428,292,
s989497079,p02982,u051306075,1566942590,C++,C++14 (GCC 5.4.1),cpp,Wrong Answer,1,256,312,
s431081115,p02982,u818349438,1566942565,Python,Python (3.4.3),py,Wrong Answer,18,3064,365,
s782734980,p02982,u051306075,1566942555,C++,C++14 (GCC 5.4.1),cpp,Compile Error,,,311,
s591723696,p02982,u185821641,1566927233,C++,C++14 (GCC 5.4.1),cpp,Accepted,1,256,613,
s773315391,p02982,u881599732,1566910010,C++,C++14 (GCC 5.4.1),cpp,Accepted,1,256,545,
s800814074,p02982,u089230684,1566892904,C++,C++14 (GCC 5.4.1),cpp,Accepted,1,256,641,
s514526731,p02982,u360980679,1566892800,C++,C++14 (GCC 5.4.1),cpp,Accepted,1,256,4617,
s804570809,p02982,u863370423,1566892470,C,C (GCC 5.4.1),c,Accepted,1,128,882,
s794835080,p02982,u089230684,1566888032,C,C (GCC 5.4.1),c,Accepted,1,128,609,
s819919753,p02982,u073486874,1566885995,C++,C++14 (GCC 5.4.1),cpp,Accepted,1,256,1067,
s085637475,p02982,u895409580,1566885559,C++,C++14 (GCC 5.4.1),cpp,Accepted,1,256,785,
s848485665,p02982,u830237447,1566882771,JavaScript,JavaScript (node.js v5.12),js,Accepted,58,7372,620,
s493360013,p02982,u707853565,1566881491,C++,C++14 (GCC 5.4.1),cpp,Accepted,1,256,536,
s482886515,p02982,u861962192,1566880481,Python,Python (3.4.3),py,Accepted,18,3064,441,
s398562201,p02982,u981932242,1566878857,Ruby,Ruby (2.3.3),rb,Accepted,8,1788,373,
s571401856,p02982,u969062493,1566878684,Python,Python (3.4.3),py,Accepted,286,21040,342,
s167919710,p02982,u678009529,1566873512,Python,Python (3.4.3),py,Accepted,17,3060,284,
s398942455,p02982,u408861977,1566862929,C++,C++14 (GCC 5.4.1),cpp,Accepted,1,256,924,
s291992986,p02982,u074003648,1566857519,C++,C++14 (GCC 5.4.1),cpp,Accepted,1,256,609,
s256742090,p02982,u074003648,1566856461,C++,C++14 (GCC 5.4.1),cpp,Wrong Answer,1,384,595,
s234222618,p02982,u074003648,1566856397,C++,C++14 (GCC 5.4.1),cpp,Wrong Answer,1,384,597,
s286122410,p02982,u347452770,1566853890,Java,Java8 (OpenJDK 1.8.0),java,Accepted,101,21844,919,
s404919231,p02982,u223904637,1566853272,Python,Python (3.4.3),py,Accepted,296,21280,313,
s169212279,p02982,u639104973,1566853244,Python,Python (3.4.3),py,Accepted,22,3444,211,
s467316654,p02982,u223904637,1566853193,Python,Python (3.4.3),py,Wrong Answer,152,12396,311,
s212626582,p02982,u347452770,1566852960,Java,Java8 (OpenJDK 1.8.0),java,Compile Error,,,767,
s365501463,p02982,u347452770,1566852680,Java,Java8 (OpenJDK 1.8.0),java,Compile Error,,,745,
s662862850,p02982,u347452770,1566852578,Java,Java8 (OpenJDK 1.8.0),java,Compile Error,,,741,
s006647881,p02982,u347452770,1566852521,Java,Java8 (OpenJDK 1.8.0),java,Compile Error,,,704,
s918217253,p02982,u943657163,1566850965,Go,Go (1.6),go,Accepted,1,512,488,
s023295827,p02982,u270812683,1566820722,C++,C++14 (GCC 5.4.1),cpp,Compile Error,,,629,
s118799648,p02982,u270812683,1566820645,C++,C++14 (GCC 5.4.1),cpp,Compile Error,,,625,
s681733716,p02982,u270812683,1566820336,C++,C++14 (GCC 5.4.1),cpp,Compile Error,,,565,
s810362994,p02982,u390727364,1566797625,Ruby,Ruby (2.3.3),rb,Accepted,8,1788,280,
s300811820,p02982,u390727364,1566796949,Ruby,Ruby (2.3.3),rb,Runtime Error,7,1788,238,
s992308437,p02982,u876149922,1566796390,Go,Go (1.6),go,Accepted,1,640,700,
s556686198,p02982,u876149922,1566796052,Go,Go (1.6),go,Accepted,1,640,1031,
s771743790,p02982,u939702463,1566790715,Nim,Nim (0.13.0),nim,Accepted,1,256,381,
s427722750,p02982,u123756661,1566787075,Python,PyPy3 (2.4.0),py,Accepted,179,38384,339,
s751600069,p02982,u123756661,1566786871,Python,PyPy3 (2.4.0),py,Wrong Answer,170,38384,338,
s523725990,p02982,u017076027,1566786290,Python,Python (3.4.3),py,Accepted,18,3064,466,
s776196381,p02982,u655777757,1566785489,C++,C++14 (GCC 5.4.1),cpp,Accepted,1,256,750,
s753000666,p02982,u307860479,1566784596,C++,C++14 (GCC 5.4.1),cpp,Accepted,1,256,723,
s249930986,p02982,u852449189,1566782575,C++,C++14 (GCC 5.4.1),cpp,Accepted,1,256,900,
s963695035,p02982,u886912231,1566769955,C++,C++14 (GCC 5.4.1),cpp,Accepted,1,256,623,
s355621706,p02982,u647653350,1566769087,C++,C++14 (GCC 5.4.1),cpp,Accepted,1,256,684,
s030216777,p02982,u849226974,1566768508,C++,C++14 (GCC 5.4.1),cpp,Accepted,1,256,952,
s415442613,p02982,u216734998,1566765409,PHP,PHP (5.6.30),php,Accepted,12,3828,636,
s097115800,p02982,u852770206,1566765298,C++,C++14 (GCC 5.4.1),cpp,Accepted,1,256,615,
s002873639,p02982,u020639289,1566756269,Go,Go (1.6),go,Accepted,1,640,638,
s788126094,p02982,u270812683,1566754721,C++,C++14 (GCC 5.4.1),cpp,Accepted,1,256,863,
s351406622,p02982,u412481017,1566751644,Python,Python (3.4.3),py,Accepted,18,3188,298,
s697469772,p02982,u363768711,1566750493,Python,Python (3.4.3),py,Accepted,17,3188,276,
s127022653,p02982,u319179101,1566744968,C++,C++14 (GCC 5.4.1),cpp,Accepted,1,256,629,
s494866595,p02982,u319179101,1566744661,C++,C++14 (GCC 5.4.1),cpp,Wrong Answer,1,256,627,
s943913985,p02982,u809457879,1566742482,Python,Python (3.4.3),py,Accepted,18,3064,265,
s687484794,p02982,u891635666,1566726147,Python,PyPy3 (2.4.0),py,Accepted,169,38256,380,
s451782615,p02982,u073852194,1566709620,Python,Python (3.4.3),py,Accepted,18,3064,374,
s310491938,p02982,u971237642,1566708764,Python,Python (3.4.3),py,Accepted,17,3064,586,
s894556638,p02982,u367199607,1566707856,C++,C++14 (GCC 5.4.1),cpp,Accepted,1,256,520,
s688559386,p02982,u835482198,1566706625,Python,Python (3.4.3),py,Accepted,17,3064,373,
s150043723,p02982,u640603056,1566706432,Python,Python (3.4.3),py,Accepted,17,3188,352,
s279667511,p02982,u626353997,1566706033,Java,Java8 (OpenJDK 1.8.0),java,Accepted,108,21844,794,
s802845907,p02982,u640603056,1566705890,Python,Python (3.4.3),py,Accepted,17,3188,370,
s456651171,p02982,u626353997,1566705801,Java,Java8 (OpenJDK 1.8.0),java,Wrong Answer,107,23636,784,
s750838367,p02982,u640603056,1566705793,Python,Python (3.4.3),py,Runtime Error,17,3064,385,
s160057794,p02982,u640603056,1566705757,Python,Python (3.4.3),py,Runtime Error,17,3064,383,
s434669303,p02982,u640603056,1566705659,Python,Python (3.4.3),py,Wrong Answer,18,3188,379,
s427171038,p02982,u640603056,1566705334,Python,Python (3.4.3),py,Wrong Answer,17,3188,357,
s351217470,p02982,u303745819,1566699983,Python,Python (3.4.3),py,Wrong Answer,18,3064,401,
s453054722,p02982,u647653350,1566692984,C++,C++14 (GCC 5.4.1),cpp,Wrong Answer,1,256,680,
s159709581,p02982,u592068888,1566692870,C++,C++14 (GCC 5.4.1),cpp,Accepted,1,256,1326,
s320936466,p02982,u355724718,1566692738,C++,C++14 (GCC 5.4.1),cpp,Accepted,1,256,593,
s679412671,p02982,u647653350,1566692454,C++,C++14 (GCC 5.4.1),cpp,Wrong Answer,1,256,659,
s962340110,p02982,u628758223,1566692411,C++,C++ (GCC 5.4.1),cpp,Accepted,1,256,437,
s098257594,p02982,u953054955,1566691609,Python,Python (3.4.3),py,Accepted,18,3188,572,
s350544751,p02982,u953054955,1566689532,Python,Python (3.4.3),py,Accepted,18,3064,626,
s709958315,p02982,u852449189,1566687404,C++,C++14 (GCC 5.4.1),cpp,Wrong Answer,2,256,625,
s291529775,p02982,u993622994,1566681789,Python,Python (3.4.3),py,Accepted,17,3188,331,
s973296723,p02982,u923105140,1566680936,C++,C++14 (GCC 5.4.1),cpp,Accepted,1,256,573,
s538911814,p02982,u258342334,1566675864,C++,C++14 (GCC 5.4.1),cpp,Accepted,1,256,597,
s875742399,p02982,u296518383,1566665437,Python,Python (3.4.3),py,Accepted,18,3064,320,
s876646709,p02982,u296518383,1566665103,Python,Python (3.4.3),py,Wrong Answer,18,3188,302,
s194646990,p02982,u039332718,1566659526,Python,Python (3.4.3),py,Accepted,18,3064,392,
s765144606,p02982,u661983922,1566658836,Python,Python (3.4.3),py,Accepted,18,3188,580,
s000927202,p02982,u222030240,1566652550,C++,C++14 (GCC 5.4.1),cpp,Accepted,1,256,1120,
s641863251,p02982,u762469320,1566651984,Python,Python (3.4.3),py,Wrong Answer,153,14420,270,
s595033904,p02982,u762469320,1566651647,Python,Python (3.4.3),py,Accepted,166,13096,256,
s927587760,p02982,u008695540,1566648241,Java,Java8 (OpenJDK 1.8.0),java,Accepted,112,21972,791,
s977083966,p02982,u646130340,1566647340,Python,Python (3.4.3),py,Accepted,18,3064,308,
s727038278,p02982,u161336145,1566637165,C++,C++14 (GCC 5.4.1),cpp,Accepted,1,256,515,
s356866832,p02982,u161336145,1566636794,C++,C++14 (GCC 5.4.1),cpp,Wrong Answer,1,256,951,
s655580813,p02982,u025335269,1566626517,C#,C# (Mono 4.6.2.0),cs,Accepted,22,13140,1295,
s752241692,p02982,u357050210,1566625474,Python,Python (3.4.3),py,Accepted,18,3064,392,
s598753075,p02982,u357630630,1566624511,Python,Python (3.4.3),py,Accepted,18,3060,366,
s651465920,p02982,u002459665,1566620603,Python,Python (3.4.3),py,Accepted,19,3060,354,
s324474716,p02982,u091622975,1566611986,C++,C++14 (GCC 5.4.1),cpp,Accepted,1,256,716,
s135058313,p02982,u933476247,1566611573,C++,C++14 (GCC 5.4.1),cpp,Accepted,1,256,1145,
s282027152,p02982,u765789766,1566611089,C++,C++14 (GCC 5.4.1),cpp,Accepted,1,256,457,
s643532372,p02982,u765789766,1566610992,C++,C++14 (GCC 5.4.1),cpp,Compile Error,,,457,
s979429524,p02982,u309469516,1566610605,Ruby,Ruby (2.3.3),rb,Accepted,8,3836,783,
s951502197,p02982,u672475305,1566603814,Python,Python (3.4.3),py,Accepted,17,3060,368,
s773824279,p02982,u561788141,1566600928,C,C (GCC 5.4.1),c,Accepted,1,128,563,
s030414862,p02982,u561788141,1566600644,C,C (GCC 5.4.1),c,Compile Error,,,560,
s814315029,p02982,u205975249,1566596600,C++,C++14 (GCC 5.4.1),cpp,Accepted,1,256,584,
s046661567,p02982,u552192779,1566595015,Python,Python (3.4.3),py,Accepted,18,3064,378,
s091379196,p02982,u086355897,1566591675,C++,C++14 (GCC 5.4.1),cpp,Accepted,2,256,871,
s478520677,p02982,u460229551,1566587260,Python,Python (3.4.3),py,Accepted,18,3064,432,
s995892990,p02982,u931118906,1566577065,Python,Python (3.4.3),py,Accepted,18,3064,311,
s623551183,p02982,u937642029,1566575997,Python,Python (3.4.3),py,Accepted,18,3064,364,
s327605320,p02982,u801567653,1566575863,Java,Java8 (OpenJDK 1.8.0),java,Wrong Answer,101,23508,296,
s947439863,p02982,u101113363,1566575460,Python,Python (3.4.3),py,Accepted,18,3064,290,
s004860753,p02982,u931118906,1566575117,Python,Python (3.4.3),py,Wrong Answer,19,3188,306,
s422421141,p02982,u917092881,1566568551,Python,PyPy3 (2.4.0),py,Accepted,167,38256,416,
s123941054,p02982,u416273217,1566547269,C++,C++14 (GCC 5.4.1),cpp,Accepted,1,256,2217,
s593075347,p02982,u862412671,1566536682,C++,C++14 (GCC 5.4.1),cpp,Accepted,1,256,602,
s939153960,p02982,u859897687,1566535481,Python,Python (3.4.3),py,Accepted,18,3188,261,
s125043529,p02982,u859897687,1566535376,Python,Python (3.4.3),py,Runtime Error,18,3188,261,
s586733028,p02982,u859897687,1566535225,Python,Python (3.4.3),py,Runtime Error,18,3188,246,
s180752028,p02982,u642823003,1566532088,Python,Python (3.4.3),py,Accepted,18,3064,396,
s300847142,p02982,u292106243,1566531245,C++,C++14 (GCC 5.4.1),cpp,Accepted,1,256,836,
s064829114,p02982,u367534053,1566530130,C++,C++14 (GCC 5.4.1),cpp,Accepted,2,4352,1159,
s462958920,p02982,u864013199,1566525652,Python,Python (3.4.3),py,Accepted,18,3064,289,
s733525420,p02982,u719886494,1566525052,Python,Python (3.4.3),py,Accepted,18,3188,360,
s828923646,p02982,u719886494,1566522649,Python,Python (3.4.3),py,Runtime Error,17,3060,281,
s900882135,p02982,u703877026,1566521818,C++,C++14 (GCC 5.4.1),cpp,Accepted,1,384,1683,
s876997753,p02982,u768896740,1566519994,Python,Python (3.4.3),py,Accepted,18,3064,384,
s246194682,p02982,u450096124,1566513432,C++,C++14 (GCC 5.4.1),cpp,Accepted,1,256,881,
s680615125,p02982,u829956284,1566510845,C++,C++14 (GCC 5.4.1),cpp,Accepted,1,256,1116,
s486410734,p02982,u556225812,1566507392,Python,Python (3.4.3),py,Accepted,18,3064,346,
s171562314,p02982,u501148202,1566504853,JavaScript,JavaScript (node.js v5.12),js,Accepted,55,7372,1811,
s704314474,p02982,u362800497,1566504411,C++,C++14 (GCC 5.4.1),cpp,Accepted,3,896,683,
s779709691,p02982,u741134767,1566501587,C++,C++14 (GCC 5.4.1),cpp,Accepted,1,256,472,
s580132756,p02982,u741134767,1566501344,C++,C++14 (GCC 5.4.1),cpp,Wrong Answer,1,256,470,
s870305700,p02982,u741134767,1566501188,C++,C++14 (GCC 5.4.1),cpp,Wrong Answer,1,256,471,
s894667435,p02982,u741134767,1566501164,C++,C++14 (GCC 5.4.1),cpp,Compile Error,,,467,
s177337081,p02982,u741134767,1566501033,C++,C++14 (GCC 5.4.1),cpp,Wrong Answer,1,256,432,
s416007460,p02982,u741134767,1566500868,C++,C++14 (GCC 5.4.1),cpp,Wrong Answer,1,256,430,
s291575116,p02982,u263220374,1566489633,C++,C++14 (GCC 5.4.1),cpp,Accepted,4,512,617,
s433803394,p02982,u231014113,1566487374,Java,Java8 (OpenJDK 1.8.0),java,Accepted,115,23252,657,
s352599743,p02982,u446338052,1566485928,C++,C++14 (GCC 5.4.1),cpp,Accepted,1,256,607,
s412566360,p02982,u325942975,1566483136,Java,Java8 (OpenJDK 1.8.0),java,Accepted,99,22612,766,
s569584163,p02982,u046187684,1566480655,Python,PyPy3 (2.4.0),py,Accepted,171,38384,259,
s592823508,p02982,u046187684,1566480475,Python,PyPy3 (2.4.0),py,Accepted,196,38384,286,
s595326952,p02982,u046187684,1566480371,Python,Python (3.4.3),py,Accepted,18,3060,322,
s795156822,p02982,u046187684,1566480210,Python,Python (3.4.3),py,Accepted,19,3060,322,
s451570283,p02982,u046187684,1566479894,Python,Python (3.4.3),py,Accepted,18,3060,277,
s932214656,p02982,u046187684,1566479795,Python,PyPy3 (2.4.0),py,Runtime Error,178,38496,277,
s683469783,p02982,u332385682,1566477391,D,D (DMD64 v2.070.1),d,Accepted,1,256,1711,
s835577818,p02982,u332385682,1566477286,D,D (DMD64 v2.070.1),d,Wrong Answer,1,256,1704,
s048118690,p02982,u387120391,1566476873,C++,C++14 (GCC 5.4.1),cpp,Accepted,1,256,762,
s731333568,p02982,u215268883,1566468168,C++,C++14 (GCC 5.4.1),cpp,Accepted,1,256,513,
s181668381,p02982,u152638361,1566451439,Python,Python (3.4.3),py,Accepted,18,3064,325,
s772143408,p02982,u161067211,1566448768,C++,C++14 (GCC 5.4.1),cpp,Accepted,1,256,894,
s656253223,p02982,u150641538,1566448512,Python,Python (3.4.3),py,Accepted,152,12528,259,
s256375164,p02982,u652420316,1566445550,C++,C++14 (GCC 5.4.1),cpp,Accepted,1,256,1329,
s183258768,p02982,u726769307,1566445227,Python,PyPy3 (2.4.0),py,Accepted,182,38384,291,
s691484216,p02982,u852798899,1566445168,C,C (GCC 5.4.1),c,Accepted,1,128,554,
s442082936,p02982,u726769307,1566445133,Python,PyPy3 (2.4.0),py,Wrong Answer,190,38384,289,
s993593663,p02982,u661853315,1566443671,C++,C++14 (GCC 5.4.1),cpp,Accepted,1,256,522,
s745849750,p02982,u983311472,1566443275,Python,PyPy3 (2.4.0),py,Accepted,167,38384,277,
s292810387,p02982,u539362921,1566442563,Python,Python (3.4.3),py,Accepted,19,3188,361,
s749204499,p02982,u539362921,1566442502,Python,Python (3.4.3),py,Accepted,151,12488,381,
s549339964,p02982,u539362921,1566442467,Python,Python (3.4.3),py,Accepted,152,12424,381,
s180800558,p02982,u983311472,1566441881,Python,PyPy3 (2.4.0),py,Wrong Answer,183,38256,268,
s705184253,p02982,u688375653,1566439269,Python,Python (3.4.3),py,Accepted,18,3188,357,
s431361954,p02982,u962241803,1566435062,C++,C++14 (GCC 5.4.1),cpp,Accepted,3,6016,2673,
s147527880,p02982,u590088474,1566433650,C++,C++14 (GCC 5.4.1),cpp,Accepted,1,256,639,
s538586949,p02982,u468440945,1566431535,C++,C++14 (GCC 5.4.1),cpp,Accepted,1,256,1090,
s246500586,p02982,u602865659,1566426867,C++,C++14 (GCC 5.4.1),cpp,Accepted,1,256,956,
s746828236,p02982,u309470177,1566424496,C++,C++14 (GCC 5.4.1),cpp,Accepted,1,384,1263,
s713703323,p02982,u181837459,1566422440,Java,Java8 (OpenJDK 1.8.0),java,Accepted,109,21716,1347,
s521859242,p02982,u456611841,1566421965,C++,C++14 (GCC 5.4.1),cpp,Accepted,1,256,1272,
s793301998,p02982,u390170391,1566419363,Python,Python (3.4.3),py,Accepted,19,3188,349,
s962544400,p02982,u294385082,1566417547,Python,Python (3.4.3),py,Runtime Error,17,3060,272,
s491800686,p02982,u294385082,1566417529,Python,Python (3.4.3),py,Accepted,17,3060,270,
s008309396,p02982,u294385082,1566417325,Python,Python (3.4.3),py,Runtime Error,17,2940,274,
s664696530,p02982,u294385082,1566417229,Python,Python (3.4.3),py,Runtime Error,17,2940,275,
s876116578,p02982,u294385082,1566417147,Python,Python (3.4.3),py,Runtime Error,17,2940,284,
s368100100,p02982,u294385082,1566417130,Python,Python (3.4.3),py,Runtime Error,17,2940,286,
s656825967,p02982,u294385082,1566417070,Python,Python (3.4.3),py,Runtime Error,19,2940,274,
s314555853,p02982,u294385082,1566416958,Python,Python (3.4.3),py,Runtime Error,17,2940,275,
s558302865,p02982,u217582166,1566413421,Python,Python (3.4.3),py,Accepted,60,3064,367,
s803836658,p02982,u653807637,1566410791,C++,C++14 (GCC 5.4.1),cpp,Accepted,1,256,1139,
s902234034,p02982,u510383220,1566406647,C++,C++14 (GCC 5.4.1),cpp,Wrong Answer,4,256,553,
s237834367,p02982,u884379688,1566406604,C++,C++14 (GCC 5.4.1),cpp,Accepted,1,256,923,
s953482208,p02982,u950901760,1566397927,C++,C++14 (GCC 5.4.1),cpp,Accepted,1,256,721,
s258040165,p02982,u692015904,1566391697,Python,Python (3.4.3),py,Accepted,277,19584,247,
s572894189,p02982,u923465140,1566385749,Java,Java7 (OpenJDK 1.7.0),java,Accepted,116,22868,673,
s670287585,p02982,u568382716,1566384092,Java,Java7 (OpenJDK 1.7.0),java,Accepted,109,22740,672,
s395781620,p02982,u789101777,1566377362,C++,C++14 (GCC 5.4.1),cpp,Accepted,1,256,837,
s334824078,p02982,u789101777,1566376456,C++,C++14 (GCC 5.4.1),cpp,Wrong Answer,254,256,792,
s542176494,p02982,u111600809,1566370479,C++,C++14 (GCC 5.4.1),cpp,Accepted,1,256,682,
s107473817,p02982,u970738863,1566367703,C++,C++14 (GCC 5.4.1),cpp,Accepted,1,256,929,
s148386057,p02982,u111600809,1566366633,C++,C++14 (GCC 5.4.1),cpp,Wrong Answer,1,256,588,
s021042557,p02982,u085288971,1566359472,Kotlin,Kotlin (1.0.0),kt,Accepted,246,37848,503,
s481948014,p02982,u962609087,1566359274,C++,C++14 (GCC 5.4.1),cpp,Accepted,1,256,507,
s093124166,p02982,u962609087,1566359199,C++,C++14 (GCC 5.4.1),cpp,Wrong Answer,1,256,488,
s978204589,p02982,u962609087,1566359130,C++,C++14 (GCC 5.4.1),cpp,Wrong Answer,1,256,487,
s620650216,p02982,u962609087,1566359087,C++,C++14 (GCC 5.4.1),cpp,Compile Error,,,485,
s602078035,p02982,u962609087,1566358952,C++,C++14 (GCC 5.4.1),cpp,Compile Error,,,472,
s608694239,p02982,u630043039,1566358819,Ruby,Ruby (2.3.3),rb,Runtime Error,7,1788,399,
s253639699,p02982,u972398652,1566356629,C++,C++14 (GCC 5.4.1),cpp,Accepted,1,256,945,
s946648847,p02982,u972398652,1566356572,C++,C++14 (GCC 5.4.1),cpp,Wrong Answer,2,256,944,
s432576015,p02982,u902149880,1566356451,C++,C++14 (GCC 5.4.1),cpp,Accepted,1,256,959,
s640461846,p02982,u652569315,1566355744,Python,Python (3.4.3),py,Accepted,151,12504,272,
s126080923,p02982,u970738863,1566353300,C++,C++14 (GCC 5.4.1),cpp,Compile Error,,,476,
s946071128,p02982,u901582103,1566353225,Python,Python (3.4.3),py,Accepted,18,3064,289,
s374860018,p02982,u120374176,1566351420,C#,C# (Mono 4.6.2.0),cs,Wrong Answer,26,13396,1228,
s656538061,p02982,u640603056,1566350370,Python,Python (3.4.3),py,Accepted,18,3064,396,
s517344474,p02982,u643714578,1566350258,Python,Python (3.4.3),py,Accepted,18,3060,256,
s799255300,p02982,u640603056,1566349857,Python,Python (3.4.3),py,Wrong Answer,18,3064,417,
s708170135,p02982,u774202056,1566345924,C++,C++14 (GCC 5.4.1),cpp,Accepted,1,256,391,
s493763543,p02982,u247407965,1566342496,C++,C++14 (GCC 5.4.1),cpp,Accepted,1,256,784,
s391833580,p02982,u247407965,1566342035,C++,C++14 (GCC 5.4.1),cpp,Wrong Answer,1,256,665,
s708469454,p02982,u915238879,1566341422,Ruby,Ruby (2.3.3),rb,Accepted,8,1788,297,
s320892277,p02982,u183840468,1566339997,Python,Python (3.4.3),py,Accepted,149,12452,355,
s115088504,p02982,u762420987,1566339705,Python,Python (3.4.3),py,Accepted,150,12500,342,
s083976866,p02982,u640603056,1566338444,Python,Python (3.4.3),py,Wrong Answer,19,3188,409,
s578915034,p02982,u640603056,1566338059,Python,Python (3.4.3),py,Wrong Answer,17,3060,289,
s764753280,p02982,u669420827,1566334845,Python,PyPy3 (2.4.0),py,Accepted,171,38256,345,
s426703476,p02982,u626684023,1566334499,Python,Python (3.4.3),py,Accepted,18,3188,263,
s780327463,p02982,u626684023,1566334119,Python,Python (3.4.3),py,Wrong Answer,18,3064,265,
s405487704,p02982,u247576416,1566331754,C++,C++ (GCC 5.4.1),cpp,Wrong Answer,1,256,673,
s600692484,p02982,u618167957,1566331465,C++,C++14 (GCC 5.4.1),cpp,Accepted,1,256,797,
s451588089,p02982,u247576416,1566331384,C++,C++ (GCC 5.4.1),cpp,Wrong Answer,7,256,650,
s564034576,p02982,u942160358,1566326514,C++,C++14 (GCC 5.4.1),cpp,Accepted,1,256,627,
s864709410,p02982,u796936806,1566324030,C,C (GCC 5.4.1),c,Accepted,1,128,859,
s739551957,p02982,u796936806,1566323541,C,C (GCC 5.4.1),c,Wrong Answer,1,128,888,
s077020198,p02982,u796936806,1566323449,C,C (GCC 5.4.1),c,Wrong Answer,1,128,890,
s323408991,p02982,u796936806,1566323311,C,C (GCC 5.4.1),c,Wrong Answer,1,128,892,
s920822678,p02982,u796936806,1566323004,C,C (GCC 5.4.1),c,Wrong Answer,1,128,861,
s038065338,p02982,u796936806,1566322783,C,C (GCC 5.4.1),c,Wrong Answer,1,128,863,
s096003112,p02982,u640603056,1566320391,Python,Python (3.4.3),py,Wrong Answer,17,3060,173,
s243538159,p02982,u843292252,1566318300,C++,C++14 (GCC 5.4.1),cpp,Accepted,1,256,677,
s264456700,p02982,u543019323,1566313141,Python,Python (3.4.3),py,Accepted,18,3188,387,
s834681473,p02982,u229833930,1566309200,Python,Python (2.7.6),py,Accepted,210,16008,383,
s470891190,p02982,u299529534,1566298557,C++,C++14 (GCC 5.4.1),cpp,Accepted,1,256,634,
s793145037,p02982,u776056110,1566295827,C++,C++14 (GCC 5.4.1),cpp,Accepted,1,256,646,
s017117688,p02982,u412820911,1566279938,C++,C++14 (GCC 5.4.1),cpp,Accepted,1,256,2491,
s837187501,p02982,u494105162,1566275277,Java,Java8 (OpenJDK 1.8.0),java,Accepted,115,23252,1019,
s674486028,p02982,u600091079,1566272369,C++,C++14 (GCC 5.4.1),cpp,Accepted,1,256,2752,
s351359558,p02982,u945181840,1566261650,Python,Python (3.4.3),py,Accepted,325,21524,340,
s078524985,p02982,u945181840,1566261607,Python,Python (3.4.3),py,Wrong Answer,222,12484,360,
s060466865,p02982,u095021077,1566260986,Python,Python (3.4.3),py,Accepted,154,12508,302,
s162715815,p02982,u945181840,1566257940,Python,Python (3.4.3),py,Accepted,154,12512,289,
s267636051,p02982,u945181840,1566257616,Python,Python (3.4.3),py,Accepted,157,12396,332,
s005624771,p02982,u962680761,1566251461,C++,C++14 (GCC 5.4.1),cpp,Accepted,2,256,605,
s842858334,p02982,u962680761,1566251002,C++,C++14 (GCC 5.4.1),cpp,Wrong Answer,1,256,538,
s513749708,p02982,u864273141,1566248495,Python,Python (3.4.3),py,Accepted,18,3188,279,
s804563787,p02982,u385309449,1566245236,Python,Python (3.4.3),py,Accepted,18,3060,308,
s788922599,p02982,u256868077,1566231559,Python,Python (3.4.3),py,Accepted,17,3064,302,
s368399282,p02982,u167908302,1566229840,Python,Python (3.4.3),py,Accepted,17,3064,491,
s678518450,p02982,u833543158,1566229092,C++,C++14 (GCC 5.4.1),cpp,Accepted,1,256,842,
s506202762,p02982,u118477733,1566228263,Kotlin,Kotlin (1.0.0),kt,Accepted,241,37824,1139,
s358279716,p02982,u641446860,1566206335,C++,C++14 (GCC 5.4.1),cpp,Accepted,1,256,528,
s445226182,p02982,u838742270,1566200842,C++,C++11 (GCC 4.8.1),cpp,Accepted,1,256,1811,
s942131270,p02982,u577926181,1566193347,C++,C++14 (GCC 5.4.1),cpp,Accepted,1,256,443,
s016576592,p02982,u207917850,1566178094,C++,C++14 (GCC 5.4.1),cpp,Accepted,2,256,1560,
s445537036,p02982,u925364229,1566176352,Python,PyPy3 (2.4.0),py,Accepted,204,38768,427,
s251590653,p02982,u960267905,1566174655,Python,Python (3.4.3),py,Accepted,18,3064,937,
s563877156,p02982,u116002573,1566174555,Python,Python (3.4.3),py,Accepted,18,3064,506,
s406297414,p02982,u116002573,1566174534,Python,Python (3.4.3),py,Runtime Error,18,3064,340,
s750295783,p02982,u369212307,1566174075,C++,C++14 (GCC 5.4.1),cpp,Accepted,1,256,970,
s923236793,p02982,u215315599,1566174011,Python,Python (3.4.3),py,Accepted,151,12504,306,
s748697784,p02982,u365956698,1566173741,C++,C++14 (GCC 5.4.1),cpp,Accepted,1,256,556,
s006359515,p02982,u369212307,1566173149,C++,C++14 (GCC 5.4.1),cpp,Wrong Answer,1,256,855,
s032775097,p02982,u819238224,1566172078,C++,C++14 (GCC 5.4.1),cpp,Accepted,1,256,705,
s281199188,p02982,u055875839,1566169638,Python,Python (3.4.3),py,Accepted,18,3188,427,
s752187667,p02982,u238205921,1566168179,C++,C++14 (GCC 5.4.1),cpp,Accepted,1,256,848,
s347528394,p02982,u238205921,1566167712,C++,C++14 (GCC 5.4.1),cpp,Accepted,1,256,738,
s086297088,p02982,u447485613,1566167113,C++,C++14 (GCC 5.4.1),cpp,Accepted,1,256,723,
s535738186,p02982,u295618957,1566166298,C++,C++14 (GCC 5.4.1),cpp,Accepted,1,256,728,
s998177278,p02982,u295618957,1566166171,C++,C++14 (GCC 5.4.1),cpp,Wrong Answer,1,256,760,
s060521546,p02982,u295618957,1566166060,C++,C++14 (GCC 5.4.1),cpp,Compile Error,,,750,
s659547239,p02982,u287431190,1566163184,Fortran,Fortran (gfortran v4.8.4),f,Accepted,1,256,408,
s290827007,p02982,u788717734,1566162268,C++,C++14 (GCC 5.4.1),cpp,Accepted,1,256,648,
s354282950,p02982,u045707160,1566159987,Python,Python (3.4.3),py,Accepted,18,3060,307,
s992175473,p02982,u396391104,1566159592,Python,Python (3.4.3),py,Accepted,20,3064,410,
s290316199,p02982,u920694585,1566158889,Java,Java8 (OpenJDK 1.8.0),java,Accepted,111,21844,863,
s350524631,p02982,u187005063,1566158301,Python,Python (3.4.3),py,Accepted,18,3064,398,
s566263541,p02982,u915171331,1566157298,Haskell,Haskell (GHC 7.10.3),hs,Accepted,1,508,543,
s702041080,p02982,u915171331,1566157010,Haskell,Haskell (GHC 7.10.3),hs,Accepted,2,508,509,
s608640990,p02982,u203211107,1566156904,Python,Python (3.4.3),py,Accepted,40,3064,421,
s901910631,p02982,u416521732,1566156864,C++,C++14 (GCC 5.4.1),cpp,Accepted,5,768,633,
s106663302,p02982,u558059388,1566156283,Python,Python (3.4.3),py,Accepted,20,3188,294,
s680880287,p02982,u558059388,1566155823,Python,Python (3.4.3),py,Wrong Answer,18,3064,290,
s227847938,p02982,u558059388,1566155567,Python,Python (3.4.3),py,Wrong Answer,18,3064,299,
s916123765,p02982,u061231294,1566153946,Python,PyPy3 (2.4.0),py,Accepted,176,38512,381,
s797835796,p02982,u948524308,1566153789,Python,Python (3.4.3),py,Accepted,17,3060,353,
s530913223,p02982,u226191225,1566152577,Python,Python (3.4.3),py,Accepted,152,12504,361,
s193847481,p02982,u826929627,1566151916,Python,Python (3.4.3),py,Accepted,18,3064,509,
s792820772,p02982,u526476325,1566148857,C++,C++14 (GCC 5.4.1),cpp,Accepted,1,256,926,
s207826564,p02982,u155985376,1566147391,C++,C++14 (GCC 5.4.1),cpp,Accepted,1,256,935,
s569192445,p02982,u896838289,1566147343,C++,C++14 (GCC 5.4.1),cpp,Accepted,1,256,2573,
s065717088,p02982,u517516365,1566146946,Python,Python (3.4.3),py,Accepted,151,12396,308,
s181444877,p02982,u498141549,1566146122,C++,C++14 (GCC 5.4.1),cpp,Accepted,1,256,957,
s113176952,p02982,u408053928,1566145695,C++,C++14 (GCC 5.4.1),cpp,Accepted,7,256,827,
s901081846,p02982,u750783400,1566145676,Python,PyPy3 (2.4.0),py,Accepted,174,39152,659,
s014409850,p02982,u374190629,1566145186,C++,C++14 (GCC 5.4.1),cpp,Accepted,2,256,524,
s568301878,p02982,u374190629,1566144868,C++,C++14 (GCC 5.4.1),cpp,Wrong Answer,1,256,512,
s212857820,p02982,u380524497,1566141849,Python,Python (3.4.3),py,Accepted,18,3188,372,
s933764364,p02982,u182800367,1566141635,C++,C++14 (GCC 5.4.1),cpp,Accepted,1,256,859,
s601157024,p02982,u408620326,1566141000,Python,Python (3.4.3),py,Accepted,18,3064,360,
s991947460,p02982,u619785253,1566136097,Python,Python (3.4.3),py,Accepted,153,12496,315,
s463011340,p02982,u237022500,1566130315,C++,C++14 (GCC 5.4.1),cpp,Accepted,1,256,606,
s945782348,p02982,u095029955,1566116673,C++,C++14 (GCC 5.4.1),cpp,Accepted,2,768,834,
s122995452,p02982,u525288965,1566113222,C++,C++14 (GCC 5.4.1),cpp,Accepted,2,256,1809,
s412910001,p02982,u738354051,1566111987,C++,C++14 (GCC 5.4.1),cpp,Accepted,1,256,715,
s050932114,p02982,u810978770,1566108557,Python,Python (3.4.3),py,Accepted,165,12508,405,
s295887389,p02982,u810978770,1566108473,Python,Python (3.4.3),py,Wrong Answer,155,12468,423,
s955363061,p02982,u028572059,1566104586,C++,C++14 (GCC 5.4.1),cpp,Accepted,1,256,738,
s470076382,p02982,u028572059,1566104291,C++,C++14 (GCC 5.4.1),cpp,Wrong Answer,1,256,737,
s188481645,p02982,u028572059,1566104220,C++,C++14 (GCC 5.4.1),cpp,Compile Error,,,732,
s014557486,p02982,u028572059,1566104126,C++,C++14 (GCC 5.4.1),cpp,Compile Error,,,731,
s495512112,p02982,u520791604,1566098793,C++,C++14 (GCC 5.4.1),cpp,Wrong Answer,1,256,533,
s150999891,p02982,u616901930,1566096637,C++,C++14 (GCC 5.4.1),cpp,Accepted,1,256,807,
s305820083,p02982,u556589653,1566094498,Python,Python (3.4.3),py,Runtime Error,18,2940,327,
s040185529,p02982,u839110000,1566089934,C++,C++14 (GCC 5.4.1),cpp,Accepted,1,256,619,
s573610899,p02982,u533334387,1566085650,C++,C++14 (GCC 5.4.1),cpp,Accepted,1,256,525,
s063226280,p02982,u412373873,1566084199,C++,C++14 (GCC 5.4.1),cpp,Accepted,2,256,878,
s509672516,p02982,u412373873,1566084119,C++,C++14 (GCC 5.4.1),cpp,Wrong Answer,3,512,891,
s129127553,p02982,u471828790,1566082057,Python,Python (3.4.3),py,Accepted,153,12436,369,
s077614824,p02982,u207048881,1566078514,C++,C++14 (GCC 5.4.1),cpp,Accepted,1,256,656,
s513586394,p02982,u734857533,1566077552,C,C (GCC 5.4.1),c,Accepted,1,128,483,
s407192949,p02982,u734857533,1566077521,C,C (GCC 5.4.1),c,Wrong Answer,1,128,480,
s984652082,p02982,u734857533,1566077263,C,C (GCC 5.4.1),c,Wrong Answer,1,128,458,
s104011646,p02982,u734857533,1566077153,C,C (GCC 5.4.1),c,Wrong Answer,1,128,457,
s773601267,p02982,u734857533,1566076370,C,C (GCC 5.4.1),c,Wrong Answer,1,128,525,
s717087213,p02982,u734857533,1566076341,C,C (GCC 5.4.1),c,Wrong Answer,1,128,523,
s398550800,p02982,u734857533,1566076316,C,C (GCC 5.4.1),c,Compile Error,,,515,
s715285218,p02982,u734857533,1566075995,C,C (GCC 5.4.1),c,Wrong Answer,1,128,426,
s895371482,p02982,u734857533,1566075965,C,C (GCC 5.4.1),c,Wrong Answer,1,128,425,
s785054133,p02982,u734857533,1566075764,C,C (GCC 5.4.1),c,Wrong Answer,1,128,382,
s460031675,p02982,u734857533,1566075382,C,C (GCC 5.4.1),c,Wrong Answer,1,128,363,
s862184705,p02982,u734857533,1566075336,C,C (GCC 5.4.1),c,Wrong Answer,1,128,364,
s029799317,p02982,u734857533,1566075265,C,C (GCC 5.4.1),c,Wrong Answer,1,128,362,
s493546690,p02982,u738354051,1566069686,C++,C++14 (GCC 5.4.1),cpp,Wrong Answer,1,256,584,
s898952293,p02982,u598229387,1566069262,Python,Python (3.4.3),py,Accepted,18,3064,300,
s811606935,p02982,u233745357,1566062470,Python,Python (3.4.3),py,Accepted,21,3188,418,
s271967449,p02982,u233745357,1566062228,Python,Python (3.4.3),py,Runtime Error,18,3188,418,
s476150295,p02982,u987915219,1566057635,C++,C++14 (GCC 5.4.1),cpp,Accepted,1,256,711,
s380804772,p02982,u987915219,1566057602,C++,C++14 (GCC 5.4.1),cpp,Wrong Answer,2,256,770,
s307763966,p02982,u987915219,1566057186,C++,C++14 (GCC 5.4.1),cpp,Wrong Answer,1,256,702,
s914071895,p02982,u446795710,1566053202,C++,C++14 (GCC 5.4.1),cpp,Accepted,1,256,807,
s520113975,p02982,u924297957,1566052188,C++,C++ (GCC 5.4.1),cpp,Accepted,1,256,757,
s061749743,p02982,u030176410,1566038543,C++,C++14 (GCC 5.4.1),cpp,Accepted,1,256,1241,
s374751417,p02982,u804448625,1566029825,C++,C++14 (GCC 5.4.1),cpp,Accepted,1,256,650,
s541653825,p02982,u782685137,1566021380,Scala,Scala (2.11.7),scala,Accepted,347,27456,376,
s243015064,p02982,u981388291,1566018602,C++,C++14 (GCC 5.4.1),cpp,Accepted,2,384,783,
s383189981,p02982,u835561357,1566017203,C++,C++14 (GCC 5.4.1),cpp,Accepted,1,256,613,
s346768763,p02982,u160659351,1566015398,Python,Python (3.4.3),py,Accepted,152,12448,299,
s575857520,p02982,u042802884,1566013307,C++,C++14 (GCC 5.4.1),cpp,Accepted,1,256,695,
s196099522,p02982,u928713658,1566012773,C++,C++14 (GCC 5.4.1),cpp,Accepted,1,256,483,
s308855018,p02982,u928713658,1566012229,C++,C++14 (GCC 5.4.1),cpp,Wrong Answer,1,256,502,
s008303154,p02982,u928713658,1566012196,C++,C++14 (GCC 5.4.1),cpp,Compile Error,,,500,
s666739353,p02982,u928713658,1566012119,C++,C++14 (GCC 5.4.1),cpp,Compile Error,,,490,
s892141600,p02982,u419330815,1566010574,C++,C++14 (GCC 5.4.1),cpp,Accepted,1,256,1139,
s620107942,p02982,u080344444,1566006551,C++,C++14 (GCC 5.4.1),cpp,Accepted,2,256,664,
s233336172,p02982,u251075661,1566004287,Python,Python (3.4.3),py,Accepted,18,3064,364,
s069324481,p02982,u450096124,1566004247,C++,C++14 (GCC 5.4.1),cpp,Accepted,1,256,878,
s689570649,p02982,u450111025,1566004147,C++,C++14 (GCC 5.4.1),cpp,Accepted,2,384,750,
s709279292,p02982,u502092128,1566003635,C++,C++14 (GCC 5.4.1),cpp,Accepted,1,256,592,
s240846302,p02982,u955534952,1566002399,C++,C++14 (GCC 5.4.1),cpp,Accepted,1,256,779,
s540797064,p02982,u955534952,1566002125,C++,C++14 (GCC 5.4.1),cpp,Wrong Answer,1,256,794,
s918919815,p02982,u863044225,1566001918,C++,C++14 (GCC 5.4.1),cpp,Wrong Answer,2,256,850,
s316788343,p02982,u863044225,1566001888,C++,C++14 (GCC 5.4.1),cpp,Accepted,1,256,794,
s523881248,p02982,u955534952,1566000617,C++,C++14 (GCC 5.4.1),cpp,Wrong Answer,1,256,850,
s667739901,p02982,u128539234,1566000224,Python,Python (3.4.3),py,Wrong Answer,17,2940,186,
s575518443,p02982,u955534952,1565999997,C++,C++14 (GCC 5.4.1),cpp,Wrong Answer,1,256,825,
s282824467,p02982,u955534952,1565999657,C++,C++14 (GCC 5.4.1),cpp,Wrong Answer,1,256,770,
s056444627,p02982,u955534952,1565999434,C++,C++14 (GCC 5.4.1),cpp,Wrong Answer,1,256,848,
s092312490,p02982,u128539234,1565998131,Python,Python (3.4.3),py,Accepted,18,3060,296,
s854045549,p02982,u365512540,1565995839,C++,C++14 (GCC 5.4.1),cpp,Accepted,1,256,1423,
s510371555,p02982,u304517780,1565995085,C++,C++14 (GCC 5.4.1),cpp,Accepted,1,256,778,
s148167048,p02982,u459121100,1565994548,C++,C++14 (GCC 5.4.1),cpp,Accepted,1,256,394,
s202185009,p02982,u087818812,1565994238,C++,C++14 (GCC 5.4.1),cpp,Accepted,1,256,408,
s613484175,p02982,u811967730,1565993934,Python,Python (3.4.3),py,Accepted,21,3064,380,
s903895885,p02982,u215207367,1565993706,Python,Python (2.7.6),py,Accepted,11,2820,519,
s785653193,p02982,u175752990,1565993490,Java,Java8 (OpenJDK 1.8.0),java,Accepted,111,23764,899,
s311352696,p02982,u959822889,1565993353,C++,C++14 (GCC 5.4.1),cpp,Accepted,1,256,2923,
s027816990,p02982,u620735210,1565992732,C++,C++14 (GCC 5.4.1),cpp,Accepted,1,256,588,
s320332303,p02982,u516811345,1565989847,C#,C# (Mono 4.6.2.0),cs,Accepted,21,13140,951,
s704661191,p02982,u137938820,1565988193,Java,Java8 (OpenJDK 1.8.0),java,Accepted,112,23124,758,
s377166193,p02982,u516811345,1565987879,C#,C# (Mono 4.6.2.0),cs,Wrong Answer,21,13140,998,
s218781301,p02982,u516811345,1565987816,C#,C# (Mono 4.6.2.0),cs,Compile Error,,,983,
s213101495,p02982,u851831516,1565987764,C++,C++14 (GCC 5.4.1),cpp,Accepted,1,256,1283,
s615372086,p02982,u516811345,1565986933,C#,C# (Mono 4.6.2.0),cs,Wrong Answer,26,11092,1037,
s765264167,p02982,u516811345,1565985618,C#,C# (Mono 4.6.2.0),cs,Runtime Error,21,12640,1057,
s771184972,p02982,u602544363,1565984146,C++,C++14 (GCC 5.4.1),cpp,Accepted,2,256,433,
s371026086,p02982,u782748646,1565982949,Python,Python (3.4.3),py,Accepted,162,13108,296,
s627051494,p02982,u961052574,1565980378,C++,C++14 (GCC 5.4.1),cpp,Accepted,1,256,509,
s799092331,p02982,u471144507,1565980210,C++,C++14 (GCC 5.4.1),cpp,Accepted,1,256,733,
s630755546,p02982,u883824971,1565975049,Ruby,Ruby (2.3.3),rb,Accepted,7,1788,180,
s121099543,p02982,u883824971,1565974830,Ruby,Ruby (2.3.3),rb,Runtime Error,7,1788,180,
s572540346,p02982,u767158816,1565969624,Java,Java8 (OpenJDK 1.8.0),java,Accepted,112,21716,683,
s330516006,p02982,u323680411,1565968421,Python,Python (3.4.3),py,Accepted,19,3064,494,
s703955108,p02982,u811561461,1565968404,C++,C++14 (GCC 5.4.1),cpp,Accepted,1,256,2006,
s043997297,p02982,u638472784,1565967816,Python,Python (3.4.3),py,Accepted,18,3064,386,
s702804704,p02982,u767158816,1565967701,Java,Java8 (OpenJDK 1.8.0),java,Wrong Answer,109,22996,652,
s771316834,p02982,u767158816,1565967424,Java,Java8 (OpenJDK 1.8.0),java,Accepted,102,21972,657,
s921312838,p02982,u638472784,1565966853,Python,Python (3.4.3),py,Wrong Answer,18,3064,376,
s166567678,p02982,u547748135,1565953020,C++,C++14 (GCC 5.4.1),cpp,Accepted,1,256,1363,
s964082739,p02982,u282817279,1565932564,C++,C++14 (GCC 5.4.1),cpp,Accepted,1,256,810,
s074928266,p02982,u526365587,1565930776,Java,Java8 (OpenJDK 1.8.0),java,Accepted,97,21844,1482,
s840979818,p02982,u602252807,1565927492,Python,Python (3.4.3),py,Accepted,17,3064,304,
s184050332,p02982,u063131621,1565925378,C++,C++14 (GCC 5.4.1),cpp,Accepted,1,256,787,
s284745202,p02982,u911815052,1565925277,Ruby,Ruby (2.3.3),rb,Accepted,7,1788,643,
s789244398,p02982,u373958718,1565924558,C++,C++14 (GCC 5.4.1),cpp,Accepted,1,256,619,
s588837991,p02982,u373958718,1565924521,C++,C++14 (GCC 5.4.1),cpp,Compile Error,,,629,
s573563467,p02982,u999669171,1565924133,Python,Python (3.4.3),py,Accepted,17,3064,370,
s405284147,p02982,u074372598,1565923364,C++,C++14 (Clang 3.8.0),cpp,Accepted,4,504,749,
s930318330,p02982,u074372598,1565923188,C++,C++14 (Clang 3.8.0),cpp,Wrong Answer,1,256,748,
s440280783,p02982,u257541375,1565923159,Python,Python (3.4.3),py,Accepted,18,3064,410,
s560306349,p02982,u843139357,1565921971,C++,C++14 (GCC 5.4.1),cpp,Accepted,1,256,593,
s179990875,p02982,u654557481,1565921663,C++,C++14 (GCC 5.4.1),cpp,Accepted,1,256,629,
s470795227,p02982,u508486691,1565918531,Python,PyPy3 (2.4.0),py,Accepted,173,38384,760,
s940125746,p02982,u235027735,1565918419,C++,C++14 (GCC 5.4.1),cpp,Accepted,1,256,775,
s842776180,p02982,u415865011,1565916281,JavaScript,JavaScript (node.js v5.12),js,Accepted,53,7500,718,
s361358625,p02982,u234435881,1565914953,C++,C++14 (GCC 5.4.1),cpp,Accepted,1,256,726,
s127093491,p02982,u234435881,1565914796,C++,C++14 (GCC 5.4.1),cpp,Wrong Answer,1,256,725,
s071536977,p02982,u234435881,1565914566,C++,C++14 (GCC 5.4.1),cpp,Accepted,1,256,617,
s628193904,p02982,u753803401,1565914217,Python,Python (3.4.3),py,Accepted,18,3060,325,
s367681799,p02982,u884087839,1565904184,Python,Python (3.4.3),py,Accepted,18,3064,955,
s524169893,p02982,u993381291,1565903486,C#,C# (Mono 4.6.2.0),cs,Accepted,30,13524,567,
s782093987,p02982,u124063060,1565902363,Python,Python (3.4.3),py,Accepted,151,12504,323,
s732191409,p02982,u036744414,1565902329,C++,C++14 (GCC 5.4.1),cpp,Accepted,1,256,873,
s210074266,p02982,u636019904,1565901876,C,C (GCC 5.4.1),c,Accepted,1,128,686,
s569573100,p02982,u487641373,1565901698,C++,C++14 (GCC 5.4.1),cpp,Accepted,1,256,615,
s135819830,p02982,u821179412,1565896365,Python,Python (3.4.3),py,Accepted,18,3064,307,
s288380836,p02982,u272916418,1565896252,C++,C++14 (GCC 5.4.1),cpp,Accepted,2,256,521,
s423580970,p02982,u272916418,1565896162,C++,C++14 (GCC 5.4.1),cpp,Accepted,2,256,519,
s915498081,p02982,u638472784,1565895803,Python,Python (3.4.3),py,Wrong Answer,22,3188,327,
s256677486,p02982,u915066736,1565891996,C++,C++14 (GCC 5.4.1),cpp,Accepted,1,256,701,
s031393059,p02982,u272496669,1565891812,C++,C++14 (GCC 5.4.1),cpp,Accepted,1,256,787,
s526213280,p02982,u589432040,1565888797,Python,Python (3.4.3),py,Accepted,17,3064,335,
s911482756,p02982,u728628785,1565888107,C++,C++14 (GCC 5.4.1),cpp,Accepted,1,256,919,
s933303918,p02982,u728628785,1565887343,C++,C++14 (GCC 5.4.1),cpp,Wrong Answer,1,256,711,
s425358281,p02982,u759721333,1565882034,Python,Python (3.4.3),py,Accepted,17,3188,449,
s022771062,p02982,u591914971,1565881385,C++,C++14 (Clang 3.8.0),cpp,Accepted,3,256,674,
s170011758,p02982,u238786149,1565878944,C++,C++14 (GCC 5.4.1),cpp,Accepted,1,256,608,
s583973135,p02982,u733391043,1565848378,C,C (Clang 3.8.0),c,Accepted,1,128,509,
s582562637,p02982,u703537155,1565846956,C++,C++14 (GCC 5.4.1),cpp,Accepted,1,256,420,
s326431663,p02982,u703537155,1565846790,C++,C++14 (GCC 5.4.1),cpp,Wrong Answer,1,256,415,
s232700983,p02982,u778738287,1565845807,C++,C++14 (GCC 5.4.1),cpp,Accepted,1,384,500,
s179013234,p02982,u778738287,1565845710,C++,C++14 (GCC 5.4.1),cpp,Accepted,1,256,500,
s817030628,p02982,u778738287,1565845666,C++,C++14 (GCC 5.4.1),cpp,Wrong Answer,1,256,525,
s741372993,p02982,u778738287,1565842626,C++,C++14 (GCC 5.4.1),cpp,Accepted,1,256,500,
s606987058,p02982,u778738287,1565842570,C++,C++14 (GCC 5.4.1),cpp,Wrong Answer,4,512,525,
s431980513,p02982,u586759271,1565842133,Python,Python (3.4.3),py,Accepted,18,3064,341,
s675861025,p02982,u586759271,1565842013,Python,Python (3.4.3),py,Wrong Answer,18,3064,300,
s398039047,p02982,u778738287,1565841015,C++,C++14 (GCC 5.4.1),cpp,Wrong Answer,1,256,495,
s624311280,p02982,u778738287,1565838967,C++,C++14 (GCC 5.4.1),cpp,Runtime Error,2103,256,477,
s545450328,p02982,u089230684,1565838730,C++,C++14 (GCC 5.4.1),cpp,Accepted,1,256,876,
s275155175,p02982,u089230684,1565838189,C++,C++14 (GCC 5.4.1),cpp,Wrong Answer,1,256,392,
s631992967,p02982,u259046272,1565838056,C++,C++14 (Clang 3.8.0),cpp,Accepted,5,632,612,
s358077382,p02982,u863370423,1565837902,C++,C++14 (GCC 5.4.1),cpp,Accepted,1,256,3838,
s331150307,p02982,u333731247,1565837830,Python,Python (3.4.3),py,Accepted,18,3064,347,
s272111022,p02982,u114415753,1565831856,C++,C++14 (GCC 5.4.1),cpp,Accepted,1,256,1007,
s819309600,p02982,u297287410,1565831824,C++,C++14 (GCC 5.4.1),cpp,Accepted,1,256,853,
s699867732,p02982,u752146271,1565831554,Ruby,Ruby (2.3.3),rb,Accepted,7,1788,324,
s442398384,p02982,u716314620,1565825459,C++,C++14 (GCC 5.4.1),cpp,Accepted,2,256,825,
s719287292,p02982,u543019323,1565822276,Python,Python (3.4.3),py,Runtime Error,18,3064,323,
s778500303,p02982,u363599046,1565821539,Python,Python (3.4.3),py,Accepted,21,3064,353,
s482947004,p02982,u572559885,1565820896,C++,C++14 (GCC 5.4.1),cpp,Runtime Error,99,256,552,
s246568183,p02982,u778738287,1565820362,C++,C++14 (GCC 5.4.1),cpp,Runtime Error,2103,256,475,
s225434369,p02982,u778738287,1565820057,C++,C++14 (GCC 5.4.1),cpp,Runtime Error,2103,256,462,
s914302483,p02982,u778738287,1565819990,C++,C++14 (GCC 5.4.1),cpp,Compile Error,,,461,
s239794723,p02982,u778738287,1565819914,C++,C++14 (GCC 5.4.1),cpp,Compile Error,,,460,
s867513017,p02982,u433532588,1565810626,Python,Python (3.4.3),py,Accepted,18,3064,359,
s351861505,p02982,u433532588,1565810071,Python,Python (3.4.3),py,Accepted,18,3064,391,
s242138163,p02982,u857252938,1565804995,C++,C++14 (GCC 5.4.1),cpp,Accepted,1,256,1740,
s752853943,p02982,u948212340,1565804435,C++,C++14 (GCC 5.4.1),cpp,Accepted,1,256,560,
s364912669,p02982,u948212340,1565804239,C++,C++14 (GCC 5.4.1),cpp,Compile Error,,,556,
s538662773,p02982,u960916204,1565802126,Java,Java8 (OpenJDK 1.8.0),java,Accepted,123,23252,981,
s198577432,p02982,u074230519,1565801885,Python,Python (3.4.3),py,Accepted,18,3188,359,
s681725822,p02982,u888337853,1565782134,Python,PyPy3 (2.4.0),py,Accepted,179,38384,662,
s594753422,p02982,u692131329,1565770924,C++,C++14 (GCC 5.4.1),cpp,Accepted,1,256,604,
s436589000,p02982,u010806195,1565763700,C++,C++14 (GCC 5.4.1),cpp,Accepted,1,256,542,
s297296838,p02982,u234248338,1565759757,C++,C++14 (GCC 5.4.1),cpp,Accepted,1,256,869,
s562455093,p02982,u234248338,1565759144,C++,C++14 (GCC 5.4.1),cpp,Wrong Answer,1,256,850,
s890330382,p02982,u456658814,1565753194,C++,C++14 (Clang 3.8.0),cpp,Accepted,1,256,534,
s113807365,p02982,u456658814,1565752871,C++,C++14 (Clang 3.8.0),cpp,Runtime Error,108,256,498,
s820772957,p02982,u456658814,1565752529,C++,C++14 (Clang 3.8.0),cpp,Runtime Error,100,888,497,
s938918201,p02982,u456658814,1565752501,C++,C++14 (GCC 5.4.1),cpp,Runtime Error,97,256,497,
s579106650,p02982,u456658814,1565752288,C++,C++14 (GCC 5.4.1),cpp,Runtime Error,299,128,499,
s811877249,p02982,u456658814,1565752061,C++,C++14 (GCC 5.4.1),cpp,Runtime Error,97,128,499,
s042017863,p02982,u456658814,1565752044,C,C (Clang 3.8.0),c,Compile Error,,,499,
s627333080,p02982,u456658814,1565751989,C++,C++14 (Clang 3.8.0),cpp,Runtime Error,100,256,499,
s886656973,p02982,u968834127,1565751347,C++,C++14 (GCC 5.4.1),cpp,Accepted,2,256,1063,
s186375460,p02982,u954094464,1565748446,Java,Java8 (OpenJDK 1.8.0),java,Accepted,108,21716,631,
s106456263,p02982,u904123392,1565748148,C++,C++14 (GCC 5.4.1),cpp,Accepted,1,256,651,
s858614340,p02982,u090225501,1565748098,C++,C++14 (GCC 5.4.1),cpp,Accepted,1,256,874,
s843430920,p02982,u297921353,1565746112,C++,C++14 (GCC 5.4.1),cpp,Accepted,1,256,4084,
s989244572,p02982,u086891616,1565745922,Python,Python (3.4.3),py,Accepted,18,3064,340,
s578717680,p02982,u143903328,1565745811,Python,Python (3.4.3),py,Accepted,18,3064,373,
s303091537,p02982,u803481017,1565745659,C++,C++14 (GCC 5.4.1),cpp,Accepted,1,256,690,
s773704673,p02982,u901447859,1565744103,Python,Python (3.4.3),py,Accepted,20,3064,278,
s604460134,p02982,u739959951,1565740854,Python,Python (3.4.3),py,Accepted,18,3064,331,
s518947818,p02982,u739959951,1565740162,Python,Python (3.4.3),py,Runtime Error,17,3064,327,
s357244502,p02982,u739959951,1565739645,Python,Python (3.4.3),py,Runtime Error,17,3064,330,
s158671875,p02982,u739959951,1565739415,Python,Python (3.4.3),py,Runtime Error,17,3064,322,
s123976780,p02982,u739959951,1565739253,Python,Python (3.4.3),py,Runtime Error,17,3064,310,
s434771896,p02982,u345020418,1565735092,C,C (GCC 5.4.1),c,Accepted,1,128,606,
s228561636,p02982,u482528244,1565727997,C++,C++14 (GCC 5.4.1),cpp,Accepted,2,256,1012,
s107591037,p02982,u989345508,1565726102,Python,Python (3.4.3),py,Accepted,17,3064,449,
s788963972,p02982,u825769322,1565722148,Python,Python (3.4.3),py,Accepted,20,3188,366,
s577454199,p02982,u634527561,1565715444,C++,C++14 (GCC 5.4.1),cpp,Accepted,1,384,777,
s483651577,p02982,u263226212,1565711498,Python,Python (3.4.3),py,Accepted,17,3060,370,
s057268783,p02982,u615258936,1565703689,C++,C++14 (GCC 5.4.1),cpp,Accepted,1,256,549,
s211866983,p02982,u615258936,1565703612,C++,C++14 (GCC 5.4.1),cpp,Wrong Answer,1,256,527,
s597967331,p02982,u391157755,1565703550,Python,PyPy3 (2.4.0),py,Accepted,160,38384,341,
s643664858,p02982,u615258936,1565703301,C++,C++14 (GCC 5.4.1),cpp,Wrong Answer,1,256,545,
s323136634,p02982,u615258936,1565703268,C++,C++14 (GCC 5.4.1),cpp,Wrong Answer,1,256,546,
s407952623,p02982,u615258936,1565703200,C++,C++14 (GCC 5.4.1),cpp,Wrong Answer,1,256,528,
s346801906,p02982,u615258936,1565703172,C++,C++14 (GCC 5.4.1),cpp,Runtime Error,96,256,528,
s507317307,p02982,u615258936,1565703138,C++,C++14 (GCC 5.4.1),cpp,Compile Error,,,528,
s475817772,p02982,u740767776,1565696142,Python,Python (3.4.3),py,Accepted,18,3064,384,
s507745182,p02982,u438592861,1565690711,C++,C++14 (GCC 5.4.1),cpp,Accepted,1,256,567,
s152405225,p02982,u408173306,1565678531,C,C (GCC 5.4.1),c,Accepted,1,128,784,
s345591921,p02982,u480887225,1565676710,C++,C++14 (GCC 5.4.1),cpp,Accepted,1,256,686,
s342988543,p02982,u653837719,1565673875,Python,Python (3.4.3),py,Accepted,17,3064,369,
s241680855,p02982,u653837719,1565673838,Python,Python (3.4.3),py,Accepted,21,3316,386,
s448016868,p02982,u653837719,1565673789,Python,Python (3.4.3),py,Accepted,19,3064,403,
s398976584,p02982,u653837719,1565673727,Python,Python (3.4.3),py,Wrong Answer,24,3064,400,
s890417910,p02982,u653837719,1565673432,Python,Python (3.4.3),py,Wrong Answer,18,3064,370,
s145364316,p02982,u653837719,1565673245,Python,Python (3.4.3),py,Wrong Answer,17,3188,353,
s946107473,p02982,u653837719,1565673063,Python,Python (3.4.3),py,Wrong Answer,17,3188,361,
s368635395,p02982,u992335470,1565671180,Python,Python (3.4.3),py,Accepted,18,3064,372,
s982254170,p02982,u514894322,1565666920,Python,Python (3.4.3),py,Accepted,18,3064,325,
s734647827,p02982,u757584836,1565666461,C++,C++14 (GCC 5.4.1),cpp,Accepted,1,256,526,
s376282454,p02982,u582415761,1565666253,C++,C++14 (GCC 5.4.1),cpp,Accepted,1,256,698,
s808823903,p02982,u757584836,1565666239,C++,C++14 (GCC 5.4.1),cpp,Wrong Answer,1,256,522,
s930307250,p02982,u757584836,1565666188,C++,C++14 (GCC 5.4.1),cpp,Wrong Answer,1,256,507,
s430838928,p02982,u582415761,1565665996,C++,C++14 (GCC 5.4.1),cpp,Wrong Answer,1,256,697,
s214779150,p02982,u757584836,1565665863,C++,C++14 (GCC 5.4.1),cpp,Runtime Error,98,256,507,
s262845600,p02982,u733391043,1565664319,C,C (Clang 3.8.0),c,Wrong Answer,1,384,471,
s408458508,p02982,u733391043,1565663193,C,C (Clang 3.8.0),c,Wrong Answer,1,128,471,
s654429923,p02982,u516708338,1565655931,C++,C++14 (GCC 5.4.1),cpp,Accepted,3,3328,2501,
s921290575,p02982,u436906536,1565655701,C++,C++14 (GCC 5.4.1),cpp,Accepted,1,256,661,
s029004636,p02982,u950174376,1565655654,C++,C++14 (GCC 5.4.1),cpp,Accepted,1,256,910,
s634667830,p02982,u950174376,1565655475,C++,C++14 (GCC 5.4.1),cpp,Accepted,1,256,936,
s595865901,p02982,u950174376,1565655218,C++,C++14 (GCC 5.4.1),cpp,Accepted,1,256,969,
s207153328,p02982,u950174376,1565654698,C++,C++14 (GCC 5.4.1),cpp,Wrong Answer,2103,256,906,
s417412658,p02982,u950174376,1565654257,C++,C++14 (GCC 5.4.1),cpp,Runtime Error,99,256,827,
s073163780,p02982,u950174376,1565654102,C++,C++14 (GCC 5.4.1),cpp,Runtime Error,99,256,823,
s741485128,p02982,u950174376,1565653987,C++,C++14 (GCC 5.4.1),cpp,Runtime Error,97,256,825,
s424733938,p02982,u950174376,1565653666,C++,C++14 (GCC 5.4.1),cpp,Runtime Error,96,256,830,
s536971538,p02982,u703890795,1565651284,Python,Python (3.4.3),py,Accepted,150,12472,258,
s878379967,p02982,u666641075,1565644905,C++,C++14 (GCC 5.4.1),cpp,Accepted,1,256,673,
s974508999,p02982,u423952743,1565644860,Java,Java8 (OpenJDK 1.8.0),java,Accepted,195,28372,810,
s435104033,p02982,u278463847,1565642254,Python,Python (3.4.3),py,Accepted,17,3188,222,
s454391420,p02982,u341388158,1565641251,C++,C++14 (GCC 5.4.1),cpp,Accepted,2,512,899,
s897019412,p02982,u673361376,1565637638,Python,Python (3.4.3),py,Accepted,18,3064,406,
s036709875,p02982,u104442591,1565632750,Python,Python (3.4.3),py,Accepted,17,3064,322,
s926345138,p02982,u013408661,1565632299,C++,C++14 (GCC 5.4.1),cpp,Accepted,1,256,701,
s151673021,p02982,u220152525,1565623775,C++,C++14 (GCC 5.4.1),cpp,Accepted,1,256,570,
s556197405,p02982,u522993719,1565622302,C++,C++14 (GCC 5.4.1),cpp,Accepted,1,256,554,
s065057351,p02982,u306465660,1565620591,Ruby,Ruby (2.3.3),rb,Accepted,9,1788,642,
s141610494,p02982,u306465660,1565620423,Ruby,Ruby (2.3.3),rb,Accepted,7,1788,579,
s358706967,p02982,u716270596,1565596947,Python,Python (3.4.3),py,Accepted,148,12508,609,
s659029117,p02982,u244087909,1565585252,Ruby,Ruby (2.3.3),rb,Accepted,7,1788,291,
s040140750,p02982,u366482170,1565576572,Python,Python (3.4.3),py,Accepted,18,3188,298,
s686276333,p02982,u565380863,1565576507,Rust,Rust (1.15.1),rs,Accepted,2,4352,2162,
s158898707,p02982,u366482170,1565576424,Python,Python (3.4.3),py,Wrong Answer,18,3064,287,
s110906508,p02982,u801143876,1565575073,C++,C++14 (GCC 5.4.1),cpp,Accepted,1,256,1133,
s851977451,p02982,u476833465,1565574633,C++,C++14 (GCC 5.4.1),cpp,Accepted,1,256,684,
s875895977,p02982,u178488430,1565568234,Python,Python (3.4.3),py,Accepted,18,3188,812,
s692326241,p02982,u940654002,1565559752,C++,C++14 (GCC 5.4.1),cpp,Accepted,1,256,700,
s979975580,p02982,u940654002,1565559301,C++,C++14 (GCC 5.4.1),cpp,Wrong Answer,1,256,699,
s051896778,p02982,u042370792,1565553207,Java,Java8 (OpenJDK 1.8.0),java,Accepted,101,21844,1053,
s841783732,p02982,u042370792,1565552147,Java,Java8 (OpenJDK 1.8.0),java,Accepted,110,21972,983,
s426666463,p02982,u771949301,1565551771,C++,C++14 (GCC 5.4.1),cpp,Accepted,3,384,1097,
s497074925,p02982,u416420069,1565551178,Ruby,Ruby (2.3.3),rb,Accepted,21,1788,309,
s913464133,p02982,u104442591,1565550579,Python,Python (3.4.3),py,Runtime Error,20,3064,402,
s237697793,p02982,u929107645,1565539616,C++,C++14 (GCC 5.4.1),cpp,Accepted,2,256,362,
s149628652,p02982,u311636831,1565536135,Python,Python (3.4.3),py,Accepted,20,3064,323,
s548293984,p02982,u621956644,1565535655,C++,C++14 (GCC 5.4.1),cpp,Accepted,1,256,558,
s117513904,p02982,u164573681,1565534340,Python,Python (3.4.3),py,Accepted,18,3064,281,
s238309437,p02982,u390883247,1565530099,Python,Python (3.4.3),py,Accepted,18,3064,711,
s041790835,p02982,u390883247,1565529862,Python,Python (3.4.3),py,Wrong Answer,18,3064,706,
s698548255,p02982,u736861509,1565524219,C++,C++14 (GCC 5.4.1),cpp,Accepted,2,256,5048,
s081365697,p02982,u195608881,1565504201,Rust,Rust (1.15.1),rs,Accepted,2,4352,2339,
s650537034,p02982,u944209426,1565499208,Python,PyPy3 (2.4.0),py,Accepted,171,38384,279,
s565752346,p02982,u112567325,1565497311,Python,Python (3.4.3),py,Accepted,18,3064,369,
s258699172,p02982,u516361212,1565496886,Ruby,Ruby (2.3.3),rb,Accepted,15,4604,243,
s996210203,p02982,u395202850,1565496765,Python,Python (3.4.3),py,Accepted,18,3064,361,
s823070937,p02982,u395202850,1565496688,Python,Python (3.4.3),py,Runtime Error,17,3064,348,
s235244261,p02982,u847165882,1565487567,Python,Python (3.4.3),py,Wrong Answer,17,3064,171,
s810909520,p02982,u596117821,1565483622,C,C (GCC 5.4.1),c,Accepted,1,128,967,
s976892792,p02982,u596117821,1565483261,C,C (GCC 5.4.1),c,Wrong Answer,1,128,963,
s741645670,p02982,u596117821,1565483128,C,C (GCC 5.4.1),c,Wrong Answer,1,128,957,
s520047066,p02982,u200887663,1565482209,Python,Python (3.4.3),py,Accepted,18,3064,412,
s291046625,p02982,u138486156,1565482125,Python,Python (3.4.3),py,Accepted,18,3064,359,
s277612275,p02982,u054559808,1565479692,Python,PyPy3 (2.4.0),py,Accepted,187,38768,343,
s658408325,p02982,u714189167,1565478278,F#,F# (Mono 4.0),fs,Accepted,61,18392,636,
s173267806,p02982,u353895424,1565476142,Python,Python (3.4.3),py,Accepted,18,3064,436,
s688176977,p02982,u264547643,1565476084,Java,Java8 (OpenJDK 1.8.0),java,Accepted,81,21332,2436,
s941004896,p02982,u668191971,1565470052,C++,C++14 (GCC 5.4.1),cpp,Accepted,1,256,1046,
s454267359,p02982,u993381291,1565469570,C#,C# (Mono 4.6.2.0),cs,Accepted,30,13524,634,
s077406036,p02982,u993381291,1565469358,C#,C# (Mono 4.6.2.0),cs,Compile Error,,,627,
s547180016,p02982,u373796790,1565467179,C++,C++14 (GCC 5.4.1),cpp,Accepted,1,256,1151,
s364041485,p02982,u352969025,1565465269,C++,C++14 (Clang 3.8.0),cpp,Accepted,1,256,589,
s235141978,p02982,u352969025,1565465102,C++,C++14 (Clang 3.8.0),cpp,Wrong Answer,2,256,568,
s448361234,p02982,u352969025,1565464830,C++,C++14 (Clang 3.8.0),cpp,Wrong Answer,1,256,514,
s760648406,p02982,u352969025,1565464723,C++,C++14 (Clang 3.8.0),cpp,Wrong Answer,1,256,510,
s214111148,p02982,u352969025,1565464534,C++,C++14 (Clang 3.8.0),cpp,Wrong Answer,5,632,508,
s806828490,p02982,u408791346,1565463425,Python,Python (3.4.3),py,Wrong Answer,17,3064,339,
s813700867,p02982,u408791346,1565463305,Python,Python (3.4.3),py,Accepted,19,3064,310,
s438670023,p02982,u408791346,1565463271,Python,Python (3.4.3),py,Runtime Error,18,3064,339,
s726300190,p02982,u323327162,1565455860,C++,C++14 (GCC 5.4.1),cpp,Accepted,1,256,653,
s310252584,p02982,u323327162,1565455781,C++,C++14 (GCC 5.4.1),cpp,Runtime Error,97,256,663,
s442674350,p02982,u323327162,1565455528,C++,C++14 (GCC 5.4.1),cpp,Runtime Error,102,256,661,
s988477865,p02982,u323327162,1565455422,C++,C++14 (GCC 5.4.1),cpp,Wrong Answer,1,256,658,
s928795478,p02982,u323327162,1565450196,C++,C++14 (GCC 5.4.1),cpp,Runtime Error,102,256,563,
s690875124,p02982,u096635831,1565449140,Rust,Rust (1.15.1),rs,Accepted,2,4352,11833,
s415882213,p02982,u504836877,1565444085,Python,PyPy3 (2.4.0),py,Accepted,172,38384,337,
s520436406,p02982,u932175579,1565443108,C++,C++14 (GCC 5.4.1),cpp,Accepted,1,256,448,
s111263138,p02982,u146575240,1565436581,Python,Python (3.4.3),py,Accepted,17,3064,493,
s741797873,p02982,u152558760,1565436275,C++,C++14 (GCC 5.4.1),cpp,Accepted,1,256,1015,
s720422578,p02982,u758799884,1565428776,C++,C++14 (GCC 5.4.1),cpp,Accepted,1,256,1726,
s167003961,p02982,u657667703,1565415547,C++,C++14 (GCC 5.4.1),cpp,Accepted,1,256,530,
s915549748,p02982,u328294851,1565413696,Ruby,Ruby (2.3.3),rb,Accepted,7,3836,383,
s584438472,p02982,u000623733,1565407498,Python,Python (3.4.3),py,Accepted,150,12468,298,
s992679279,p02982,u503111914,1565406784,Python,Python (3.4.3),py,Accepted,28,3188,344,
s696686854,p02982,u276423984,1565403556,Java,Java8 (OpenJDK 1.8.0),java,Accepted,109,21844,976,
s172932286,p02982,u371530330,1565397869,Python,Python (3.4.3),py,Accepted,18,3064,319,
s243417007,p02982,u371530330,1565397363,Python,Python (3.4.3),py,Runtime Error,17,3064,284,
s019669913,p02982,u371530330,1565396999,Python,Python (3.4.3),py,Runtime Error,18,3060,286,
s013089910,p02982,u825102492,1565394473,C,C (GCC 5.4.1),c,Accepted,1,128,678,
s096799096,p02982,u825102492,1565393213,C,C (GCC 5.4.1),c,Wrong Answer,1,128,676,
s814102909,p02982,u064386052,1565392812,Rust,Rust (1.15.1),rs,Accepted,2,4352,2254,
s090589103,p02982,u103539599,1565389058,C++,C++14 (GCC 5.4.1),cpp,Accepted,1,256,1568,
s039328334,p02982,u962441451,1565385292,C++,C++14 (GCC 5.4.1),cpp,Accepted,1,128,613,
s588356723,p02982,u962441451,1565385210,C++,C++14 (GCC 5.4.1),cpp,Wrong Answer,1,128,593,
s016763731,p02982,u962441451,1565385117,C++,C++14 (GCC 5.4.1),cpp,Wrong Answer,1,128,593,
s374349160,p02982,u103539599,1565385018,C++,C++14 (GCC 5.4.1),cpp,Wrong Answer,1,256,1575,
s555570090,p02982,u641406334,1565382592,Python,Python (3.4.3),py,Accepted,18,3064,287,
s094097865,p02982,u597622207,1565382558,Python,Python (3.4.3),py,Wrong Answer,405,20256,381,
s971086639,p02982,u597622207,1565380866,Python,Python (3.4.3),py,Runtime Error,18,3064,358,
s915479841,p02982,u489117389,1565379487,C++,C++14 (GCC 5.4.1),cpp,Accepted,1,256,859,
s067857274,p02982,u489117389,1565378968,C++,C++14 (GCC 5.4.1),cpp,Wrong Answer,1,256,893,
s176073742,p02982,u489117389,1565378777,C++,C++14 (GCC 5.4.1),cpp,Wrong Answer,1,256,882,
s675262733,p02982,u312646928,1565377582,C,C (GCC 5.4.1),c,Accepted,1,128,677,
s928780110,p02982,u312646928,1565377161,C,C (GCC 5.4.1),c,Accepted,1,128,687,
s179237785,p02982,u312646928,1565377063,C,C (GCC 5.4.1),c,Wrong Answer,1,128,684,
s453185881,p02982,u278864208,1565374629,Python,Python (3.4.3),py,Accepted,18,3064,380,
s781580340,p02982,u597622207,1565374212,Python,Python (3.4.3),py,Runtime Error,17,2940,279,
s402677479,p02982,u649742871,1565366415,Python,Python (3.4.3),py,Accepted,18,3060,319,
s289016452,p02982,u645250356,1565364334,Python,Python (3.4.3),py,Accepted,17,3064,408,
s084831245,p02982,u193540507,1565360252,Fortran,Fortran (gfortran v4.8.4),f,Accepted,1,256,385,
s081666675,p02982,u246343119,1565354956,C++,C++14 (GCC 5.4.1),cpp,Accepted,1,256,665,
s176266249,p02982,u312025627,1565348782,Python,Python (3.4.3),py,Accepted,18,3064,351,
s258614636,p02982,u842043169,1565334548,Python,Python (3.4.3),py,Accepted,18,3064,684,
s944609541,p02982,u842043169,1565332975,Python,Python (3.4.3),py,Runtime Error,18,3064,577,
s057018425,p02982,u842043169,1565332890,Python,Python (3.4.3),py,Runtime Error,18,3064,316,
s503632332,p02982,u821590705,1565330037,Python,Python (3.4.3),py,Accepted,18,3064,349,
s616845673,p02982,u178777633,1565326690,C++,C++14 (GCC 5.4.1),cpp,Accepted,6,128,903,
s762780164,p02982,u178777633,1565326624,C++,C++14 (GCC 5.4.1),cpp,Wrong Answer,6,128,891,
s489282645,p02982,u178777633,1565325774,C++,C++14 (GCC 5.4.1),cpp,Wrong Answer,1,128,632,
s473864380,p02982,u178777633,1565325685,C++,C++14 (GCC 5.4.1),cpp,Wrong Answer,1,128,630,
s371971661,p02982,u178777633,1565325595,C++,C++14 (GCC 5.4.1),cpp,Compile Error,,,603,
s472317675,p02982,u579355226,1565319381,C++,C++14 (GCC 5.4.1),cpp,Runtime Error,99,256,719,
s625467017,p02982,u225388820,1565318667,Python,Python (3.4.3),py,Accepted,153,12496,327,
s233288049,p02982,u814440174,1565313667,C++,C++14 (GCC 5.4.1),cpp,Accepted,1,256,1001,
s512860804,p02982,u531246940,1565308075,C++,C++14 (GCC 5.4.1),cpp,Accepted,1,256,793,
s066582799,p02982,u531246940,1565307978,C++,C++14 (GCC 5.4.1),cpp,Compile Error,,,775,
s746475556,p02982,u531246940,1565307946,C++,C++14 (Clang 3.8.0),cpp,Compile Error,,,775,
s949597538,p02982,u814986259,1565307337,Python,Python (3.4.3),py,Accepted,18,3064,312,
s619668449,p02982,u814986259,1565306482,Python,Python (3.4.3),py,Runtime Error,18,3064,284,
s932379546,p02982,u782219335,1565296936,C++,C++14 (GCC 5.4.1),cpp,Accepted,1,256,698,
s479879404,p02982,u880373275,1565296826,Python,Python (3.4.3),py,Accepted,18,3064,457,
s082916700,p02982,u911952711,1565294233,C,C (GCC 5.4.1),c,Wrong Answer,1,128,436,
s725290135,p02982,u911952711,1565294063,C,C (GCC 5.4.1),c,Compile Error,,,432,
s033524353,p02982,u911952711,1565294022,C,C (GCC 5.4.1),c,Compile Error,,,432,
s864272258,p02982,u911952711,1565293831,C,C (GCC 5.4.1),c,Compile Error,,,430,
s447987740,p02982,u610941077,1565293244,C++,C++14 (GCC 5.4.1),cpp,Accepted,1,256,664,
s990472230,p02982,u263734237,1565290335,Python,Python (3.4.3),py,Accepted,18,3064,388,
s628150853,p02982,u263734237,1565290249,Python,Python (3.4.3),py,Runtime Error,18,3064,358,
s188175360,p02982,u263734237,1565290224,Python,Python (3.4.3),py,Runtime Error,18,3064,358,
s789431114,p02982,u263734237,1565289930,Python,Python (3.4.3),py,Runtime Error,18,3064,358,
s554398326,p02982,u835732324,1565289892,Python,Python (3.4.3),py,Accepted,20,3064,312,
s057948088,p02982,u263734237,1565289887,Python,Python (3.4.3),py,Runtime Error,17,3064,364,
s147402204,p02982,u263734237,1565289752,Python,Python (3.4.3),py,Runtime Error,18,3064,394,
s685635716,p02982,u263734237,1565289584,Python,Python (3.4.3),py,Runtime Error,17,3064,357,
s191995159,p02982,u289709148,1565288966,C++,C++14 (GCC 5.4.1),cpp,Accepted,1,256,719,
s553960646,p02982,u440334385,1565288825,Python,Python (3.4.3),py,Accepted,61,3064,330,
s847778347,p02982,u126833093,1565288414,C++,C++14 (GCC 5.4.1),cpp,Accepted,1,256,466,
s540288621,p02982,u422413213,1565288403,Java,Java8 (OpenJDK 1.8.0),java,Accepted,111,21972,905,
s807338950,p02982,u422413213,1565288323,Java,Java8 (OpenJDK 1.8.0),java,Wrong Answer,111,23892,1001,
s353486998,p02982,u732304692,1565286425,OCaml,OCaml (4.02.3),ml,Accepted,1,384,454,
s216486214,p02982,u139300044,1565285043,C++,C++14 (GCC 5.4.1),cpp,Accepted,1,256,817,
s499604120,p02982,u891518152,1565280066,Python,Python (3.4.3),py,Accepted,150,12516,343,
s341170286,p02982,u430414424,1565278591,Python,Python (3.4.3),py,Accepted,18,3064,401,
s748493581,p02982,u430414424,1565278016,Python,Python (3.4.3),py,Accepted,18,3064,439,
s274027693,p02982,u185037583,1565276334,C++,C++14 (GCC 5.4.1),cpp,Accepted,1,256,647,
s262956060,p02982,u580199868,1565275700,Python,Python (3.4.3),py,Accepted,18,3064,326,
s348586062,p02982,u580199868,1565275669,Python,Python (3.4.3),py,Runtime Error,18,3064,314,
s869208677,p02982,u580199868,1565275628,Python,Python (3.4.3),py,Runtime Error,18,3064,314,
s744836422,p02982,u188534680,1565271138,C++,C++14 (GCC 5.4.1),cpp,Accepted,1,256,756,
s870059961,p02982,u598902504,1565252794,C++,C++14 (GCC 5.4.1),cpp,Accepted,1,256,787,
s395255555,p02982,u741556152,1565241607,C++,C++14 (GCC 5.4.1),cpp,Accepted,1,256,1248,
s861923853,p02982,u669173971,1565237134,Python,Python (3.4.3),py,Accepted,18,3064,339,
s123167172,p02982,u409614401,1565235797,Ruby,Ruby (2.3.3),rb,Accepted,8,1788,502,
s004133867,p02982,u772304668,1565235469,C++,C++14 (GCC 5.4.1),cpp,Accepted,1,256,819,
s554534947,p02982,u409614401,1565234839,Ruby,Ruby (2.3.3),rb,Wrong Answer,10,1788,271,
s164096377,p02982,u409614401,1565234435,Ruby,Ruby (2.3.3),rb,Wrong Answer,9,1916,277,
s579134065,p02982,u409614401,1565234304,Ruby,Ruby (2.3.3),rb,Wrong Answer,7,1788,264,
s097007485,p02982,u139478771,1565233260,Kotlin,Kotlin (1.0.0),kt,Accepted,239,35948,635,
s685052824,p02982,u174273188,1565228300,Python,Python (3.4.3),py,Accepted,18,3060,431,
s589926139,p02982,u753803401,1565226386,Python,Python (3.4.3),py,Accepted,18,3188,311,
s596119745,p02982,u076917070,1565226019,Python,Python (3.4.3),py,Accepted,18,3064,439,
s763364837,p02982,u325704929,1565224431,Python,Python (3.4.3),py,Accepted,19,3188,326,
s713249594,p02982,u401382183,1565224174,C++,C++14 (GCC 5.4.1),cpp,Accepted,1,256,651,
s885144539,p02982,u401382183,1565224108,C++,C++14 (GCC 5.4.1),cpp,Wrong Answer,1,256,633,
s232540512,p02982,u401382183,1565223805,C++,C++14 (GCC 5.4.1),cpp,Wrong Answer,1,256,633,
s644114154,p02982,u364555831,1565219103,C#,C# (Mono 4.6.2.0),cs,Accepted,24,13396,1301,
s253487119,p02982,u714225686,1565216734,Python,Python (3.4.3),py,Accepted,37,5064,1361,
s608353768,p02982,u955216573,1565210105,C++,C++14 (GCC 5.4.1),cpp,Accepted,1,256,405,
s104050625,p02982,u650265349,1565202370,Python,Python (3.4.3),py,Accepted,18,3064,360,
s306248016,p02982,u650265349,1565202256,Python,Python (3.4.3),py,Runtime Error,17,3064,364,
s733883266,p02982,u493080913,1565196442,C++,C++14 (GCC 5.4.1),cpp,Accepted,1,256,1470,
s958143417,p02982,u965602776,1565195905,Python,Python (3.4.3),py,Accepted,151,12500,252,
s513654204,p02982,u965602776,1565195537,Python,Python (3.4.3),py,Accepted,161,12500,381,
s552883668,p02982,u965602776,1565195174,Python,Python (3.4.3),py,Accepted,163,12520,294,
s858269696,p02982,u877415670,1565194943,Python,Python (3.4.3),py,Accepted,18,3064,318,
s252546219,p02982,u360515075,1565190460,Python,Python (3.4.3),py,Accepted,18,3064,442,
s708010237,p02982,u123023461,1565181529,C++,C++14 (GCC 5.4.1),cpp,Accepted,1,256,630,
s313510205,p02982,u432088501,1565151930,C++,C++14 (GCC 5.4.1),cpp,Accepted,1,256,659,
s443041782,p02982,u347640436,1565151730,Python,Python (3.4.3),py,Accepted,18,3060,307,
s663509070,p02982,u085474925,1565148038,Python,Python (3.4.3),py,Accepted,18,3064,312,
s078632380,p02982,u450180547,1565147488,Python,Python (3.4.3),py,Accepted,23,3572,415,
s534558302,p02982,u530107518,1565146555,C++,C++14 (GCC 5.4.1),cpp,Accepted,33,125568,3114,
s165524890,p02982,u530107518,1565146008,C++,C++14 (GCC 5.4.1),cpp,Runtime Error,131,125568,3024,
s485262048,p02982,u552898092,1565145054,C,C (GCC 5.4.1),c,Accepted,1,128,453,
s253573796,p02982,u548684908,1565142670,Python,Python (3.4.3),py,Accepted,155,12504,319,
s493662925,p02982,u525008368,1565141679,C++,C++14 (GCC 5.4.1),cpp,Accepted,1,256,584,
s766764445,p02982,u543933043,1565139621,Go,Go (1.6),go,Accepted,1,640,945,
s430786655,p02982,u612642474,1565136445,Python,Python (3.4.3),py,Accepted,18,3064,295,
s448980904,p02982,u478997153,1565134095,C++,C++14 (GCC 5.4.1),cpp,Accepted,1,256,740,
s681723816,p02982,u478997153,1565133012,C++,C++14 (GCC 5.4.1),cpp,Runtime Error,103,256,744,
s020104850,p02982,u489326854,1565130645,C++,C++14 (GCC 5.4.1),cpp,Accepted,1,256,502,
s932397035,p02982,u963055157,1565124981,C++,C++14 (GCC 5.4.1),cpp,Accepted,1,256,696,
s367226238,p02982,u197937533,1565115755,C,C (GCC 5.4.1),c,Wrong Answer,1,256,707,
s167159964,p02982,u222167587,1565113428,C,C (GCC 5.4.1),c,Accepted,1,128,696,
s013674565,p02982,u658441673,1565113001,C,C (GCC 5.4.1),c,Accepted,1,128,481,
s741802247,p02982,u658441673,1565112921,C,C (GCC 5.4.1),c,Compile Error,,,487,
s347124473,p02982,u430223993,1565111071,Python,Python (3.4.3),py,Accepted,149,12432,272,
s880552431,p02982,u319589470,1565110559,Python,Python (3.4.3),py,Accepted,18,3064,278,
s219427858,p02982,u319589470,1565110374,Python,Python (3.4.3),py,Wrong Answer,17,3064,281,
s506762009,p02982,u318027064,1565102795,C++,C++14 (GCC 5.4.1),cpp,Accepted,1,256,580,
s244894190,p02982,u318027064,1565102729,C++,C++14 (GCC 5.4.1),cpp,Compile Error,,,579,
s708847926,p02982,u050428930,1565098540,C++,C++14 (GCC 5.4.1),cpp,Accepted,1,256,525,
s692902018,p02982,u932868389,1565092957,C++,C++14 (GCC 5.4.1),cpp,Accepted,1,256,477,
s674594822,p02982,u359025499,1565070012,C++,C++14 (GCC 5.4.1),cpp,Accepted,1,256,552,
s436647140,p02982,u943687675,1565065271,C++,C++14 (GCC 5.4.1),cpp,Accepted,1,256,597,
s086634913,p02982,u168860135,1565064537,C++,C++14 (GCC 5.4.1),cpp,Accepted,1,256,486,
s951930603,p02982,u781381862,1565063471,C++,C++14 (GCC 5.4.1),cpp,Accepted,1,256,1931,
s055438410,p02982,u286623856,1565062342,C#,C# (Mono 4.6.2.0),cs,Accepted,27,13396,1874,
s510098308,p02982,u927357863,1565061498,Python,Python (3.4.3),py,Accepted,18,3064,321,
s447737478,p02982,u924527074,1565058579,C,C (GCC 5.4.1),c,Accepted,1,128,694,
s593821760,p02982,u924527074,1565058517,C,C (GCC 5.4.1),c,Compile Error,,,687,
s237621121,p02982,u924527074,1565058443,C,C (GCC 5.4.1),c,Compile Error,,,686,
s722677340,p02982,u924527074,1565058384,C,C (GCC 5.4.1),c,Compile Error,,,686,
s580745581,p02982,u095453583,1565045254,C++,C++14 (GCC 5.4.1),cpp,Accepted,1,256,587,
s977638262,p02982,u095453583,1565045210,C++,C++14 (GCC 5.4.1),cpp,Wrong Answer,1,256,586,
s812573029,p02982,u302993900,1565042742,C++,C++14 (GCC 5.4.1),cpp,Wrong Answer,1,128,628,
s273943393,p02982,u302993900,1565042674,C++,C++14 (GCC 5.4.1),cpp,Wrong Answer,1,128,624,
s535210206,p02982,u095453583,1565041247,C++,C++14 (GCC 5.4.1),cpp,Wrong Answer,1,256,570,
s212293524,p02982,u095453583,1565038996,C++,C++14 (GCC 5.4.1),cpp,Wrong Answer,1,256,560,
s199434204,p02982,u477977638,1565038271,Python,Python (3.4.3),py,Accepted,18,3064,300,
s335343963,p02982,u578144172,1565037952,C++,C++14 (GCC 5.4.1),cpp,Accepted,1,256,520,
s661216859,p02982,u477977638,1565037811,Python,Python (3.4.3),py,Wrong Answer,18,3064,265,
s756318465,p02982,u503111914,1565032370,Python,Python (3.4.3),py,Wrong Answer,18,3064,346,
s994529860,p02982,u897328029,1565032281,Python,Python (3.4.3),py,Accepted,19,3064,534,
s695055553,p02982,u169639579,1565028995,C++,C++14 (GCC 5.4.1),cpp,Accepted,1,256,477,
s935346728,p02982,u169639579,1565028854,C++,C++14 (GCC 5.4.1),cpp,Wrong Answer,1,256,466,
s056536117,p02982,u169639579,1565028171,C++,C++14 (GCC 5.4.1),cpp,Compile Error,,,426,
s414840975,p02982,u960698724,1565027243,C++,C++14 (GCC 5.4.1),cpp,Accepted,1,256,473,
s607075203,p02982,u043557308,1565021324,Kotlin,Kotlin (1.0.0),kt,Accepted,237,37808,690,
s187456618,p02982,u043557308,1565020914,Kotlin,Kotlin (1.0.0),kt,Wrong Answer,239,37828,690,
s513201636,p02982,u043557308,1565020842,Kotlin,Kotlin (1.0.0),kt,Wrong Answer,244,37992,689,
s830403187,p02982,u043557308,1565020451,Kotlin,Kotlin (1.0.0),kt,Wrong Answer,246,37992,597,
s569170177,p02982,u918601425,1565016123,C++,C++14 (GCC 5.4.1),cpp,Accepted,1,256,554,
s972458228,p02982,u474492589,1565011570,Java,Java8 (OpenJDK 1.8.0),java,Accepted,109,21712,821,
s695271701,p02982,u326562452,1565011322,Ruby,Ruby (2.3.3),rb,Accepted,7,1788,306,
s912446157,p02982,u629133942,1564977181,C++,C++14 (GCC 5.4.1),cpp,Accepted,1,256,975,
s469925139,p02982,u143492911,1564973770,C++,C++14 (GCC 5.4.1),cpp,Accepted,1,256,410,
s313255046,p02982,u143492911,1564973676,C++,C++14 (GCC 5.4.1),cpp,Wrong Answer,1,256,410,
s071078906,p02982,u143492911,1564973613,C++,C++14 (GCC 5.4.1),cpp,Compile Error,,,410,
s557592739,p02982,u143492911,1564973503,C++,C++14 (GCC 5.4.1),cpp,Compile Error,,,409,
s685247638,p02982,u177904182,1564970854,C#,C# (Mono 4.6.2.0),cs,Accepted,21,13140,1660,
s540088712,p02982,u894100407,1564970598,C,C (GCC 5.4.1),c,Accepted,1,128,425,
s687658971,p02982,u163791883,1564966856,Python,Python (3.4.3),py,Accepted,20,3316,297,
s187772158,p02982,u319569229,1564962815,C++,C++14 (GCC 5.4.1),cpp,Accepted,1,256,1077,
s475754731,p02982,u762540523,1564961928,Python,Python (3.4.3),py,Accepted,17,3064,466,
s055661991,p02982,u264471505,1564961360,C++,C++14 (GCC 5.4.1),cpp,Accepted,1,256,567,
s822695778,p02982,u736788838,1564961240,C++,C++14 (GCC 5.4.1),cpp,Accepted,1,256,566,
s993699305,p02982,u797016134,1564959816,Python,Python (3.4.3),py,Accepted,18,3064,489,
s466942827,p02982,u262602763,1564958374,Go,Go (1.6),go,Accepted,1,512,723,
s714697429,p02982,u982222053,1564957033,Python,Python (3.4.3),py,Accepted,18,3064,446,
s326746961,p02982,u122994151,1564954905,C++,C++14 (GCC 5.4.1),cpp,Accepted,1,256,724,
s991207148,p02982,u122994151,1564954708,C++,C++14 (Clang 3.8.0),cpp,Compile Error,,,688,
s929837713,p02982,u122994151,1564954616,C++,C++14 (GCC 5.4.1),cpp,Compile Error,,,688,
s665252813,p02982,u096616343,1564953501,Python,Python (3.4.3),py,Accepted,151,12468,412,
s034465803,p02982,u235210692,1564953102,Python,PyPy3 (2.4.0),py,Accepted,168,38640,424,
s796883722,p02982,u978962055,1564951308,Python,Python (3.4.3),py,Accepted,151,12452,334,
s827467814,p02982,u978962055,1564949720,Python,Python (3.4.3),py,Accepted,152,12452,334,
s468921296,p02982,u978962055,1564949441,Python,Python (3.4.3),py,Accepted,153,12452,370,
s448387870,p02982,u965562021,1564947581,C#,C# (Mono 4.6.2.0),cs,Accepted,22,13268,2022,
s710764019,p02982,u480887263,1564947392,Python,Python (3.4.3),py,Accepted,18,3188,295,
s173203624,p02982,u965562021,1564947348,C#,C# (Mono 4.6.2.0),cs,Accepted,22,11220,2064,
s098469222,p02982,u965562021,1564947158,C#,C# (Mono 4.6.2.0),cs,Accepted,22,13268,2062,
s393748648,p02982,u965562021,1564947096,C#,C# (Mono 4.6.2.0),cs,Wrong Answer,14,10452,2055,
s028126528,p02982,u667375816,1564946756,C++,C++14 (GCC 5.4.1),cpp,Accepted,2,256,566,
s464229180,p02982,u094191970,1564945886,Python,Python (3.4.3),py,Accepted,152,12540,393,
s269390771,p02982,u119098168,1564945402,C++,C++14 (GCC 5.4.1),cpp,Accepted,1,256,544,
s404286063,p02982,u740260565,1564945015,Python,Python (3.4.3),py,Accepted,19,3064,616,
s089792911,p02982,u811309788,1564944900,Java,Java8 (OpenJDK 1.8.0),java,Accepted,108,23892,749,
s559522627,p02982,u636614373,1564941522,C#,C# (Mono 4.6.2.0),cs,Accepted,27,13524,3416,
s419254144,p02982,u278057806,1564941521,Python,Python (3.4.3),py,Accepted,18,3060,320,
s755345504,p02982,u084693263,1564941076,Go,Go (1.6),go,Accepted,1,640,2158,
s210337942,p02982,u278057806,1564940542,Python,Python (3.4.3),py,Wrong Answer,18,3060,300,
s337823456,p02982,u278057806,1564940303,Python,Python (3.4.3),py,Wrong Answer,18,3060,316,
s668187012,p02982,u278057806,1564940201,Python,Python (3.4.3),py,Wrong Answer,18,3060,324,
s799254988,p02982,u278057806,1564940085,Python,Python (3.4.3),py,Wrong Answer,18,3060,312,
s034477882,p02982,u278057806,1564939898,Python,Python (3.4.3),py,Wrong Answer,18,3064,312,
s875462720,p02982,u006393460,1564935518,C#,C# (Mono 4.6.2.0),cs,Accepted,24,13396,1912,
s448603511,p02982,u843954136,1564926491,C++,C++14 (GCC 5.4.1),cpp,Accepted,2,256,665,
s637672842,p02982,u837342248,1564921801,Python,Python (3.4.3),py,Accepted,17,3060,317,
s154880356,p02982,u784022244,1564916874,Python,Python (3.4.3),py,Accepted,168,13224,346,
s702874789,p02982,u784022244,1564916839,Python,Python (3.4.3),py,Wrong Answer,149,12420,362,
s689351745,p02982,u409962311,1564901766,Java,Java8 (OpenJDK 1.8.0),java,Accepted,110,21972,687,
s285481108,p02982,u389766217,1564901321,C++,C++14 (GCC 5.4.1),cpp,Accepted,1,256,412,
s187279790,p02982,u055687468,1564898081,PHP,PHP7 (7.0.15),php,Accepted,12,4728,595,
s819821291,p02982,u336102890,1564893061,PHP,PHP (5.6.30),php,Accepted,11,3700,429,
s156597484,p02982,u004938108,1564892726,Kotlin,Kotlin (1.0.0),kt,Accepted,240,37752,836,
s971347531,p02982,u667375816,1564890639,C++,C++14 (GCC 5.4.1),cpp,Time Limit Exceeded,2103,256,584,
s660275431,p02982,u817014213,1564886630,C++,C++14 (GCC 5.4.1),cpp,Wrong Answer,1,384,631,
s327417635,p02982,u641770903,1564885953,Python,Python (3.4.3),py,Accepted,21,3064,437,
s190735086,p02982,u641770903,1564885819,Python,Python (3.4.3),py,Wrong Answer,18,3064,441,
s142932167,p02982,u527379148,1564885368,Python,PyPy3 (2.4.0),py,Accepted,175,38384,457,
s449800183,p02982,u641770903,1564885307,Python,Python (3.4.3),py,Wrong Answer,18,3064,471,
s856484014,p02982,u641770903,1564885271,Python,Python (3.4.3),py,Accepted,19,3064,464,
s585275443,p02982,u735008991,1564884755,C++,C++14 (GCC 5.4.1),cpp,Accepted,1,256,725,
s760749306,p02982,u641770903,1564884389,Python,Python (3.4.3),py,Wrong Answer,18,3064,435,
s565606487,p02982,u970197315,1564883901,Python,Python (3.4.3),py,Accepted,152,12344,546,
s719948290,p02982,u533749093,1564883786,C++,C++14 (GCC 5.4.1),cpp,Accepted,1,256,724,
s695478691,p02982,u641460756,1564881008,Python,Python (3.4.3),py,Accepted,18,3064,465,
s014211755,p02982,u058348416,1564880891,C++,C++14 (GCC 5.4.1),cpp,Accepted,2,256,543,
s221422363,p02982,u565624841,1564880125,C++,C++14 (GCC 5.4.1),cpp,Accepted,1,256,2081,
s104973502,p02982,u565624841,1564879137,C++,C++14 (GCC 5.4.1),cpp,Wrong Answer,1,256,2147,
s408652350,p02982,u770300100,1564873435,Python,Python (3.4.3),py,Accepted,18,3064,365,
s739384559,p02982,u959225525,1564871366,Python,Python (3.4.3),py,Accepted,18,3064,274,
s382178679,p02982,u959225525,1564870774,Python,Python (3.4.3),py,Wrong Answer,17,3064,355,
s923785739,p02982,u021548497,1564867749,Python,Python (3.4.3),py,Accepted,148,12424,496,
s278728711,p02982,u672735299,1564866336,Python,Python (3.4.3),py,Accepted,18,3064,456,
s671313444,p02982,u422558819,1564865902,C++,C++14 (GCC 5.4.1),cpp,Accepted,1,256,1519,
s233159989,p02982,u986884213,1564865643,Java,Java8 (OpenJDK 1.8.0),java,Accepted,110,23380,913,
s430968842,p02982,u641770903,1564863914,Python,Python (3.4.3),py,Runtime Error,149,12448,715,
s744045556,p02982,u641770903,1564863813,Python,Python (3.4.3),py,Runtime Error,154,12448,694,
s518126876,p02982,u641770903,1564863562,Python,Python (3.4.3),py,Runtime Error,148,12404,706,
s045888195,p02982,u022688266,1564863531,C++,C++14 (GCC 5.4.1),cpp,Accepted,1,256,412,
s973175074,p02982,u641770903,1564863527,Python,Python (3.4.3),py,Runtime Error,147,14432,706,
s444027095,p02982,u641770903,1564863452,Python,Python (3.4.3),py,Runtime Error,153,12648,701,
s235257579,p02982,u641770903,1564863369,Python,Python (3.4.3),py,Runtime Error,153,12448,794,
s973829996,p02982,u154979004,1564858365,Python,Python (3.4.3),py,Accepted,18,3064,405,
s351657083,p02982,u154979004,1564858232,Python,Python (3.4.3),py,Wrong Answer,18,3064,433,
s713509151,p02982,u778700306,1564857824,Python,Python (3.4.3),py,Accepted,18,3064,354,
s387281401,p02982,u413165887,1564846495,Python,Python (3.4.3),py,Accepted,18,3064,330,
s663256353,p02982,u271934630,1564844712,Python,PyPy3 (2.4.0),py,Accepted,174,38384,300,
s734829001,p02982,u865383026,1564843797,Python,Python (3.4.3),py,Accepted,18,3064,648,
s361267546,p02982,u143492911,1564833721,Python,Python (3.4.3),py,Accepted,18,3064,291,
s458814391,p02982,u143492911,1564833582,Python,Python (3.4.3),py,Runtime Error,17,3188,274,
s918340029,p02982,u608306652,1564815457,C++,C++14 (GCC 5.4.1),cpp,Accepted,1,256,546,
s572281682,p02982,u086495852,1564804948,C++,C++14 (GCC 5.4.1),cpp,Accepted,1,256,894,
s542520832,p02982,u983547593,1564804313,C++,C++14 (GCC 5.4.1),cpp,Accepted,1,256,683,
s071877990,p02982,u983547593,1564804039,C++,C++14 (GCC 5.4.1),cpp,Wrong Answer,1,256,685,
s852449882,p02982,u263858205,1564803759,C++,C++14 (GCC 5.4.1),cpp,Accepted,1,256,796,
s321635037,p02982,u263858205,1564803703,C++,C++14 (GCC 5.4.1),cpp,Wrong Answer,2,256,796,
s053230357,p02982,u921811474,1564802486,Python,Python (3.4.3),py,Accepted,18,3188,302,
s597961739,p02982,u531220228,1564802344,Python,Python (3.4.3),py,Accepted,1613,21616,272,
s154462822,p02982,u531220228,1564802281,Python,Python (3.4.3),py,Runtime Error,152,12472,269,
s293672183,p02982,u959225525,1564800894,Python,Python (3.4.3),py,Wrong Answer,19,3316,368,
s478045800,p02982,u032263881,1564799723,JavaScript,JavaScript (node.js v5.12),js,Accepted,53,11468,632,
s743711074,p02982,u032263881,1564799605,JavaScript,JavaScript (node.js v5.12),js,Accepted,53,7372,574,
s534449204,p02982,u095021077,1564796711,Python,Python (3.4.3),py,Accepted,18,3188,348,
s468880969,p02982,u095021077,1564796623,Python,Python (3.4.3),py,Runtime Error,17,3064,348,
s927158674,p02982,u095021077,1564796551,Python,Python (3.4.3),py,Runtime Error,18,3064,345,
s667106963,p02982,u095021077,1564796260,Python,Python (3.4.3),py,Runtime Error,18,3064,340,
s457156777,p02982,u867736259,1564786948,Python,Python (3.4.3),py,Accepted,18,3064,291,
s696588242,p02982,u069877747,1564786774,C++,C++14 (GCC 5.4.1),cpp,Accepted,1,256,672,
s600874460,p02982,u009041760,1564786584,C#,C# (Mono 4.6.2.0),cs,Accepted,21,11092,1419,
s171534542,p02982,u867736259,1564786492,Python,Python (3.4.3),py,Wrong Answer,18,3064,277,
s854976543,p02982,u867736259,1564786234,Python,Python (3.4.3),py,Wrong Answer,17,3064,265,
s286664909,p02982,u095015466,1564785547,Python,Python (3.4.3),py,Accepted,18,3064,375,
s770624976,p02982,u160754729,1564782946,C++,C++14 (GCC 5.4.1),cpp,Accepted,1,256,714,
s020582550,p02982,u920434083,1564778687,C++,C++14 (GCC 5.4.1),cpp,Accepted,1,256,974,
s492074181,p02982,u353241315,1564775824,Python,Python (3.4.3),py,Accepted,285,18812,582,
s751995742,p02982,u485252122,1564774168,Perl,Perl (v5.18.2),pl,Accepted,4,640,524,
s238882041,p02982,u115888500,1564768329,C++,C++14 (GCC 5.4.1),cpp,Accepted,1,256,2893,
s348932771,p02982,u995485610,1564764133,C++,C++14 (GCC 5.4.1),cpp,Wrong Answer,1,256,896,
s023436370,p02982,u995485610,1564763939,C++,C++14 (GCC 5.4.1),cpp,Wrong Answer,1,256,895,
s723744551,p02982,u172569352,1564757049,Python,Python (3.4.3),py,Accepted,18,3064,411,
s996025843,p02982,u135847648,1564755169,Python,Python (3.4.3),py,Accepted,18,3064,324,
s920164222,p02982,u650773146,1564754743,C++,C++14 (GCC 5.4.1),cpp,Accepted,1,256,567,
s998776212,p02982,u650773146,1564754712,C++,C++14 (GCC 5.4.1),cpp,Compile Error,,,566,
s562106917,p02982,u650773146,1564754594,C++,C++14 (GCC 5.4.1),cpp,Compile Error,,,567,
s071485466,p02982,u466968658,1564746834,Python,Python (3.4.3),py,Accepted,17,3188,361,
s445415487,p02982,u190332602,1564734284,Rust,Rust (1.15.1),rs,Accepted,2,4352,1232,
s328526048,p02982,u038385221,1564726617,Haskell,Haskell (GHC 7.10.3),hs,Accepted,3,1020,121,
s292739570,p02982,u038385221,1564726528,Haskell,Haskell (GHC 7.10.3),hs,Wrong Answer,2,1020,120,
s521007465,p02982,u407539638,1564726325,C++,C++14 (GCC 5.4.1),cpp,Accepted,1,256,626,
s413320558,p02982,u822882660,1564720939,Python,PyPy3 (2.4.0),py,Accepted,170,38256,354,
s090664941,p02982,u485252122,1564718589,Fortran,Fortran (gfortran v4.8.4),f,Accepted,1,256,625,
s485413077,p02982,u485252122,1564718070,Python,Python (3.4.3),py,Accepted,152,12448,588,
s013145895,p02982,u186838327,1564716354,Python,PyPy3 (2.4.0),py,Accepted,166,38384,343,
s498996838,p02982,u679759899,1564714398,Python,Python (3.4.3),py,Accepted,18,3064,364,
s935913365,p02982,u085430333,1564714018,Python,Python (3.4.3),py,Accepted,18,3064,389,
s107952612,p02982,u415325136,1564710377,C++,C++14 (GCC 5.4.1),cpp,Accepted,1,256,488,
s404149876,p02982,u415325136,1564709871,C++,C++14 (GCC 5.4.1),cpp,Wrong Answer,1,256,690,
s603642468,p02982,u415325136,1564709808,C++,C++14 (GCC 5.4.1),cpp,Wrong Answer,1,256,753,
s892784387,p02982,u708258059,1564709317,C++,C++14 (GCC 5.4.1),cpp,Accepted,1,256,591,
s090829599,p02982,u647522078,1564708639,Ruby,Ruby (2.3.3),rb,Accepted,9,1916,220,
s819468352,p02982,u728732647,1564703589,C++,C++14 (GCC 5.4.1),cpp,Accepted,1,256,2532,
s667048149,p02982,u164385976,1564702607,C++,C++14 (GCC 5.4.1),cpp,Accepted,1,256,683,
s749931321,p02982,u164385976,1564701231,C++,C++14 (GCC 5.4.1),cpp,Wrong Answer,1,256,689,
s357929637,p02982,u728732647,1564700860,C++,C++14 (GCC 5.4.1),cpp,Accepted,1,256,492,
s061469040,p02982,u995485610,1564697851,C++,C++14 (GCC 5.4.1),cpp,Wrong Answer,1,256,844,
s070298163,p02982,u426572476,1564692891,C++,C++14 (GCC 5.4.1),cpp,Accepted,1,256,638,
s096904651,p02982,u338824669,1564689394,Python,Python (3.4.3),py,Accepted,18,3064,264,
s455173273,p02982,u870906509,1564685482,Python,Python (3.4.3),py,Accepted,18,3064,301,
s010338263,p02982,u870906509,1564684927,Python,Python (3.4.3),py,Wrong Answer,18,3064,319,
s932553921,p02982,u018679195,1564683378,C++,C++14 (GCC 5.4.1),cpp,Accepted,1,256,2578,
s916208966,p02982,u863370423,1564682628,C++,C++14 (GCC 5.4.1),cpp,Accepted,1,256,867,
s993243927,p02982,u972747689,1564646013,C++,C++14 (GCC 5.4.1),cpp,Accepted,1,256,539,
s243929907,p02982,u570786770,1564645012,C++,C++14 (GCC 5.4.1),cpp,Accepted,1,256,654,
s519690187,p02982,u515328251,1564630439,C++,C++14 (GCC 5.4.1),cpp,Accepted,1,256,693,
s616589305,p02982,u122195031,1564622596,Python,Python (3.4.3),py,Accepted,18,3064,295,
s813535050,p02982,u637207351,1564615328,Python,PyPy3 (2.4.0),py,Accepted,166,38384,366,
s329518268,p02982,u552847961,1564599276,C++,C++14 (GCC 5.4.1),cpp,Accepted,1,256,533,
s035323635,p02982,u252459200,1564593313,Ruby,Ruby (2.3.3),rb,Accepted,21,2300,366,
s235442255,p02982,u432551953,1564591235,Python,PyPy3 (2.4.0),py,Accepted,166,38512,435,
s170046983,p02982,u608579392,1564586660,Python,Python (3.4.3),py,Accepted,151,12516,487,
s568883135,p02982,u608579392,1564586593,Python,Python (3.4.3),py,Wrong Answer,152,12432,489,
s465171239,p02982,u608579392,1564586459,Python,Python (3.4.3),py,Wrong Answer,152,12516,488,
s417898193,p02982,u392569193,1564583933,C++,C++14 (GCC 5.4.1),cpp,Accepted,1,256,905,
s595031499,p02982,u392569193,1564583658,C++,C++14 (GCC 5.4.1),cpp,Wrong Answer,1,256,904,
s987883340,p02982,u392569193,1564583589,C++,C++14 (GCC 5.4.1),cpp,Wrong Answer,1,256,328,
s333469618,p02982,u910028046,1564583203,C++,C++ (GCC 5.4.1),cpp,Accepted,1,256,518,
s678602271,p02982,u910028046,1564583182,C++,C++ (GCC 5.4.1),cpp,Compile Error,,,519,
s420750981,p02982,u910028046,1564583156,C++,C++ (GCC 5.4.1),cpp,Compile Error,,,525,
s888565851,p02982,u910028046,1564582584,C++,C++ (GCC 5.4.1),cpp,Wrong Answer,1,256,518,
s696086430,p02982,u047858101,1564562851,C++,C++14 (GCC 5.4.1),cpp,Accepted,1,256,1398,
s919937117,p02982,u047858101,1564562620,C++,C++14 (GCC 5.4.1),cpp,Accepted,1,256,1383,
s316639529,p02982,u926080943,1564558273,Go,Go (1.6),go,Accepted,1,512,637,
s358789043,p02982,u980655160,1564555681,C++,C++14 (GCC 5.4.1),cpp,Accepted,1,256,1068,
s869313417,p02982,u302870145,1564549309,C++,C++14 (GCC 5.4.1),cpp,Accepted,6,384,427,
s132934559,p02982,u017078415,1564545808,C++,C++14 (GCC 5.4.1),cpp,Accepted,1,256,841,
s171394746,p02982,u774160580,1564543325,Python,Python (3.4.3),py,Accepted,151,12424,497,
s488175201,p02982,u910028046,1564540726,C++,C++ (GCC 5.4.1),cpp,Wrong Answer,1,256,477,
s555377707,p02982,u910028046,1564540456,C++,C++ (GCC 5.4.1),cpp,Runtime Error,99,256,471,
s024079829,p02982,u984247484,1564533672,C++,C++14 (GCC 5.4.1),cpp,Accepted,1,256,608,
s832622534,p02982,u984247484,1564533613,C++,C++14 (GCC 5.4.1),cpp,Wrong Answer,1,256,606,
s793159035,p02982,u702142173,1564532610,C++,C++14 (GCC 5.4.1),cpp,Accepted,1,256,564,
s722687750,p02982,u347210032,1564526043,C++,C++14 (GCC 5.4.1),cpp,Accepted,1,256,473,
s828077893,p02982,u347210032,1564525355,C++,C++14 (GCC 5.4.1),cpp,Wrong Answer,3,256,385,
s544682492,p02982,u992736202,1564523252,C,C (GCC 5.4.1),c,Accepted,1,128,567,
s868848309,p02982,u390712954,1564522600,C++,C++ (GCC 5.4.1),cpp,Accepted,1,256,534,
s159597811,p02982,u390712954,1564522534,C++,C++ (GCC 5.4.1),cpp,Compile Error,,,533,
s034324201,p02982,u506320030,1564519482,C#,C# (Mono 4.6.2.0),cs,Accepted,22,11220,2054,
s185592956,p02982,u296610335,1564518506,C++,C++14 (GCC 5.4.1),cpp,Accepted,1,128,534,
s471100982,p02982,u164300951,1564512593,C++,C++14 (GCC 5.4.1),cpp,Accepted,1,256,2471,
s135897856,p02982,u164300951,1564512371,C++,C++14 (GCC 5.4.1),cpp,Runtime Error,98,256,852,
s420400079,p02982,u164300951,1564512319,C++,C++14 (GCC 5.4.1),cpp,Compile Error,,,666,
s053582404,p02982,u164678731,1564505476,Python,Python (3.4.3),py,Accepted,18,3060,395,
s589757835,p02982,u081029414,1564505232,Python,Python (3.4.3),py,Accepted,18,3064,422,
s662269323,p02982,u431929942,1564492760,C++,C++14 (GCC 5.4.1),cpp,Accepted,1,256,601,
s430817988,p02982,u966508131,1564490443,C++,C++14 (GCC 5.4.1),cpp,Accepted,5,512,2010,
s362760610,p02982,u132364782,1564478911,C++,C++14 (GCC 5.4.1),cpp,Accepted,1,256,700,
s140091621,p02982,u367130284,1564475491,Python,Python (3.4.3),py,Accepted,273,19996,220,
s122377980,p02982,u258032299,1564472281,C++,C++14 (GCC 5.4.1),cpp,Accepted,5,640,1638,
s022917224,p02982,u107292917,1564471730,C++,C++14 (GCC 5.4.1),cpp,Accepted,1,256,1733,
s445771261,p02982,u615258936,1564464810,C++,C++14 (GCC 5.4.1),cpp,Accepted,1,256,521,
s420101768,p02982,u615258936,1564464770,C++,C++14 (GCC 5.4.1),cpp,Compile Error,,,502,
s153705898,p02982,u828907994,1564460558,C++,C++14 (GCC 5.4.1),cpp,Wrong Answer,1,256,585,
s098869979,p02982,u842388336,1564460003,Python,Python (3.4.3),py,Accepted,149,12424,486,
s083609567,p02982,u906572139,1564458774,C++,C++14 (GCC 5.4.1),cpp,Accepted,1,256,541,
s110760963,p02982,u095756391,1564458318,C++,C++14 (GCC 5.4.1),cpp,Accepted,1,256,800,
s881497696,p02982,u095756391,1564457880,C++,C++14 (GCC 5.4.1),cpp,Wrong Answer,1,256,800,
s756033481,p02982,u374765578,1564445012,Python,Python (3.4.3),py,Accepted,18,3064,368,
s198143944,p02982,u777283665,1564439930,Python,Python (3.4.3),py,Accepted,18,3188,352,
s557215828,p02982,u666721654,1564432593,C++,C++14 (GCC 5.4.1),cpp,Accepted,1,256,12281,
s789979795,p02982,u655683235,1564428896,Pascal,Pascal (FPC 2.6.2),pas,Accepted,0,128,313,
s063187910,p02982,u845000384,1564425221,C++,C++14 (GCC 5.4.1),cpp,Accepted,1,256,676,
s987459804,p02982,u620755587,1564415097,Python,Python (3.4.3),py,Accepted,18,3064,352,
s762773995,p02982,u676010704,1564385958,Rust,Rust (1.15.1),rs,Accepted,2,4352,1037,
s492825669,p02982,u536916602,1564381608,C++,C++14 (GCC 5.4.1),cpp,Accepted,1,256,741,
s070917380,p02982,u631558039,1564380246,C++,C++14 (GCC 5.4.1),cpp,Accepted,1,256,407,
s667175823,p02982,u631558039,1564380202,C++,C++14 (GCC 5.4.1),cpp,Compile Error,,,408,
s248400714,p02982,u631558039,1564380131,C++,C++14 (GCC 5.4.1),cpp,Compile Error,,,397,
s623227868,p02982,u631558039,1564379742,C++,C++14 (GCC 5.4.1),cpp,Compile Error,,,396,
s525358676,p02982,u631558039,1564379444,C++,C++14 (GCC 5.4.1),cpp,Wrong Answer,1,256,469,
s788342048,p02982,u631558039,1564379274,C++,C++14 (GCC 5.4.1),cpp,Wrong Answer,1,256,467,
s813099240,p02982,u631558039,1564379126,C++,C++14 (GCC 5.4.1),cpp,Wrong Answer,1,256,479,
s289437629,p02982,u631558039,1564378960,C++,C++14 (GCC 5.4.1),cpp,Compile Error,,,474,
s424229327,p02982,u631558039,1564378722,C++,C++14 (GCC 5.4.1),cpp,Compile Error,,,477,
s046168028,p02982,u631558039,1564378619,C++,C++14 (GCC 5.4.1),cpp,Compile Error,,,467,
s561267077,p02982,u631558039,1564378576,C++,C++14 (GCC 5.4.1),cpp,Compile Error,,,468,
s374737425,p02982,u631558039,1564378475,C++,C++14 (GCC 5.4.1),cpp,Compile Error,,,447,
s139649678,p02982,u631558039,1564378182,C++,C++14 (GCC 5.4.1),cpp,Compile Error,,,390,
s629457319,p02982,u631558039,1564377677,C++,C++14 (GCC 5.4.1),cpp,Compile Error,,,389,
s213401546,p02982,u413207096,1564375909,C++,C++14 (GCC 5.4.1),cpp,Accepted,3,384,624,
s665447049,p02982,u802627598,1564369026,Python,Python (3.4.3),py,Accepted,20,3060,389,
s187880823,p02982,u339419997,1564367546,C++,C++14 (GCC 5.4.1),cpp,Accepted,3,256,1215,
s600783529,p02982,u896206464,1564364462,Python,Python (3.4.3),py,Accepted,18,3064,413,
s585163658,p02982,u896206464,1564364344,Python,Python (3.4.3),py,Runtime Error,18,3064,413,
s099445532,p02982,u896206464,1564364116,Python,Python (3.4.3),py,Runtime Error,18,3064,408,
s010795622,p02982,u896206464,1564363839,Python,Python (3.4.3),py,Runtime Error,149,12508,426,
s519336213,p02982,u896206464,1564363456,Python,Python (3.4.3),py,Runtime Error,17,3064,300,
s254911665,p02982,u863370423,1564362856,C++,C++14 (GCC 5.4.1),cpp,Accepted,1,256,423,
s128499538,p02982,u059680467,1564357028,C++,C++14 (GCC 5.4.1),cpp,Accepted,1,256,1615,
s936552944,p02982,u059680467,1564356796,C++,C++14 (GCC 5.4.1),cpp,Accepted,1,256,1454,
s374911817,p02982,u579668395,1564347764,Ruby,Ruby (2.3.3),rb,Accepted,7,1788,214,
s041335394,p02982,u579668395,1564346785,Ruby,Ruby (2.3.3),rb,Accepted,7,1788,273,
s110007287,p02982,u093792099,1564346413,Python,Python (3.4.3),py,Accepted,20,3060,300,
s179245904,p02982,u579668395,1564344186,Ruby,Ruby (2.3.3),rb,Accepted,7,1788,362,
s092160414,p02982,u057810841,1564343510,C++,C++14 (GCC 5.4.1),cpp,Accepted,1,256,565,
s459639506,p02982,u409343817,1564332370,C++,C++14 (GCC 5.4.1),cpp,Accepted,1,256,803,
s545337580,p02982,u409343817,1564332301,C++,C++14 (GCC 5.4.1),cpp,Accepted,1,256,803,
s041043304,p02982,u130797451,1564315706,C++,C++14 (GCC 5.4.1),cpp,Accepted,1,256,698,
s360931919,p02982,u909487111,1564299504,Python,Python (3.4.3),py,Accepted,18,3064,430,
s116172886,p02982,u598494223,1564292440,C#,C# (Mono 4.6.2.0),cs,Accepted,30,13652,2683,
s616544720,p02982,u698771758,1564277222,Python,Python (3.4.3),py,Accepted,18,3188,274,
s355491141,p02982,u459774442,1564274519,C#,C# (Mono 4.6.2.0),cs,Accepted,22,13268,1571,
s018611323,p02982,u876978301,1564274376,C++,C++14 (GCC 5.4.1),cpp,Accepted,1,256,1836,
s330150184,p02982,u964726243,1564274357,C++,C++14 (GCC 5.4.1),cpp,Accepted,5,764,693,
s349819302,p02982,u964726243,1564273773,C++,C++14 (GCC 5.4.1),cpp,Wrong Answer,1,256,697,
s147566167,p02982,u591016708,1564270717,Python,Python (3.4.3),py,Accepted,18,3060,347,
s216833477,p02982,u284854859,1564268648,Python,PyPy3 (2.4.0),py,Accepted,164,38512,405,
s946265237,p02982,u284854859,1564268586,Python,Python (3.4.3),py,Wrong Answer,19,3064,403,
s836114133,p02982,u798129018,1564268390,Python,PyPy3 (2.4.0),py,Accepted,187,38384,344,
s205874221,p02982,u618604643,1564266542,C++,C++14 (GCC 5.4.1),cpp,Accepted,1,256,470,
s171474990,p02982,u459774442,1564263827,C#,C# (Mono 4.6.2.0),cs,Wrong Answer,21,11220,1430,
s016694314,p02982,u790905630,1564263608,C#,C# (Mono 4.6.2.0),cs,Accepted,21,13268,1060,
s547519800,p02982,u790905630,1564263430,C#,C# (Mono 4.6.2.0),cs,Accepted,22,11220,1070,
s840763328,p02982,u790905630,1564263395,C#,C# (Mono 4.6.2.0),cs,Wrong Answer,23,13268,1138,
s829105548,p02982,u808092152,1564261781,Java,Java8 (OpenJDK 1.8.0),java,Accepted,109,21972,690,
s533178074,p02982,u790905630,1564261739,C#,C# (Mono 4.6.2.0),cs,Accepted,22,13268,1045,
s010177008,p02982,u808092152,1564260696,Java,Java8 (OpenJDK 1.8.0),java,Runtime Error,106,23636,644,
s181890823,p02982,u001996328,1564254001,C++,C++14 (GCC 5.4.1),cpp,Wrong Answer,1,256,444,
s286790849,p02982,u001996328,1564253954,C++,C++14 (GCC 5.4.1),cpp,Wrong Answer,1,256,438,
s244391314,p02982,u683788379,1564253802,C++,C++14 (GCC 5.4.1),cpp,Accepted,1,256,822,
s636482025,p02982,u001996328,1564253741,C++,C++14 (GCC 5.4.1),cpp,Wrong Answer,1,256,460,
s462831538,p02982,u001996328,1564253624,C++,C++14 (GCC 5.4.1),cpp,Wrong Answer,1,256,464,
s531115527,p02982,u001996328,1564253496,C++,C++14 (GCC 5.4.1),cpp,Compile Error,,,442,
s364429515,p02982,u959225525,1564247706,Python,Python (3.4.3),py,Wrong Answer,18,3188,346,
s530276430,p02982,u784448849,1564244974,C++,C++14 (GCC 5.4.1),cpp,Accepted,1,256,944,
s392277097,p02982,u835534008,1564244087,C++,C++14 (GCC 5.4.1),cpp,Accepted,1,384,590,
s187410326,p02982,u870965055,1564244077,C++,C++14 (GCC 5.4.1),cpp,Accepted,2,256,806,
s009621131,p02982,u078181689,1564242399,Python,Python (3.4.3),py,Accepted,18,3064,334,
s280577109,p02982,u078181689,1564242121,Python,Python (3.4.3),py,Wrong Answer,18,3064,333,
s673637711,p02982,u703214333,1564238569,C++,C++14 (GCC 5.4.1),cpp,Wrong Answer,3,256,540,
s277578377,p02982,u703214333,1564238499,C++,C++14 (GCC 5.4.1),cpp,Accepted,1,256,541,
s362631994,p02982,u703214333,1564237069,C++,C++14 (GCC 5.4.1),cpp,Wrong Answer,3,256,573,
s479058445,p02982,u703214333,1564236890,C++,C++14 (GCC 5.4.1),cpp,Wrong Answer,3,256,562,
s888501385,p02982,u703214333,1564236809,C++,C++14 (GCC 5.4.1),cpp,Compile Error,,,566,
s443283856,p02982,u703214333,1564236717,C++,C++14 (GCC 5.4.1),cpp,Wrong Answer,3,256,550,
s952385787,p02982,u703214333,1564236654,C++,C++14 (GCC 5.4.1),cpp,Accepted,1,256,548,
s861957363,p02982,u356086562,1564236644,Rust,Rust (1.15.1),rs,Accepted,2,4352,873,
s348613580,p02982,u703214333,1564236555,C++,C++14 (GCC 5.4.1),cpp,Compile Error,,,533,
s482779580,p02982,u703214333,1564236365,C++,C++14 (GCC 5.4.1),cpp,Wrong Answer,3,256,496,
s517837120,p02982,u703214333,1564236242,C++,C++14 (GCC 5.4.1),cpp,Wrong Answer,3,256,487,
s166413561,p02982,u703214333,1564236204,C++,C++14 (GCC 5.4.1),cpp,Wrong Answer,1,256,486,
s843838420,p02982,u703214333,1564236008,C++,C++14 (GCC 5.4.1),cpp,Wrong Answer,1,256,482,
s777757721,p02982,u703214333,1564235791,C++,C++14 (GCC 5.4.1),cpp,Wrong Answer,1,256,449,
s589993392,p02982,u703214333,1564235757,C++,C++14 (GCC 5.4.1),cpp,Compile Error,,,452,
s213891573,p02982,u703214333,1564235490,C++,C++14 (GCC 5.4.1),cpp,Compile Error,,,456,
s237443318,p02982,u703214333,1564235427,C++,C++14 (GCC 5.4.1),cpp,Compile Error,,,462,
s218601614,p02982,u128196936,1564230863,Python,Python (3.4.3),py,Accepted,18,3064,344,
s716623581,p02982,u057942294,1564223855,C++,C++14 (GCC 5.4.1),cpp,Accepted,1,256,853,
s088478890,p02982,u057942294,1564223639,C++,C++14 (GCC 5.4.1),cpp,Wrong Answer,1,256,853,
s378784437,p02982,u425248533,1564220782,Rust,Rust (1.15.1),rs,Accepted,2,4352,1788,
s614683342,p02982,u519756887,1564214576,C++,C++14 (GCC 5.4.1),cpp,Accepted,1,256,1165,
s713363486,p02982,u314209309,1564213151,C++,C++14 (GCC 5.4.1),cpp,Wrong Answer,1,256,621,
s190317648,p02982,u314209309,1564212637,C++,C++14 (GCC 5.4.1),cpp,Wrong Answer,3,256,677,
s460066354,p02982,u706828591,1564202282,Python,Python (3.4.3),py,Accepted,18,3188,350,
s457618622,p02982,u960171798,1564194199,Python,Python (3.4.3),py,Accepted,17,3060,355,
s422253782,p02982,u975481854,1564189839,C++,C++14 (GCC 5.4.1),cpp,Accepted,1,256,737,
s299534329,p02982,u170077602,1564187594,Python,Python (3.4.3),py,Accepted,151,12472,377,
s987008420,p02982,u452824632,1564182572,C,C (Clang 3.8.0),c,Accepted,2,384,760,
s196398080,p02982,u793733774,1564178878,Ruby,Ruby (2.3.3),rb,Accepted,8,1788,262,
s344672842,p02982,u793733774,1564178643,Ruby,Ruby (2.3.3),rb,Accepted,7,1788,268,
s014583078,p02982,u793733774,1564177983,Ruby,Ruby (2.3.3),rb,Accepted,7,1788,267,
s411890866,p02982,u391475811,1564177088,Python,Python (3.4.3),py,Accepted,17,3064,294,
s267061176,p02982,u187233527,1564175437,Python,Python (3.4.3),py,Accepted,18,3064,459,
s384465706,p02982,u212919262,1564166448,Python,Python (3.4.3),py,Accepted,152,12508,358,
s519291909,p02982,u189188797,1564163608,Python,Python (3.4.3),py,Accepted,18,3064,382,
s756707613,p02982,u189188797,1564162167,Python,Python (3.4.3),py,Wrong Answer,18,3064,323,
s835959190,p02982,u313994303,1564162111,C++,C++14 (GCC 5.4.1),cpp,Accepted,1,256,1147,
s530780283,p02982,u600402037,1564160354,Python,Python (3.4.3),py,Accepted,17,3064,460,
s292918310,p02982,u058295774,1564159473,C++,C++14 (GCC 5.4.1),cpp,Accepted,1,256,731,
s793801282,p02982,u562758243,1564159153,C,C (GCC 5.4.1),c,Accepted,1,128,989,
s073803742,p02982,u525065967,1564149780,C++,C++14 (GCC 5.4.1),cpp,Accepted,1,256,459,
s355335386,p02982,u027479217,1564149572,C++,C++14 (GCC 5.4.1),cpp,Accepted,1,256,536,
s963411894,p02982,u525065967,1564149453,C++,C++14 (GCC 5.4.1),cpp,Accepted,1,256,479,
s431837906,p02982,u525065967,1564147866,C++,C++14 (GCC 5.4.1),cpp,Accepted,1,256,481,
s346267845,p02982,u525065967,1564143765,C++,C++14 (GCC 5.4.1),cpp,Accepted,1,256,569,
s093965845,p02982,u302292660,1564128545,Python,Python (3.4.3),py,Accepted,18,3188,213,
s426569643,p02982,u302292660,1564128476,Python,Python (3.4.3),py,Runtime Error,17,3060,211,
s893188911,p02982,u865835920,1564120825,C++,C++14 (GCC 5.4.1),cpp,Accepted,1,256,1045,
s213968553,p02982,u467345889,1564119769,C++,C++14 (GCC 5.4.1),cpp,Accepted,1,256,1394,
s741902906,p02982,u050138914,1564117089,C++,C++14 (GCC 5.4.1),cpp,Accepted,1,256,766,
s133990420,p02982,u263715385,1564115117,C++,C++14 (GCC 5.4.1),cpp,Accepted,1,256,590,
s650353859,p02982,u484703930,1564115049,C,C (GCC 5.4.1),c,Accepted,1,128,2035,
s797951976,p02982,u050138914,1564114752,C++,C++14 (GCC 5.4.1),cpp,Wrong Answer,1,256,755,
s466786633,p02982,u724515098,1564110604,C++,C++14 (GCC 5.4.1),cpp,Accepted,1,256,971,
s288845840,p02982,u226108478,1564108843,Python,Python (3.4.3),py,Accepted,18,3064,471,
s340253270,p02982,u761475553,1564103917,C++,C++14 (GCC 5.4.1),cpp,Compile Error,,,460,
s888689535,p02982,u761475553,1564102137,C++,C++14 (GCC 5.4.1),cpp,Wrong Answer,1,256,457,
s306139869,p02982,u540877546,1564101796,C++,C++14 (GCC 5.4.1),cpp,Accepted,1,256,993,
s143266708,p02982,u507850687,1564092107,C++,C++14 (GCC 5.4.1),cpp,Accepted,1,128,491,
s785004135,p02982,u109139674,1564091866,C++,C++14 (GCC 5.4.1),cpp,Accepted,1,256,677,
s259493439,p02982,u507850687,1564091558,C++,C++14 (GCC 5.4.1),cpp,Wrong Answer,1,128,489,
s714373158,p02982,u214434454,1564090207,Python,Python (3.4.3),py,Accepted,17,3064,385,
s448632542,p02982,u214434454,1564090178,Python,Python (3.4.3),py,Accepted,24,3064,385,
s480313087,p02982,u040490988,1564089101,C++,C++14 (GCC 5.4.1),cpp,Accepted,1,256,551,
s818816367,p02982,u040490988,1564089010,C++,C++14 (GCC 5.4.1),cpp,Runtime Error,98,256,642,
s152373164,p02982,u507850687,1564088700,C++,C++14 (GCC 5.4.1),cpp,Wrong Answer,2,128,529,
s807793995,p02982,u477096296,1564088695,Go,Go (1.6),go,Accepted,1,512,652,
s526970677,p02982,u040490988,1564087543,C++,C++14 (GCC 5.4.1),cpp,Runtime Error,100,256,642,
s441768977,p02982,u802563409,1564085616,Python,Python (3.4.3),py,Accepted,17,3064,1502,
s644971351,p02982,u502709453,1564085109,C++,C++14 (GCC 5.4.1),cpp,Accepted,1,256,3319,
s378258085,p02982,u134939334,1564083899,Nim,Nim (0.13.0),nim,Accepted,1,256,501,
s049856241,p02982,u986190948,1564081917,C,C (GCC 5.4.1),c,Accepted,1,128,437,
s677489855,p02982,u925841581,1564072819,C++,C++14 (GCC 5.4.1),cpp,Accepted,2,384,496,
s361215304,p02982,u211361761,1564070099,C++,C++14 (GCC 5.4.1),cpp,Accepted,1,256,492,
s817390824,p02982,u787726370,1564067448,Java,Java8 (OpenJDK 1.8.0),java,Accepted,100,21716,781,
s099112663,p02982,u817760251,1564065802,Python,Python (3.4.3),py,Accepted,19,3064,330,
s988799871,p02982,u261891508,1564039260,JavaScript,JavaScript (node.js v5.12),js,Accepted,56,7372,1074,
s543237151,p02982,u447096097,1564036178,C++,C++14 (GCC 5.4.1),cpp,Accepted,1,256,822,
s116588715,p02982,u562148988,1564026645,Ruby,Ruby (2.3.3),rb,Accepted,7,1788,330,
s505031994,p02982,u371149954,1564024591,C++,C++14 (GCC 5.4.1),cpp,Accepted,1,256,549,
s732827811,p02982,u274962354,1564021894,Java,Java8 (OpenJDK 1.8.0),java,Accepted,109,21844,1472,
s772417841,p02982,u712335892,1564016498,Kotlin,Kotlin (1.0.0),kt,Accepted,239,37896,846,
s209810130,p02982,u712335892,1564016447,Kotlin,Kotlin (1.0.0),kt,Runtime Error,159,31396,862,
s947291291,p02982,u685009987,1564014179,C++,C++14 (GCC 5.4.1),cpp,Accepted,1,256,616,
s355773973,p02982,u685009987,1564014137,C++,C++14 (GCC 5.4.1),cpp,Compile Error,,,596,
s500574922,p02982,u839270538,1564011391,Python,Python (3.4.3),py,Accepted,18,3188,350,
s539040570,p02982,u994831328,1564009737,C++,C++14 (GCC 5.4.1),cpp,Accepted,1,256,1598,
s898439587,p02982,u165267345,1564007385,C++,C++14 (GCC 5.4.1),cpp,Accepted,1,256,620,
s927531808,p02982,u165267345,1564004148,C++,C++14 (GCC 5.4.1),cpp,Compile Error,,,702,
s700191138,p02982,u270589070,1564000912,Python,Python (3.4.3),py,Wrong Answer,18,3064,1486,
s861691722,p02982,u270589070,1564000808,Python,Python (3.4.3),py,Wrong Answer,18,3064,1485,
s183649928,p02982,u270589070,1564000587,Python,Python (3.4.3),py,Runtime Error,18,3064,1219,
s033126663,p02982,u270589070,1564000455,Python,Python (3.4.3),py,Runtime Error,18,3064,1407,
s131455753,p02982,u270589070,1564000284,Python,Python (3.4.3),py,Runtime Error,17,3064,1415,
s782177159,p02982,u270589070,1564000208,Python,Python (3.4.3),py,Runtime Error,17,3064,1219,
s443024798,p02982,u270589070,1564000063,Python,Python (3.4.3),py,Runtime Error,17,3064,1345,
s033507361,p02982,u270589070,1563999976,Python,Python (3.4.3),py,Runtime Error,19,3064,1336,
s640016299,p02982,u575653048,1563997855,C++,C++14 (GCC 5.4.1),cpp,Accepted,6,384,907,
s378420500,p02982,u152283104,1563995159,Python,Python (3.4.3),py,Accepted,18,3064,347,
s518118591,p02982,u875541682,1563991812,C++,C++14 (GCC 5.4.1),cpp,Accepted,1,256,1521,
s522748681,p02982,u532401120,1563990670,C++,C++14 (GCC 5.4.1),cpp,Accepted,1,256,441,
s654359680,p02982,u532401120,1563990640,C++,C++14 (GCC 5.4.1),cpp,Wrong Answer,1,256,477,
s354974679,p02982,u163052359,1563990518,Ruby,Ruby (2.3.3),rb,Accepted,7,1788,367,
s484968156,p02982,u163052359,1563990452,Ruby,Ruby (2.3.3),rb,Wrong Answer,7,1788,377,
s209757672,p02982,u532401120,1563987926,C++,C++14 (GCC 5.4.1),cpp,Wrong Answer,1,256,481,
s392149008,p02982,u538956308,1563981346,Python,Python (3.4.3),py,Runtime Error,149,12428,386,
s416402629,p02982,u532401120,1563981288,C++,C++14 (GCC 5.4.1),cpp,Wrong Answer,1,256,402,
s243233767,p02982,u532401120,1563981240,C++,C++14 (GCC 5.4.1),cpp,Compile Error,,,397,
s596698369,p02982,u532401120,1563981153,C++,C++14 (GCC 5.4.1),cpp,Compile Error,,,398,
s983515431,p02982,u538956308,1563980972,Python,Python (3.4.3),py,Runtime Error,152,12428,377,
s523675746,p02982,u538956308,1563980319,Python,Python (3.4.3),py,Runtime Error,149,12400,374,
s526322842,p02982,u934788990,1563978888,Python,Python (3.4.3),py,Accepted,17,3060,217,
s013668077,p02982,u998082063,1563978029,Python,Python (3.4.3),py,Accepted,17,3060,317,
s251475320,p02982,u960687982,1563975202,C++,C++14 (GCC 5.4.1),cpp,Accepted,1,256,585,
s559466785,p02982,u960687982,1563974967,C++,C++14 (GCC 5.4.1),cpp,Wrong Answer,1,256,580,
s584917202,p02982,u152315108,1563964075,C++,C++14 (GCC 5.4.1),cpp,Accepted,1,256,599,
s225603278,p02982,u258183816,1563958467,C++,C++14 (GCC 5.4.1),cpp,Accepted,1,256,871,
s648227476,p02982,u492373312,1563958044,C++,C++14 (GCC 5.4.1),cpp,Accepted,3,768,1808,
s904471444,p02982,u295509734,1563954134,C++,C++14 (GCC 5.4.1),cpp,Accepted,1,256,1923,
s944121256,p02982,u520703236,1563951572,C++,C++14 (GCC 5.4.1),cpp,Accepted,1,384,656,
s751323440,p02982,u520703236,1563948553,C++,C++14 (GCC 5.4.1),cpp,Wrong Answer,1,256,654,
s851262890,p02982,u010733367,1563943677,Python,Python (3.4.3),py,Accepted,17,3064,401,
s418207675,p02982,u159808230,1563942501,Python,Python (3.4.3),py,Accepted,18,3064,451,
s371032260,p02982,u214304095,1563940307,C++,C++14 (GCC 5.4.1),cpp,Accepted,1,256,679,
s312927299,p02982,u452066060,1563940297,Python,Python (3.4.3),py,Accepted,19,3064,414,
s317990476,p02982,u037221289,1563939075,Python,Python (3.4.3),py,Accepted,18,3188,311,
s613669183,p02982,u350412774,1563937729,C++,C++14 (GCC 5.4.1),cpp,Accepted,1,256,562,
s158521489,p02982,u492447501,1563936511,Python,Python (3.4.3),py,Accepted,160,13132,519,
s042366294,p02982,u492447501,1563936461,Python,Python (3.4.3),py,Runtime Error,17,3064,520,
s711786647,p02982,u492447501,1563936317,Python,Python (3.4.3),py,Runtime Error,17,3064,513,
s545102917,p02982,u492447501,1563936214,Python,Python (3.4.3),py,Runtime Error,17,3064,527,
s322277350,p02982,u492447501,1563935993,Python,Python (3.4.3),py,Runtime Error,17,3064,495,
s315630743,p02982,u934246119,1563935499,C++,C++14 (GCC 5.4.1),cpp,Accepted,1,256,845,
s466257620,p02982,u282835662,1563931579,C++,C++14 (GCC 5.4.1),cpp,Accepted,1,256,594,
s724195978,p02982,u016092854,1563929181,C++,C++14 (GCC 5.4.1),cpp,Accepted,1,256,803,
s199203355,p02982,u016092854,1563929148,C++,C++14 (GCC 5.4.1),cpp,Wrong Answer,1,256,847,
s389128733,p02982,u762674876,1563919694,C,C (GCC 5.4.1),c,Accepted,1,128,900,
s205198815,p02982,u607741489,1563919218,Go,Go (1.6),go,Accepted,1,512,500,
s665887420,p02982,u860374704,1563917760,C++,C++14 (GCC 5.4.1),cpp,Accepted,1,256,894,
s283018692,p02982,u660834360,1563916784,C++,C++14 (GCC 5.4.1),cpp,Accepted,1,256,886,
s613732096,p02982,u449154279,1563915857,C++,C++14 (GCC 5.4.1),cpp,Compile Error,,,479,
s346092728,p02982,u886545507,1563913368,Python,Python (2.7.6),py,Accepted,12,2692,266,
s535173721,p02982,u576678086,1563909573,C,C (GCC 5.4.1),c,Wrong Answer,1,128,619,
s791090455,p02982,u576678086,1563909529,C,C (GCC 5.4.1),c,Compile Error,,,616,
s661290061,p02982,u980322611,1563906699,Python,Python (3.4.3),py,Accepted,168,13392,341,
s630015098,p02982,u275174880,1563904479,Java,Java8 (OpenJDK 1.8.0),java,Accepted,141,21332,739,
s397507036,p02982,u007991836,1563899421,Python,Python (3.4.3),py,Accepted,17,3060,316,
s902760573,p02982,u007991836,1563899401,Python,Python (3.4.3),py,Runtime Error,17,2940,333,
s604673740,p02982,u809967037,1563892750,C++,C++14 (GCC 5.4.1),cpp,Accepted,1,256,835,
s788600811,p02982,u667132583,1563889668,C++,C++14 (GCC 5.4.1),cpp,Accepted,1,256,523,
s867837630,p02982,u703712147,1563886081,Python,Python (3.4.3),py,Accepted,17,3064,406,
s270500578,p02982,u538956308,1563885039,Python,Python (3.4.3),py,Runtime Error,17,3064,354,
s272858764,p02982,u538956308,1563884977,Python,Python (3.4.3),py,Runtime Error,18,3064,351,
s183342682,p02982,u017296827,1563878566,C++,C++14 (GCC 5.4.1),cpp,Accepted,1,256,748,
s529567099,p02982,u000120715,1563870843,C,C (GCC 5.4.1),c,Accepted,1,128,535,
s671144206,p02982,u778668639,1563856546,C++,C++14 (GCC 5.4.1),cpp,Accepted,1,256,726,
s128009768,p02982,u017271745,1563852275,C++,C++14 (GCC 5.4.1),cpp,Accepted,1,256,907,
s695648878,p02982,u017271745,1563852153,C++,C++14 (GCC 5.4.1),cpp,Wrong Answer,1,256,906,
s602324867,p02982,u919689206,1563846564,Python,Python (3.4.3),py,Accepted,18,3064,589,
s472308283,p02982,u879870653,1563843508,Python,Python (3.4.3),py,Accepted,19,3064,319,
s056341779,p02982,u879870653,1563843407,Python,Python (3.4.3),py,Wrong Answer,17,3064,318,
s465022796,p02982,u248670337,1563842074,Python,Python (3.4.3),py,Accepted,292,18996,428,
s242599289,p02982,u247922466,1563840690,Python,Python (3.4.3),py,Accepted,18,3064,484,
s352604792,p02982,u815863697,1563836912,C++,C++14 (GCC 5.4.1),cpp,Accepted,1,256,855,
s704954509,p02982,u760131647,1563833260,C++,C++14 (GCC 5.4.1),cpp,Accepted,1,256,860,
s851606009,p02982,u543498582,1563829610,C++,C++14 (GCC 5.4.1),cpp,Accepted,1,256,770,
s246951794,p02982,u490305870,1563826227,Python,Python (3.4.3),py,Accepted,18,3064,338,
s556686086,p02982,u414425367,1563825330,C++,C++14 (GCC 5.4.1),cpp,Accepted,1,256,1048,
s219530651,p02982,u358689692,1563821587,C++,C++14 (GCC 5.4.1),cpp,Accepted,1,128,546,
s526673898,p02982,u979452668,1563819107,C++,C++14 (GCC 5.4.1),cpp,Accepted,1,256,526,
s441675472,p02982,u471684875,1563815804,Python,Python (3.4.3),py,Accepted,18,3064,307,
s595882872,p02982,u471684875,1563815732,Python,Python (3.4.3),py,Wrong Answer,18,3188,316,
s746141288,p02982,u787195982,1563813061,C++,C++14 (GCC 5.4.1),cpp,Accepted,1,256,1428,
s605061992,p02982,u825440127,1563807607,Python,Python (3.4.3),py,Accepted,17,3060,304,
s751306981,p02982,u820225607,1563804485,C++,C++14 (GCC 5.4.1),cpp,Accepted,1,256,575,
s940414790,p02982,u561391668,1563802038,Ruby,Ruby (2.3.3),rb,Accepted,7,1916,264,
s396826172,p02982,u136811344,1563786120,Python,Python (3.4.3),py,Accepted,17,3060,288,
s903568333,p02982,u863370423,1563783031,C,C (GCC 5.4.1),c,Accepted,1,128,485,
s862661005,p02982,u089230684,1563782990,C,C (GCC 5.4.1),c,Accepted,1,128,483,
s787634407,p02982,u816631826,1563782783,C++,C++14 (Clang 3.8.0),cpp,Compile Error,,,664,
s862988145,p02982,u863370423,1563779306,C,C (GCC 5.4.1),c,Wrong Answer,1,128,426,
s802812399,p02982,u607754357,1563778047,Python,Python (3.4.3),py,Accepted,18,3064,359,
s013546549,p02982,u353919145,1563777955,C++,C++14 (GCC 5.4.1),cpp,Accepted,3,384,653,
s276265091,p02982,u863370423,1563776195,C++,C++14 (GCC 5.4.1),cpp,Accepted,1,256,1193,
s013499929,p02982,u089230684,1563775065,C++,C++14 (GCC 5.4.1),cpp,Accepted,1,256,2766,
s430198479,p02982,u863370423,1563774688,C++,C++14 (GCC 5.4.1),cpp,Wrong Answer,1,256,663,
s811023559,p02982,u353919145,1563772398,C++,C++14 (GCC 5.4.1),cpp,Accepted,1,256,606,
s790349622,p02982,u797550216,1563771290,Python,Python (3.4.3),py,Accepted,18,3064,419,
s648475439,p02982,u335667012,1563764795,C++,C++14 (GCC 5.4.1),cpp,Accepted,1,256,997,
s992733625,p02982,u787562674,1563763203,Python,Python (3.4.3),py,Accepted,17,3064,436,
s513261517,p02982,u934246119,1563762744,C++,C++14 (GCC 5.4.1),cpp,Wrong Answer,1,256,626,
s986196883,p02982,u934246119,1563762648,C++,C++14 (GCC 5.4.1),cpp,Runtime Error,97,256,547,
s310142431,p02982,u755632808,1563760939,C++,C++14 (GCC 5.4.1),cpp,Accepted,1,256,971,
s777347014,p02982,u670503797,1563756549,Ruby,Ruby (2.3.3),rb,Accepted,13,2044,280,
s647347798,p02982,u221067205,1563750419,C++,C++14 (GCC 5.4.1),cpp,Accepted,1,256,687,
s816784602,p02982,u913110564,1563733859,Kotlin,Kotlin (1.0.0),kt,Accepted,198,31392,642,
s340368388,p02982,u498467508,1563733277,C++,C++14 (GCC 5.4.1),cpp,Accepted,1,256,815,
s871539694,p02982,u913110564,1563733122,Kotlin,Kotlin (1.0.0),kt,Accepted,190,31136,1821,
s497599716,p02982,u870426590,1563725462,Java,Java8 (OpenJDK 1.8.0),java,Accepted,109,21716,1557,
s411407496,p02982,u536221891,1563698947,C++,C++14 (GCC 5.4.1),cpp,Accepted,1,256,705,
s403879422,p02982,u471684875,1563694256,Python,Python (3.4.3),py,Runtime Error,21,3316,260,
s543232340,p02982,u010294879,1563689914,C++,C++14 (GCC 5.4.1),cpp,Accepted,1,256,726,
s374267800,p02982,u824988704,1563685609,Python,Python (3.4.3),py,Accepted,18,3064,362,
s817994145,p02982,u200030766,1563684843,C++,C++14 (GCC 5.4.1),cpp,Accepted,1,256,588,
s010852307,p02982,u200030766,1563684798,C++,C++14 (GCC 5.4.1),cpp,Wrong Answer,1,256,587,
s031785380,p02982,u149846622,1563680985,Python,Python (3.4.3),py,Accepted,17,3064,418,
s458402034,p02982,u219226973,1563679795,Python,Python (3.4.3),py,Runtime Error,18,3064,1041,
s967531084,p02982,u089230684,1563676515,C++,C++14 (GCC 5.4.1),cpp,Accepted,1,256,596,
s813215055,p02982,u359149108,1563672232,C++,C++14 (GCC 5.4.1),cpp,Accepted,1,256,923,
s853560742,p02982,u707655771,1563672105,C++,C++14 (GCC 5.4.1),cpp,Accepted,1,256,568,
s347761130,p02982,u024807881,1563670741,Python,Python (3.4.3),py,Accepted,18,3064,544,
s555933357,p02982,u580697892,1563670730,Python,Python (3.4.3),py,Accepted,20,3316,374,
s369596914,p02982,u150861392,1563670697,Go,Go (1.6),go,Accepted,1,512,464,
s392466084,p02982,u035237512,1563670658,Kotlin,Kotlin (1.0.0),kt,Accepted,234,34356,1001,
s512461901,p02982,u150861392,1563670382,C++,C++14 (GCC 5.4.1),cpp,Accepted,1,256,608,
s672326503,p02982,u562940053,1563670151,C++,C++14 (GCC 5.4.1),cpp,Accepted,1,256,910,
s030781358,p02982,u159208574,1563669722,C++,C++14 (GCC 5.4.1),cpp,Accepted,7,764,2725,
s177721558,p02982,u643081547,1563669643,Python,Python (3.4.3),py,Accepted,17,3064,406,
s225078115,p02982,u159208574,1563669558,C++,C++14 (GCC 5.4.1),cpp,Accepted,1,256,2725,
s446786024,p02982,u023233941,1563669524,C++,C++14 (GCC 5.4.1),cpp,Accepted,5,768,1249,
s562430872,p02982,u130529502,1563669474,Rust,Rust (1.15.1),rs,Accepted,2,4352,886,
s873669899,p02982,u198979194,1563669466,C++,C++14 (GCC 5.4.1),cpp,Accepted,1,256,722,
s853655800,p02982,u130529502,1563669458,C++,C++14 (GCC 5.4.1),cpp,Compile Error,,,886,
s132446686,p02982,u198979194,1563669433,C++,C++14 (GCC 5.4.1),cpp,Compile Error,,,702,
s656859072,p02982,u035237512,1563669220,Kotlin,Kotlin (1.0.0),kt,Runtime Error,253,35636,919,
s199294170,p02982,u023233941,1563669160,C++,C++14 (GCC 5.4.1),cpp,Wrong Answer,1,256,1085,
s775217976,p02982,u548624367,1563669121,C++,C++14 (GCC 5.4.1),cpp,Accepted,5,764,710,
s848815693,p02982,u035237512,1563669077,Kotlin,Kotlin (1.0.0),kt,Runtime Error,311,35880,875,
s420931038,p02982,u548624367,1563669057,C++,C++14 (GCC 5.4.1),cpp,Wrong Answer,1,256,708,
s482766711,p02982,u866124363,1563668460,Python,Python (3.4.3),py,Accepted,18,3060,313,
s185940493,p02982,u681851526,1563668049,C++,C++14 (GCC 5.4.1),cpp,Accepted,1,256,1057,
s430899856,p02982,u681851526,1563667810,C++,C++ (GCC 5.4.1),cpp,Compile Error,,,1057,
s097385298,p02982,u924003610,1563667726,C++,C++14 (GCC 5.4.1),cpp,Accepted,1,256,933,
s079099560,p02982,u553810513,1563667640,C++,C++14 (GCC 5.4.1),cpp,Accepted,1,256,542,
s444254262,p02982,u577942884,1563667181,Python,Python (3.4.3),py,Accepted,17,3188,508,
s488707476,p02982,u577942884,1563666989,Python,Python (3.4.3),py,Wrong Answer,18,3188,552,
s316939650,p02982,u577942884,1563666854,Python,Python (3.4.3),py,Wrong Answer,18,3064,572,
s829955332,p02982,u850200768,1563666468,Python,Python (3.4.3),py,Accepted,18,3064,332,
s291884767,p02982,u850200768,1563666392,Python,Python (3.4.3),py,Wrong Answer,17,3064,331,
s264279901,p02982,u887924592,1563666361,C++,C++14 (Clang 3.8.0),cpp,Accepted,1,256,1385,
s571005241,p02982,u887924592,1563666223,C++,C++14 (Clang 3.8.0),cpp,Wrong Answer,1,256,1338,
s154511226,p02982,u081421133,1563666040,C++,C++14 (GCC 5.4.1),cpp,Accepted,1,256,5298,
s087124725,p02982,u945949346,1563663171,Haskell,Haskell (GHC 7.10.3),hs,Accepted,2,1020,570,
s609319913,p02982,u416434647,1563663145,C++,C++14 (GCC 5.4.1),cpp,Accepted,1,256,691,
s886418522,p02982,u679291177,1563663130,Ruby,Ruby (2.3.3),rb,Accepted,8,1788,280,
s389928589,p02982,u219226973,1563662838,Python,Python (3.4.3),py,Runtime Error,17,3064,976,
s906968945,p02982,u399616977,1563662764,C++,C++14 (GCC 5.4.1),cpp,Accepted,1,256,587,
s506978520,p02982,u219226973,1563662203,Python,Python (3.4.3),py,Runtime Error,17,3064,718,
s071236002,p02982,u634358761,1563661798,C++,C++14 (GCC 5.4.1),cpp,Accepted,1,256,623,
s680849446,p02982,u634358761,1563661740,C++,C++14 (GCC 5.4.1),cpp,Wrong Answer,1,256,672,
s542082860,p02982,u615258936,1563661249,C++,C++14 (GCC 5.4.1),cpp,Accepted,2,384,541,
s990601056,p02982,u617087913,1563661227,Haskell,Haskell (GHC 7.10.3),hs,Accepted,2,1020,467,
s513774227,p02982,u615258936,1563661153,C++,C++14 (GCC 5.4.1),cpp,Wrong Answer,1,256,535,
s563500182,p02982,u615258936,1563661052,C++,C++14 (GCC 5.4.1),cpp,Compile Error,,,527,
s612665123,p02982,u615258936,1563660972,C++,C++14 (GCC 5.4.1),cpp,Compile Error,,,529,
s440210956,p02982,u615258936,1563660921,C++,C++14 (GCC 5.4.1),cpp,Compile Error,,,511,
s679014461,p02982,u617087913,1563660602,Haskell,Haskell (GHC 7.10.3),hs,Compile Error,,,446,
s913938069,p02982,u683116963,1563660167,Ruby,Ruby (2.3.3),rb,Accepted,7,1788,485,
s004240588,p02982,u058252012,1563660070,C++,C++14 (GCC 5.4.1),cpp,Accepted,1,256,456,
s373773543,p02982,u683116963,1563659855,Ruby,Ruby (2.3.3),rb,Runtime Error,7,1788,485,
s755906628,p02982,u475546258,1563659085,C++,C++14 (GCC 5.4.1),cpp,Accepted,1,256,624,
s216607577,p02982,u475546258,1563659032,C++,C++14 (GCC 5.4.1),cpp,Compile Error,,,606,
s738079023,p02982,u450601259,1563658751,C++,C++14 (GCC 5.4.1),cpp,Accepted,1,256,437,
s643438526,p02982,u173561231,1563658701,Scala,Scala (2.11.7),scala,Accepted,345,27316,666,
s901900001,p02982,u788350912,1563658664,C++,C++14 (GCC 5.4.1),cpp,Accepted,2,256,528,
s085672323,p02982,u450601259,1563658612,C++,C++14 (GCC 5.4.1),cpp,Wrong Answer,1,256,425,
s737595480,p02982,u904131314,1563654962,C++,C++14 (GCC 5.4.1),cpp,Accepted,1,256,1734,
s615268248,p02982,u175232503,1563654838,C++,C++14 (GCC 5.4.1),cpp,Accepted,1,256,797,
s634442827,p02982,u691274427,1563654128,Python,Python (3.4.3),py,Accepted,18,3064,382,
s347165220,p02982,u522200796,1563653791,C++,C++14 (GCC 5.4.1),cpp,Accepted,1,256,502,
s906249008,p02982,u060072952,1563652868,C++,C++14 (GCC 5.4.1),cpp,Accepted,1,256,1203,
s028109595,p02982,u989899651,1563652444,C++,C++14 (Clang 3.8.0),cpp,Accepted,1,256,927,
s317169864,p02982,u583193199,1563649889,Java,Java8 (OpenJDK 1.8.0),java,Accepted,119,23124,1005,
s391676348,p02982,u475885263,1563646337,C++,C++14 (GCC 5.4.1),cpp,Accepted,1,256,641,
s482582380,p02982,u475885263,1563645423,C++,C++14 (GCC 5.4.1),cpp,Runtime Error,98,256,602,
s111954865,p02982,u475885263,1563645322,C++,C++14 (GCC 5.4.1),cpp,Wrong Answer,1,256,577,
s167023234,p02982,u229757277,1563644685,Rust,Rust (1.15.1),rs,Accepted,2,4352,1773,
s147198057,p02982,u508192873,1563644641,C++,C++14 (GCC 5.4.1),cpp,Accepted,1,256,569,
s572988397,p02982,u600402037,1563640722,Python,Python (3.4.3),py,Accepted,18,3064,416,
s140094169,p02982,u911218693,1563639725,C#,C# (Mono 4.6.2.0),cs,Accepted,25,13268,1168,
s465315411,p02982,u895145982,1563639669,C++,C++14 (GCC 5.4.1),cpp,Accepted,1,256,627,
s763314422,p02982,u674190122,1563639542,Python,Python (3.4.3),py,Accepted,18,3064,480,
s477436969,p02982,u820628270,1563639307,C++,C++14 (GCC 5.4.1),cpp,Accepted,1,256,596,
s745521732,p02982,u911218693,1563638942,C#,C# (Mono 4.6.2.0),cs,Wrong Answer,24,13268,1147,
s060045603,p02982,u564902833,1563638510,Rust,Rust (1.15.1),rs,Accepted,2,4352,1548,
s403161356,p02982,u911218693,1563638042,C#,C# (Mono 4.6.2.0),cs,Wrong Answer,23,13268,1145,
s909991397,p02982,u911218693,1563637838,C#,C# (Mono 4.6.2.0),cs,Runtime Error,23,12896,1151,
s212635723,p02982,u911218693,1563637574,C#,C# (Mono 4.6.2.0),cs,Runtime Error,23,12896,1335,
s773103442,p02982,u911218693,1563636869,C#,C# (Mono 4.6.2.0),cs,Runtime Error,23,12896,1359,
s165327302,p02982,u911218693,1563636122,C#,C# (Mono 4.6.2.0),cs,Runtime Error,23,12896,1353,
s014181510,p02982,u087377991,1563632451,Ruby,Ruby (2.3.3),rb,Accepted,8,1788,240,
s594166930,p02982,u442591725,1563632108,C++,C++14 (GCC 5.4.1),cpp,Accepted,1,256,791,
s981047873,p02982,u063052907,1563629135,Python,Python (3.4.3),py,Accepted,17,3060,374,
s297735668,p02982,u063052907,1563629100,Python,Python (3.4.3),py,Accepted,18,3060,374,
s456878929,p02982,u403813525,1563628877,C++,C++14 (GCC 5.4.1),cpp,Accepted,1,256,629,
s572874799,p02982,u620084012,1563627941,Python,PyPy3 (2.4.0),py,Accepted,168,38256,368,
s744706606,p02982,u365078800,1563622633,Java,Java8 (OpenJDK 1.8.0),java,Accepted,112,22996,1806,
s835672070,p02982,u365078800,1563621178,Java,Java8 (OpenJDK 1.8.0),java,Wrong Answer,109,21716,733,
s661935707,p02982,u758353376,1563613321,C++,C++14 (GCC 5.4.1),cpp,Accepted,2,1280,1372,
s373732003,p02982,u758353376,1563612912,C++,C++14 (GCC 5.4.1),cpp,Wrong Answer,2,1280,1340,
s201909841,p02982,u683315556,1563603764,C++,C++14 (GCC 5.4.1),cpp,Accepted,3,384,906,
s425384956,p02982,u639203570,1563603425,C++,C++14 (GCC 5.4.1),cpp,Accepted,1,256,627,
s536230855,p02982,u481293569,1563600401,C++,C++14 (GCC 5.4.1),cpp,Accepted,3,256,702,
s786205651,p02982,u171092147,1563599870,C++,C++14 (GCC 5.4.1),cpp,Accepted,1,256,838,
s261437195,p02982,u080318287,1563598168,C++,C++14 (GCC 5.4.1),cpp,Accepted,1,256,1282,
s583226370,p02982,u080318287,1563597296,C++,C++14 (GCC 5.4.1),cpp,Wrong Answer,2,256,1280,
s264877147,p02982,u080318287,1563597238,C++,C++14 (GCC 5.4.1),cpp,Wrong Answer,2,256,1268,
s018510428,p02982,u080318287,1563597198,C++,C++14 (GCC 5.4.1),cpp,Time Limit Exceeded,2103,256,1249,
s210539507,p02982,u055875839,1563597109,Python,Python (3.4.3),py,Runtime Error,17,3060,333,
s070587921,p02982,u494609869,1563595919,C,C (GCC 5.4.1),c,Accepted,1,128,698,
s837516355,p02982,u981938077,1563594604,C++,C++14 (GCC 5.4.1),cpp,Accepted,1,256,620,
s315248131,p02982,u333190709,1563592478,Python,Python (3.4.3),py,Accepted,18,3064,993,
s078864654,p02982,u219226973,1563591655,Python,Python (3.4.3),py,Runtime Error,18,3064,717,
s982885146,p02982,u410714465,1563591378,C++,C++14 (GCC 5.4.1),cpp,Accepted,1,256,1244,
s697278321,p02982,u219226973,1563591291,Python,Python (3.4.3),py,Runtime Error,18,3064,732,
s708686141,p02982,u219226973,1563590791,Python,Python (3.4.3),py,Runtime Error,18,3064,659,
s849994461,p02982,u289381123,1563588775,Python,Python (3.4.3),py,Accepted,19,3064,386,
s748582533,p02982,u997387634,1563588326,Python,Python (3.4.3),py,Accepted,17,3188,340,
s195701009,p02982,u997387634,1563588234,Python,Python (3.4.3),py,Runtime Error,18,3064,340,
s787765116,p02982,u464627439,1563587275,Python,Python (3.4.3),py,Accepted,18,3064,347,
s885668557,p02982,u464627439,1563587196,Python,Python (3.4.3),py,Wrong Answer,18,3064,347,
s576668583,p02982,u464627439,1563586841,Python,Python (3.4.3),py,Accepted,18,3064,411,
s163522157,p02982,u952475617,1563586611,PHP,PHP7 (7.0.15),php,Accepted,11,4728,405,
s336953667,p02982,u464627439,1563586577,Python,Python (3.4.3),py,Wrong Answer,19,3188,389,
s342614234,p02982,u410392135,1563585831,C++,C++14 (GCC 5.4.1),cpp,Accepted,1,128,703,
s964558524,p02982,u410392135,1563585552,C++,C++14 (GCC 5.4.1),cpp,Compile Error,,,686,
s758341750,p02982,u680195439,1563583636,C++,C++14 (GCC 5.4.1),cpp,Accepted,3,896,1107,
s789030167,p02982,u791489811,1563583372,Python,Python (3.4.3),py,Accepted,18,3064,342,
s407947629,p02982,u989818868,1563577557,Python,Python (3.4.3),py,Accepted,18,3064,340,
s434257404,p02982,u596372590,1563573429,C++,C++14 (GCC 5.4.1),cpp,Accepted,1,256,971,
s555958102,p02982,u628134373,1563573012,C++,C++14 (GCC 5.4.1),cpp,Accepted,1,256,592,
s949590065,p02982,u628134373,1563572906,C++,C++14 (GCC 5.4.1),cpp,Compile Error,,,573,
s727218583,p02982,u628134373,1563572869,C++,C++14 (GCC 5.4.1),cpp,Compile Error,,,574,
s929350637,p02982,u220678048,1563572086,C++,C++14 (GCC 5.4.1),cpp,Accepted,1,256,564,
s848019690,p02982,u238948075,1563572083,Python,Python (3.4.3),py,Accepted,17,3064,331,
s776714311,p02982,u082850638,1563567760,C++,C++14 (GCC 5.4.1),cpp,Accepted,1,256,558,
s841431119,p02982,u968280449,1563567707,C++,C++14 (GCC 5.4.1),cpp,Accepted,1,256,543,
s627668378,p02982,u995725911,1563562560,C++,C++14 (GCC 5.4.1),cpp,Accepted,1,256,568,
s220171076,p02982,u615850856,1563558415,Python,Python (3.4.3),py,Accepted,18,3064,368,
s217937146,p02982,u394759653,1563555918,C++,C++14 (GCC 5.4.1),cpp,Accepted,1,256,684,
s151748498,p02982,u277797473,1563551145,Ruby,Ruby (2.3.3),rb,Accepted,10,1916,556,
s642874439,p02982,u623136228,1563547450,C++,C++14 (GCC 5.4.1),cpp,Accepted,1,256,701,
s682510320,p02982,u352383798,1563545782,Java,Java8 (OpenJDK 1.8.0),java,Accepted,111,21844,1064,
s304094760,p02982,u067025752,1563545575,Python,Python (3.4.3),py,Accepted,19,3064,477,
s227431324,p02982,u811176339,1563539559,Python,Python (3.4.3),py,Accepted,17,3064,399,
s356039271,p02982,u292585556,1563528646,C#,C# (Mono 4.6.2.0),cs,Accepted,28,13652,1162,
s054187367,p02982,u343930666,1563527103,C++,C++14 (GCC 5.4.1),cpp,Accepted,1,256,2414,
s797604156,p02982,u379692329,1563519404,Python,Python (3.4.3),py,Accepted,18,3188,316,
s381666210,p02982,u946433121,1563516329,Python,Python (3.4.3),py,Accepted,150,12480,429,
s796065141,p02982,u946433121,1563515821,Python,Python (3.4.3),py,Accepted,150,12384,440,
s769226760,p02982,u946433121,1563515749,Python,Python (3.4.3),py,Accepted,162,13216,440,
s504370781,p02982,u946433121,1563515684,Python,Python (3.4.3),py,Accepted,306,21520,440,
s694014528,p02982,u905711033,1563511158,Python,Python (3.4.3),py,Accepted,149,12452,353,
s219645970,p02982,u596399239,1563510376,C++,C++14 (Clang 3.8.0),cpp,Accepted,4,256,863,
s957316809,p02982,u971632623,1563510342,Rust,Rust (1.15.1),rs,Accepted,2,4352,834,
s042182995,p02982,u174394352,1563509685,Python,Python (3.4.3),py,Accepted,18,3064,338,
s304882574,p02982,u096502015,1563506835,C++,C++14 (GCC 5.4.1),cpp,Accepted,1,256,629,
s487828443,p02982,u096502015,1563506368,C++,C++14 (GCC 5.4.1),cpp,Wrong Answer,1,256,586,
s822354058,p02982,u096502015,1563506318,C++,C++14 (GCC 5.4.1),cpp,Compile Error,,,549,
s906266372,p02982,u373164102,1563505208,C++,C++14 (GCC 5.4.1),cpp,Accepted,1,256,788,
s494301723,p02982,u607865971,1563505151,Python,Python (3.4.3),py,Accepted,24,3696,1013,
s519093365,p02982,u995861601,1563502220,Python,Python (3.4.3),py,Accepted,18,3064,395,
s489091232,p02982,u545154994,1563497405,Python,Python (3.4.3),py,Accepted,306,21248,442,
s826200480,p02982,u511655250,1563495974,C++,C++14 (GCC 5.4.1),cpp,Accepted,1,256,472,
s971532153,p02982,u374929478,1563494276,C++,C++14 (GCC 5.4.1),cpp,Accepted,1,256,842,
s300040413,p02982,u499544409,1563492891,Ruby,Ruby (2.3.3),rb,Accepted,7,1788,442,
s470700896,p02982,u883885514,1563486204,C++,C++14 (GCC 5.4.1),cpp,Compile Error,,,476,
s816861998,p02982,u883885514,1563486140,C++,C++14 (GCC 5.4.1),cpp,Compile Error,,,476,
s675603065,p02982,u519883882,1563484912,C++,C++14 (GCC 5.4.1),cpp,Accepted,1,256,813,
s634711700,p02982,u832241789,1563484138,C++,C++14 (GCC 5.4.1),cpp,Accepted,1,256,588,
s971289063,p02982,u846372029,1563482794,Python,Python (3.4.3),py,Accepted,18,3064,390,
s855565042,p02982,u895524885,1563480027,Java,Java8 (OpenJDK 1.8.0),java,Accepted,115,23124,1503,
s972880743,p02982,u471585927,1563479969,C++,C++14 (GCC 5.4.1),cpp,Accepted,1,256,892,
s040458260,p02982,u070894252,1563478890,C++,C++14 (GCC 5.4.1),cpp,Accepted,1,256,500,
s514831889,p02982,u790301364,1563476286,Python,Python (3.4.3),py,Accepted,18,3064,862,
s470264225,p02982,u517930510,1563475329,Python,Python (3.4.3),py,Accepted,314,20924,429,
s532567726,p02982,u517930510,1563475067,Python,Python (3.4.3),py,Runtime Error,17,2940,386,
s285429310,p02982,u304198114,1563474574,Ruby,Ruby (2.3.3),rb,Accepted,11,1916,202,
s895115909,p02982,u022488946,1563472606,Python,PyPy3 (2.4.0),py,Accepted,171,38512,343,
s996707399,p02982,u931938233,1563471741,C++,C++14 (GCC 5.4.1),cpp,Accepted,1,256,573,
s301454359,p02982,u931938233,1563471412,C++,C++14 (GCC 5.4.1),cpp,Wrong Answer,1,256,600,
s200790980,p02982,u379804877,1563471402,Ruby,Ruby (2.3.3),rb,Accepted,9,1916,336,
s638356789,p02982,u343850880,1563470608,Python,Python (3.4.3),py,Accepted,18,3064,457,
s757491469,p02982,u244011526,1563467731,C,C (GCC 5.4.1),c,Accepted,1,128,587,
s781675230,p02982,u836939578,1563467271,Python,Python (3.4.3),py,Accepted,19,3188,326,
s828211390,p02982,u836939578,1563467212,Python,Python (3.4.3),py,Runtime Error,18,3188,315,
s309049452,p02982,u173243396,1563464910,Python,Python (3.4.3),py,Accepted,18,3188,480,
s890140505,p02982,u161130215,1563463292,C++,C++14 (GCC 5.4.1),cpp,Accepted,1,256,556,
s359682065,p02982,u761208134,1563462956,C++,C++14 (GCC 5.4.1),cpp,Accepted,1,256,644,
s513381512,p02982,u761208134,1563462912,C++,C++14 (GCC 5.4.1),cpp,Compile Error,,,32,
s274781064,p02982,u883792993,1563462851,C++,C++14 (GCC 5.4.1),cpp,Accepted,1,256,591,
s056212307,p02982,u646343685,1563462399,C++,C++14 (GCC 5.4.1),cpp,Accepted,1,256,550,
s492143944,p02982,u062585962,1563461580,C++,C++14 (GCC 5.4.1),cpp,Accepted,1,256,616,
s874258484,p02982,u227585789,1563460956,Python,Python (3.4.3),py,Accepted,151,12432,266,
s631522190,p02982,u761924810,1563459467,Java,Java8 (OpenJDK 1.8.0),java,Accepted,72,21204,1269,
s641271593,p02982,u647457236,1563458889,C++,C++14 (GCC 5.4.1),cpp,Accepted,1,256,711,
s810290632,p02982,u362217370,1563457184,Java,Java8 (OpenJDK 1.8.0),java,Accepted,108,22996,1033,
s870226826,p02982,u325874428,1563456983,Java,Java8 (OpenJDK 1.8.0),java,Accepted,110,23764,1055,
s093464156,p02982,u856481043,1563456781,C++,C++14 (GCC 5.4.1),cpp,Accepted,1,256,1166,
s823876749,p02982,u899116900,1563456628,C++,C++14 (GCC 5.4.1),cpp,Accepted,1,256,1227,
s305450034,p02982,u317474337,1563456559,C++,C++14 (GCC 5.4.1),cpp,Accepted,1,256,976,
s299655701,p02982,u816461522,1563456383,C++,C++14 (GCC 5.4.1),cpp,Accepted,3,3200,486,
s647554740,p02982,u251779460,1563455595,Java,Java8 (OpenJDK 1.8.0),java,Accepted,101,21844,1014,
s634438752,p02982,u036597508,1563448789,C++,C++14 (GCC 5.4.1),cpp,Accepted,1,256,758,
s995234254,p02982,u504183161,1563436386,C++,C++14 (GCC 5.4.1),cpp,Accepted,1,256,759,
s546951556,p02982,u936253056,1563435325,C++,C++14 (GCC 5.4.1),cpp,Accepted,1,256,994,
s123041413,p02982,u816461522,1563432823,C++,C++14 (GCC 5.4.1),cpp,Accepted,2,3200,486,
s734514764,p02982,u621657275,1563424637,C++,C++14 (GCC 5.4.1),cpp,Accepted,1,256,651,
s941718967,p02982,u621657275,1563424286,C++,C++14 (GCC 5.4.1),cpp,Wrong Answer,1,256,641,
s099280599,p02982,u747987925,1563421478,C++,C++14 (GCC 5.4.1),cpp,Accepted,1,256,1007,
s825983262,p02982,u973997867,1563420211,C++,C++14 (GCC 5.4.1),cpp,Accepted,1,256,633,
s858150159,p02982,u889344512,1563417248,Python,Python (3.4.3),py,Accepted,18,3064,380,
s156992072,p02982,u889344512,1563416697,Python,Python (3.4.3),py,Runtime Error,17,2940,13,
s244745375,p02982,u328364772,1563416084,Python,Python (3.4.3),py,Accepted,17,3064,322,
s454507207,p02982,u643613120,1563416033,JavaScript,JavaScript (node.js v5.12),js,Wrong Answer,1427,257180,2019,
s700480138,p02982,u328364772,1563415494,Python,Python (3.4.3),py,Accepted,164,13336,381,
s729265214,p02982,u461118660,1563412473,Python,Python (3.4.3),py,Accepted,18,3064,464,
s704001979,p02982,u614415246,1563411923,C++,C++14 (GCC 5.4.1),cpp,Accepted,1,256,788,
s256082055,p02982,u405675992,1563411583,C++,C++14 (GCC 5.4.1),cpp,Accepted,1,256,604,
s186526208,p02982,u019678995,1563411355,Python,Python (3.4.3),py,Accepted,18,3064,658,
s877316294,p02982,u029156218,1563410048,Java,Java8 (OpenJDK 1.8.0),java,Accepted,102,21844,988,
s779118342,p02982,u499824662,1563407762,C++,C++14 (GCC 5.4.1),cpp,Accepted,1,256,605,
s391207831,p02982,u747201517,1563406197,C++,C++14 (GCC 5.4.1),cpp,Accepted,1,256,428,
s637868617,p02982,u429667010,1563405318,C++,C++14 (GCC 5.4.1),cpp,Accepted,1,256,679,
s313279280,p02982,u226873514,1563403171,Python,Python (3.4.3),py,Accepted,17,3060,345,
s116693387,p02982,u020230257,1563402659,C++,C++14 (GCC 5.4.1),cpp,Accepted,1,256,848,
s615734884,p02982,u729856984,1563401988,C,C (GCC 5.4.1),c,Accepted,1,128,824,
s570433003,p02982,u729856984,1563401841,C,C (GCC 5.4.1),c,Wrong Answer,1,128,824,
s724996611,p02982,u679906187,1563401635,C++,C++14 (GCC 5.4.1),cpp,Accepted,1,256,725,
s498527959,p02982,u466288389,1563398648,Python,Python (3.4.3),py,Accepted,17,3064,384,
s509169339,p02982,u957872856,1563398143,Python,Python (3.4.3),py,Accepted,18,3064,310,
s289439756,p02982,u037143188,1563396669,C++,C++14 (GCC 5.4.1),cpp,Accepted,1,256,695,
s156435835,p02982,u554324289,1563396543,C++,C++14 (GCC 5.4.1),cpp,Accepted,1,256,1051,
s182871102,p02982,u135572611,1563394970,C++,C++14 (GCC 5.4.1),cpp,Accepted,2,256,7682,
s629533456,p02982,u306664745,1563393557,Python,Python (3.4.3),py,Accepted,18,3064,330,
s914940335,p02982,u306664745,1563393304,Python,Python (3.4.3),py,Wrong Answer,19,3064,330,
s152967413,p02982,u918935103,1563393272,Python,Python (3.4.3),py,Accepted,18,3064,430,
s278657216,p02982,u514655285,1563392901,Go,Go (1.6),go,Accepted,1,512,960,
s884475358,p02982,u495771817,1563392841,C++,C++14 (GCC 5.4.1),cpp,Accepted,1,256,650,
s587902611,p02982,u458268106,1563392229,Java,Java8 (OpenJDK 1.8.0),java,Accepted,112,21972,650,
s470089359,p02982,u318334550,1563392040,Java,Java7 (OpenJDK 1.7.0),java,Accepted,119,22740,1263,
s853736439,p02982,u318334550,1563391996,Java,Java7 (OpenJDK 1.7.0),java,Wrong Answer,115,23124,1261,
s055926375,p02982,u572561929,1563391389,Python,Python (3.4.3),py,Accepted,18,3060,293,
s241739756,p02982,u509911932,1563390503,Python,Python (3.4.3),py,Accepted,18,3188,396,
s926178471,p02982,u666683460,1563389530,C++,C++14 (GCC 5.4.1),cpp,Accepted,2,384,1700,
s608453386,p02982,u053990350,1563388493,C++,C++14 (GCC 5.4.1),cpp,Accepted,1,256,651,
s832579983,p02982,u602715823,1563387858,Python,Python (3.4.3),py,Accepted,157,12416,286,
s742167180,p02982,u681110193,1563387835,Python,Python (3.4.3),py,Accepted,155,14472,328,
s286870597,p02982,u681110193,1563387713,Python,Python (3.4.3),py,Wrong Answer,151,12428,327,
s218988882,p02982,u459233539,1563384296,Python,Python (3.4.3),py,Accepted,18,3064,298,
s604121751,p02982,u305940825,1563383491,Python,Python (3.4.3),py,Accepted,18,3064,355,
s960431434,p02982,u489061952,1563383412,Python,Python (3.4.3),py,Accepted,247,17840,337,
s760760994,p02982,u388497015,1563383392,C++,C++14 (GCC 5.4.1),cpp,Accepted,1,256,688,
s433246403,p02982,u875541682,1563382761,C++,C++14 (GCC 5.4.1),cpp,Accepted,1,256,1559,
s255459147,p02982,u875541682,1563382516,C++,C++14 (GCC 5.4.1),cpp,Accepted,1,256,1589,
s443468597,p02982,u899953001,1563380709,Python,Python (3.4.3),py,Accepted,18,3188,453,
s655867199,p02982,u866769581,1563379852,Python,Python (3.4.3),py,Accepted,19,3060,442,
s817761956,p02982,u866769581,1563379825,Python,Python (3.4.3),py,Wrong Answer,18,3064,440,
s468525178,p02982,u082861480,1563378335,Python,Python (3.4.3),py,Accepted,18,3064,432,
s599870034,p02982,u017421706,1563376243,Go,Go (1.6),go,Accepted,1,640,813,
s621842198,p02982,u303943871,1563375959,Python,PyPy3 (2.4.0),py,Accepted,177,38384,465,
s512045201,p02982,u437391064,1563373874,C++,C++14 (GCC 5.4.1),cpp,Accepted,1,256,1675,
s178426699,p02982,u762603420,1563373047,C++,C++14 (GCC 5.4.1),cpp,Accepted,1,256,789,
s945060034,p02982,u189832798,1563368154,Java,Java8 (OpenJDK 1.8.0),java,Accepted,108,21332,666,
s169955452,p02982,u800645121,1563352848,C++,C++14 (GCC 5.4.1),cpp,Accepted,1,256,733,
s348471032,p02982,u877241775,1563346745,C#,C# (Mono 4.6.2.0),cs,Accepted,24,13268,1410,
s737092129,p02982,u277427445,1563346365,C++,C++14 (GCC 5.4.1),cpp,Accepted,1,256,1228,
s271555358,p02982,u277427445,1563346204,C++,C++14 (GCC 5.4.1),cpp,Wrong Answer,1,256,1141,
s081673037,p02982,u267256990,1563345706,C++,C++14 (GCC 5.4.1),cpp,Accepted,1,256,413,
s790690985,p02982,u144788272,1563336722,C++,C++14 (GCC 5.4.1),cpp,Wrong Answer,1,256,444,
s231764010,p02982,u144788272,1563335908,C++,C++14 (GCC 5.4.1),cpp,Wrong Answer,2,384,430,
s220832865,p02982,u233588813,1563334439,Python,Python (3.4.3),py,Accepted,17,3064,276,
s135531109,p02982,u906250335,1563333186,C++,C++14 (GCC 5.4.1),cpp,Accepted,1,256,561,
s951632702,p02982,u906250335,1563333099,C++,C++14 (GCC 5.4.1),cpp,Wrong Answer,1,256,568,
s991434818,p02982,u648138491,1563332520,C++,C++14 (GCC 5.4.1),cpp,Accepted,1,128,1340,
s620273586,p02982,u657749689,1563329663,C#,C# (Mono 4.6.2.0),cs,Accepted,25,11348,6814,
s576838459,p02982,u175942555,1563328600,C++,C++14 (GCC 5.4.1),cpp,Wrong Answer,1,256,700,
s955089946,p02982,u175942555,1563328531,C++,C++14 (GCC 5.4.1),cpp,Wrong Answer,1,256,772,
s641463469,p02982,u255673886,1563328092,Python,Python (3.4.3),py,Accepted,149,12416,295,
s090229296,p02982,u416779002,1563327601,Python,Python (3.4.3),py,Accepted,18,3188,294,
s857501850,p02982,u336557592,1563325276,C++,C++14 (GCC 5.4.1),cpp,Accepted,1,256,729,
s203662155,p02982,u336557592,1563325005,C++,C++14 (GCC 5.4.1),cpp,Wrong Answer,1,256,728,
s659670645,p02982,u277427445,1563324967,C++,C++14 (GCC 5.4.1),cpp,Wrong Answer,1,256,705,
s138890077,p02982,u180407835,1563324883,Rust,Rust (1.15.1),rs,Accepted,2,4352,2038,
s123893318,p02982,u336557592,1563324599,C++,C++14 (GCC 5.4.1),cpp,Wrong Answer,1,256,650,
s783985356,p02982,u336557592,1563324515,C++,C++14 (GCC 5.4.1),cpp,Wrong Answer,1,256,646,
s722810313,p02982,u336557592,1563324057,C++,C++14 (GCC 5.4.1),cpp,Wrong Answer,1,256,644,
s149827775,p02982,u890922829,1563323664,C++,C++14 (GCC 5.4.1),cpp,Accepted,1,256,597,
s335605678,p02982,u965075144,1563323100,C++,C++14 (GCC 5.4.1),cpp,Accepted,1,256,632,
s149138542,p02982,u965075144,1563323053,Python,Python (3.4.3),py,Runtime Error,17,2940,632,
s919475415,p02982,u858898586,1563322074,Java,Java8 (OpenJDK 1.8.0),java,Accepted,100,21972,701,
s828904747,p02982,u858898586,1563321978,Java,Java8 (OpenJDK 1.8.0),java,Compile Error,,,699,
s513431508,p02982,u871890105,1563321441,C++,C++14 (GCC 5.4.1),cpp,Accepted,1,256,2341,
s919567893,p02982,u174509352,1563316594,C++,C++14 (GCC 5.4.1),cpp,Accepted,2,384,769,
s754132487,p02982,u534772498,1563314772,C++,C++14 (GCC 5.4.1),cpp,Accepted,1,128,450,
s756001885,p02982,u344122377,1563311823,C++,C++14 (GCC 5.4.1),cpp,Accepted,1,256,589,
s773743046,p02982,u344122377,1563311787,C++,C++14 (GCC 5.4.1),cpp,Wrong Answer,1,256,588,
s059772630,p02982,u422592877,1563310793,C++,C++14 (GCC 5.4.1),cpp,Accepted,2,768,466,
s154107139,p02982,u006493569,1563309758,Rust,Rust (1.15.1),rs,Accepted,2,4352,1130,
s213898338,p02982,u177907787,1563308009,C++,C++14 (GCC 5.4.1),cpp,Accepted,1,256,657,
s893962584,p02982,u297292406,1563307684,C++,C++14 (GCC 5.4.1),cpp,Accepted,1,256,630,
s077581548,p02982,u724686507,1563307480,Python,Python (3.4.3),py,Accepted,18,3060,292,
s089685251,p02982,u222509161,1563306593,C++,C++14 (GCC 5.4.1),cpp,Accepted,1,256,737,
s201307383,p02982,u901561754,1563303290,C++,C++14 (GCC 5.4.1),cpp,Accepted,1,256,1192,
s401025059,p02982,u152688173,1563302502,C++,C++14 (GCC 5.4.1),cpp,Accepted,1,256,568,
s763540969,p02982,u083910207,1563298788,Ruby,Ruby (2.3.3),rb,Accepted,8,1788,361,
s947860407,p02982,u850516963,1563290439,C++,C++14 (GCC 5.4.1),cpp,Accepted,1,256,1292,
s356649149,p02982,u850516963,1563290356,C++,C++14 (GCC 5.4.1),cpp,Wrong Answer,1,256,1292,
s151404080,p02982,u850516963,1563290315,C++,C++14 (GCC 5.4.1),cpp,Wrong Answer,1,256,1292,
s456657505,p02982,u307631662,1563290295,Python,Python (3.4.3),py,Accepted,18,3064,351,
s552191363,p02982,u892687772,1563289896,Python,Python (3.4.3),py,Accepted,20,3064,377,
s524215650,p02982,u625010102,1563285371,C++,C++14 (GCC 5.4.1),cpp,Accepted,1,256,545,
s906537330,p02982,u066352867,1563284113,C++,C++14 (GCC 5.4.1),cpp,Accepted,1,256,800,
s910251841,p02982,u852585808,1563282970,C++,C++14 (GCC 5.4.1),cpp,Accepted,1,256,1142,
s545928607,p02982,u852585808,1563282846,C++,C++14 (GCC 5.4.1),cpp,Wrong Answer,1,256,1132,
s688574246,p02982,u852585808,1563282741,C++,C++14 (GCC 5.4.1),cpp,Compile Error,,,1130,
s531327015,p02982,u751828720,1563282665,C++,C++14 (GCC 5.4.1),cpp,Accepted,1,256,1594,
s451353750,p02982,u429030987,1563280214,C++,C++14 (GCC 5.4.1),cpp,Accepted,2,768,706,
s219202512,p02982,u398846051,1563273789,Rust,Rust (1.15.1),rs,Accepted,2,4352,1698,
s393031302,p02982,u398846051,1563273742,Rust,Rust (1.15.1),rs,Compile Error,,,1699,
s627777367,p02982,u447661080,1563265505,C++,C++14 (GCC 5.4.1),cpp,Accepted,1,256,398,
s229454040,p02982,u447661080,1563265247,C++,C++14 (GCC 5.4.1),cpp,Wrong Answer,1,256,382,
s344415160,p02982,u447661080,1563264844,C++,C++14 (GCC 5.4.1),cpp,Wrong Answer,1,256,384,
s514578309,p02982,u447661080,1563264585,C++,C++14 (GCC 5.4.1),cpp,Wrong Answer,1,256,403,
s621094279,p02982,u365364616,1563255638,Python,Python (3.4.3),py,Accepted,17,3188,353,
s604197146,p02982,u624261126,1563253561,C++,C++14 (GCC 5.4.1),cpp,Accepted,1,256,1159,
s374907736,p02982,u581832318,1563251012,C++,C++14 (GCC 5.4.1),cpp,Accepted,1,256,580,
s473221738,p02982,u667458133,1563249508,Go,Go (1.6),go,Accepted,1,512,559,
s082219053,p02982,u585670083,1563248872,C++,C++14 (GCC 5.4.1),cpp,Accepted,1,256,928,
s185202588,p02982,u183189188,1563244258,C++,C++14 (GCC 5.4.1),cpp,Accepted,1,128,536,
s636627818,p02982,u540144742,1563243572,Java,Java8 (OpenJDK 1.8.0),java,Accepted,104,22100,639,
s100165809,p02982,u540144742,1563243417,Java,Java8 (OpenJDK 1.8.0),java,Wrong Answer,107,23764,638,
s173049146,p02982,u216532285,1563242542,C++,C++14 (GCC 5.4.1),cpp,Accepted,1,256,543,
s554153825,p02982,u926568061,1563241621,Rust,Rust (1.15.1),rs,Accepted,2,4352,2445,
s781000743,p02982,u946090308,1563240371,C++,C++14 (GCC 5.4.1),cpp,Accepted,1,256,861,
s399658728,p02982,u246259914,1563240083,C++,C++14 (GCC 5.4.1),cpp,Accepted,1,256,906,
s408833943,p02982,u950046716,1563236971,C++,C++14 (GCC 5.4.1),cpp,Accepted,1,256,716,
s462753281,p02982,u224390062,1563236422,C++,C++14 (GCC 5.4.1),cpp,Accepted,1,256,727,
s700324333,p02982,u187366461,1563236231,Python,Python (3.4.3),py,Wrong Answer,18,3188,404,
s413962126,p02982,u855819610,1563235268,Python,Python (3.4.3),py,Accepted,18,3064,314,
s445271945,p02982,u855819610,1563235215,Python,Python (3.4.3),py,Wrong Answer,18,3064,335,
s875584082,p02982,u648212584,1563233739,Python,Python (3.4.3),py,Accepted,17,3064,285,
s985074694,p02982,u195943121,1563229903,Java,Java8 (OpenJDK 1.8.0),java,Accepted,100,21844,722,
s659404692,p02982,u781719273,1563229396,Java,Java8 (OpenJDK 1.8.0),java,Accepted,70,20820,3323,
s324428591,p02982,u518042385,1563228591,Python,Python (3.4.3),py,Accepted,18,3060,289,
s647694023,p02982,u621551154,1563227712,C++,C++14 (GCC 5.4.1),cpp,Accepted,1,256,563,
s746672600,p02982,u015315385,1563226342,Scala,Scala (2.11.7),scala,Accepted,370,27328,480,
s527983898,p02982,u457033460,1563223121,C++,C++14 (GCC 5.4.1),cpp,Accepted,1,256,3084,
s409271978,p02982,u157379742,1563222386,Python,PyPy3 (2.4.0),py,Accepted,170,38384,1056,
s134968135,p02982,u694951525,1563220065,C++,C++14 (GCC 5.4.1),cpp,Accepted,1,256,563,
s927258129,p02982,u635540732,1563219434,Python,Python (3.4.3),py,Accepted,18,3188,267,
s742934679,p02982,u519761526,1563219208,C++,C++14 (GCC 5.4.1),cpp,Accepted,1,256,1094,
s767981458,p02982,u461573913,1563219057,C++,C++14 (GCC 5.4.1),cpp,Accepted,1,256,596,
s964487670,p02982,u368256474,1563218716,C++,C++14 (GCC 5.4.1),cpp,Accepted,1,256,864,
s579230947,p02982,u874842623,1563217033,C++,C++14 (GCC 5.4.1),cpp,Accepted,1,256,942,
s894037321,p02982,u427344224,1563216157,C++,C++14 (GCC 5.4.1),cpp,Accepted,2,256,1387,
s468154671,p02982,u064963667,1563215836,Python,Python (3.4.3),py,Accepted,18,3064,406,
s079474717,p02982,u606090886,1563215153,Python,Python (3.4.3),py,Wrong Answer,18,3064,441,
s345388872,p02982,u606090886,1563215044,Python,Python (3.4.3),py,Runtime Error,18,3064,438,
s948421805,p02982,u792217717,1563213935,Python,Python (3.4.3),py,Accepted,19,3060,344,
s929810324,p02982,u792217717,1563213919,C++,C++14 (GCC 5.4.1),cpp,Compile Error,,,344,
s668169943,p02982,u335038698,1563211815,Python,Python (3.4.3),py,Accepted,164,12980,318,
s868280179,p02982,u436019023,1563208320,C++,C++14 (GCC 5.4.1),cpp,Accepted,3,256,528,
s851521703,p02982,u438169806,1563204727,C,C (GCC 5.4.1),c,Accepted,1,128,1418,
s021697621,p02982,u322817791,1563199830,C++,C++14 (GCC 5.4.1),cpp,Accepted,1,256,2023,
s734386481,p02982,u739136526,1563197483,C++,C++14 (GCC 5.4.1),cpp,Accepted,1,256,844,
s245794962,p02982,u436832975,1563195266,C++,C++14 (GCC 5.4.1),cpp,Accepted,1,256,970,
s022959373,p02982,u660756849,1563194484,C++,C++14 (GCC 5.4.1),cpp,Accepted,1,256,653,
s547354363,p02982,u666415539,1563193386,Python,Python (3.4.3),py,Accepted,18,3064,307,
s829926876,p02982,u660756849,1563188770,C++,C++14 (GCC 5.4.1),cpp,Runtime Error,99,256,522,
s067208580,p02982,u660756849,1563188651,C++,C++14 (GCC 5.4.1),cpp,Compile Error,,,563,
s685465919,p02982,u041940198,1563185040,C++,C++14 (GCC 5.4.1),cpp,Accepted,1,256,497,
s330686804,p02982,u041940198,1563184454,Python,PyPy2 (5.6.0),py,Accepted,36,27884,308,
s728571980,p02982,u217118068,1563173116,C,C (GCC 5.4.1),c,Accepted,1,128,745,
s238180017,p02982,u217118068,1563172951,C,C (GCC 5.4.1),c,Wrong Answer,1,128,737,
s430216141,p02982,u902080722,1563169210,C++,C++14 (GCC 5.4.1),cpp,Accepted,1,256,1690,
s287387306,p02982,u615194706,1563169050,C++,C++14 (GCC 5.4.1),cpp,Accepted,1,256,540,
s502296871,p02982,u902080722,1563169015,C++,C++14 (GCC 5.4.1),cpp,Wrong Answer,2,256,1645,
s734151892,p02982,u729300713,1563167100,Python,Python (3.4.3),py,Accepted,18,3064,356,
s760059226,p02982,u729300713,1563167074,Python,Python (3.4.3),py,Wrong Answer,18,3064,371,
s706136538,p02982,u729300713,1563166481,Python,Python (3.4.3),py,Runtime Error,17,3064,330,
s490583378,p02982,u729300713,1563166343,Python,Python (3.4.3),py,Wrong Answer,17,3064,339,
s130476230,p02982,u729300713,1563166287,Python,Python (3.4.3),py,Wrong Answer,17,3064,338,
s321315108,p02982,u569778242,1563164883,C++,C++14 (GCC 5.4.1),cpp,Accepted,1,256,884,
s801502477,p02982,u538188080,1563164450,C++,C++14 (GCC 5.4.1),cpp,Accepted,1,256,686,
s677598929,p02982,u507128581,1563164328,C++,C++14 (GCC 5.4.1),cpp,Runtime Error,113,256,2113,
s094170606,p02982,u507128581,1563164300,C++,C++14 (GCC 5.4.1),cpp,Runtime Error,100,256,2138,
s592417452,p02982,u537782349,1563163517,Python,Python (3.4.3),py,Accepted,17,3060,297,
s143167173,p02982,u225162167,1563163144,Java,Java8 (OpenJDK 1.8.0),java,Accepted,80,21204,1893,
s993853820,p02982,u416354178,1563162827,C++,C++14 (GCC 5.4.1),cpp,Accepted,1,256,508,
s773241792,p02982,u935424675,1563162186,Python,Python (3.4.3),py,Accepted,19,3064,334,
s960438324,p02982,u897355221,1563161816,Python,Python (3.4.3),py,Accepted,18,3064,747,
s767700223,p02982,u935424675,1563161517,Python,Python (3.4.3),py,Runtime Error,17,2940,383,
s970509717,p02982,u416354178,1563160715,C++,C++14 (GCC 5.4.1),cpp,Wrong Answer,1,256,453,
s297502056,p02982,u513736711,1563160705,C++,C++14 (GCC 5.4.1),cpp,Accepted,1,256,619,
s916399919,p02982,u416354178,1563160635,C++,C++14 (GCC 5.4.1),cpp,Wrong Answer,1,256,434,
s360911782,p02982,u047150897,1563160589,C++,C++14 (GCC 5.4.1),cpp,Accepted,4,384,479,
s776038406,p02982,u764750862,1563159751,Go,Go (1.6),go,Accepted,1,512,593,
s395346901,p02982,u747941497,1563159423,Python,Python (3.4.3),py,Wrong Answer,148,12440,399,
s186551810,p02982,u747941497,1563159048,Python,Python (3.4.3),py,Wrong Answer,150,12444,420,
s545353065,p02982,u747941497,1563158936,Python,Python (3.4.3),py,Runtime Error,20,3064,365,
s285488786,p02982,u747941497,1563158495,Python,Python (3.4.3),py,Wrong Answer,150,12432,323,
s913346508,p02982,u747941497,1563158355,Python,Python (3.4.3),py,Wrong Answer,340,21444,325,
s666192240,p02982,u747941497,1563158143,Python,Python (3.4.3),py,Wrong Answer,291,20700,344,
s888928741,p02982,u167908302,1563158011,Python,Python (3.4.3),py,Accepted,19,3064,492,
s363869307,p02982,u167908302,1563157987,Python,Python (3.4.3),py,Wrong Answer,18,3064,491,
s996237696,p02982,u747941497,1563157630,Python,Python (3.4.3),py,Runtime Error,17,3060,255,
s068449089,p02982,u942697937,1563156732,Python,Python (3.4.3),py,Accepted,17,3188,302,
s679282530,p02982,u167908302,1563156458,Python,Python (3.4.3),py,Wrong Answer,18,3064,502,
s263983237,p02982,u167908302,1563156419,Python,Python (3.4.3),py,Wrong Answer,21,3316,501,
s221521484,p02982,u167908302,1563155668,Python,Python (3.4.3),py,Wrong Answer,18,3064,423,
s171603762,p02982,u775316696,1563155625,C++,C++14 (GCC 5.4.1),cpp,Accepted,3,640,630,
s272797166,p02982,u446628914,1563155229,Python,Python (3.4.3),py,Wrong Answer,19,3064,553,
s339723473,p02982,u130067148,1563154532,C++,C++14 (Clang 3.8.0),cpp,Accepted,1,256,503,
s802422881,p02982,u502283124,1563153798,Python,Python (3.4.3),py,Accepted,307,21960,506,
s568459052,p02982,u281139862,1563153566,C++,C++14 (GCC 5.4.1),cpp,Accepted,1,256,539,
s967253278,p02982,u169229123,1563153275,C++,C++14 (GCC 5.4.1),cpp,Accepted,1,256,407,
s221508227,p02982,u169229123,1563153175,C++,C++14 (GCC 5.4.1),cpp,Runtime Error,151,128,405,
s879998144,p02982,u812003342,1563153156,C++,C++14 (GCC 5.4.1),cpp,Accepted,1,256,695,
s647306745,p02982,u696865277,1563152156,C++,C++14 (GCC 5.4.1),cpp,Accepted,1,256,728,
s131799077,p02982,u492047031,1563152144,C++,C++14 (GCC 5.4.1),cpp,Accepted,2,256,973,
s796038043,p02982,u253296263,1563151965,C++,C++14 (GCC 5.4.1),cpp,Accepted,1,256,600,
s518455951,p02982,u434208140,1563151799,C++,C++14 (GCC 5.4.1),cpp,Accepted,5,896,638,
s655667002,p02982,u613658617,1563151591,C++,C++14 (GCC 5.4.1),cpp,Accepted,9,892,13544,
s489032796,p02982,u500297289,1563151286,Python,Python (3.4.3),py,Accepted,19,3316,310,
s541624647,p02982,u987346383,1563149377,C++,C++14 (GCC 5.4.1),cpp,Accepted,1,256,751,
s424087999,p02982,u987346383,1563149347,C++,C++14 (GCC 5.4.1),cpp,Wrong Answer,1,256,749,
s575848619,p02982,u590253847,1563148669,Python,Python (3.4.3),py,Accepted,18,3064,577,
s345514518,p02982,u618649215,1563148617,C++,C++14 (GCC 5.4.1),cpp,Accepted,1,256,510,
s228932161,p02982,u590253847,1563148530,Python,Python (3.4.3),py,Wrong Answer,18,3064,585,
s320185223,p02982,u590253847,1563148226,Python,Python (3.4.3),py,Runtime Error,19,3064,395,
s087262972,p02982,u164354906,1563147788,Python,PyPy3 (2.4.0),py,Accepted,193,38256,344,
s379782160,p02982,u133886644,1563147364,Python,Python (3.4.3),py,Accepted,22,3192,504,
s989348417,p02982,u566529875,1563146545,Python,Python (3.4.3),py,Accepted,18,3064,310,
s625958293,p02982,u380928000,1563144580,C++,C++14 (GCC 5.4.1),cpp,Accepted,1,256,836,
s802604554,p02982,u020959776,1563144057,Python,Python (3.4.3),py,Accepted,18,3064,597,
s462029817,p02982,u020959776,1563144014,Python,Python (3.4.3),py,Wrong Answer,17,3064,597,
s556768003,p02982,u030314915,1563143585,Ruby,Ruby (2.3.3),rb,Accepted,7,1788,375,
s044670056,p02982,u495267515,1563143345,C++,C++14 (GCC 5.4.1),cpp,Accepted,3,768,4405,
s154080324,p02982,u464355268,1563143175,C++,C++14 (GCC 5.4.1),cpp,Accepted,1,256,730,
s294924709,p02982,u030314915,1563142984,Ruby,Ruby (2.3.3),rb,Wrong Answer,7,1788,366,
s872059350,p02982,u248995595,1563142069,C++,C++14 (Clang 3.8.0),cpp,Accepted,1,256,1205,
s652932185,p02982,u917101497,1563141692,Python,Python (3.4.3),py,Accepted,17,3064,467,
s121458993,p02982,u498589373,1563140775,C++,C++14 (GCC 5.4.1),cpp,Accepted,1,256,507,
s922954065,p02982,u692746605,1563140660,Python,Python (3.4.3),py,Accepted,18,3188,317,
s850661629,p02982,u642012866,1563140393,Python,Python (3.4.3),py,Accepted,18,3064,328,
s780175312,p02982,u642012866,1563140317,Python,Python (3.4.3),py,Wrong Answer,20,3064,327,
s400280801,p02982,u611497129,1563140245,C++,C++14 (GCC 5.4.1),cpp,Wrong Answer,1,256,655,
s044013764,p02982,u611497129,1563139658,C++,C++14 (GCC 5.4.1),cpp,Wrong Answer,1,256,655,
s092522718,p02982,u799675662,1563139575,C++,C++14 (GCC 5.4.1),cpp,Compile Error,,,26,
s851742522,p02982,u092246321,1563139289,C++,C++14 (GCC 5.4.1),cpp,Accepted,1,256,420,
s778106384,p02982,u395987935,1563139285,Java,Java8 (OpenJDK 1.8.0),java,Accepted,113,22612,1077,
s827760307,p02982,u799675662,1563139199,C++,C++14 (GCC 5.4.1),cpp,Accepted,1,256,432,
s608823252,p02982,u088398030,1563139084,C++,C++14 (GCC 5.4.1),cpp,Accepted,1,256,403,
s518755315,p02982,u543826205,1563138827,C++,C++14 (GCC 5.4.1),cpp,Accepted,1,256,424,
s259432423,p02982,u543826205,1563138780,C++,C++14 (GCC 5.4.1),cpp,Accepted,1,256,424,
s431499599,p02982,u441723963,1563138338,C++,C++14 (GCC 5.4.1),cpp,Accepted,3,384,602,
s192256917,p02982,u611497129,1563137960,C++,C++14 (GCC 5.4.1),cpp,Wrong Answer,1,256,625,
s607783293,p02982,u154496545,1563137095,C++,C++14 (GCC 5.4.1),cpp,Accepted,1,256,460,
s869591422,p02982,u273500837,1563137064,Java,Java8 (OpenJDK 1.8.0),java,Accepted,200,22740,659,
s873438895,p02982,u273500837,1563137014,Java,Java8 (OpenJDK 1.8.0),java,Compile Error,,,686,
s441438106,p02982,u337355231,1563136959,C++,C++14 (GCC 5.4.1),cpp,Accepted,1,256,455,
s016680660,p02982,u337355231,1563136724,C++,C++14 (GCC 5.4.1),cpp,Wrong Answer,1,256,447,
s555734126,p02982,u209719129,1563136647,Scala,Scala (2.11.7),scala,Accepted,332,25560,1098,
s405716565,p02982,u154496545,1563136581,C++,C++14 (GCC 5.4.1),cpp,Compile Error,,,459,
s886898576,p02982,u209719129,1563136333,Scala,Scala (2.11.7),scala,Runtime Error,327,25544,1082,
s039215407,p02982,u270840382,1563136316,C++,C++14 (GCC 5.4.1),cpp,Accepted,1,256,466,
s009103681,p02982,u209719129,1563136186,Scala,Scala (2.11.7),scala,Compile Error,,,1186,
s041812685,p02982,u611434316,1563136167,C++,C++14 (GCC 5.4.1),cpp,Accepted,1,256,410,
s437693252,p02982,u163927161,1563136142,C++,C++14 (GCC 5.4.1),cpp,Accepted,1,256,433,
s077541527,p02982,u270840382,1563136094,C++,C++14 (GCC 5.4.1),cpp,Wrong Answer,1,256,468,
s528039346,p02982,u611434316,1563135918,C++,C++14 (GCC 5.4.1),cpp,Wrong Answer,1,256,412,
s421365319,p02982,u611434316,1563135889,C++,C++14 (GCC 5.4.1),cpp,Wrong Answer,1,256,412,
s929608281,p02982,u705427682,1563135825,C++,C++14 (GCC 5.4.1),cpp,Accepted,1,256,440,
s344206628,p02982,u851775839,1563135343,C++,C++14 (GCC 5.4.1),cpp,Accepted,1,256,559,
s506785806,p02982,u795172460,1563135173,C++,C++14 (GCC 5.4.1),cpp,Accepted,1,256,690,
s489911528,p02982,u366676780,1563135166,C++,C++14 (GCC 5.4.1),cpp,Accepted,1,256,7688,
s896745625,p02982,u273500837,1563134661,Java,Java8 (OpenJDK 1.8.0),java,Runtime Error,105,23636,783,
s261299806,p02982,u941197780,1563133714,C++,C++14 (GCC 5.4.1),cpp,Accepted,1,256,657,
s327706404,p02982,u941197780,1563133479,C++,C++14 (GCC 5.4.1),cpp,Wrong Answer,1,256,630,
s592433161,p02982,u361725994,1563131694,Haskell,Haskell (GHC 7.10.3),hs,Accepted,2,1020,478,
s528665765,p02982,u651802048,1563130907,C,C (GCC 5.4.1),c,Accepted,1,128,441,
s103105482,p02982,u634677999,1563130906,Python,Python (3.4.3),py,Accepted,17,3188,345,
s760743679,p02982,u361725994,1563129568,Haskell,Haskell (GHC 7.10.3),hs,Wrong Answer,2,1020,577,
s521150832,p02982,u125845436,1563129332,Python,Python (3.4.3),py,Accepted,18,3064,504,
s152318522,p02982,u130927217,1563128367,Python,Python (3.4.3),py,Accepted,151,12508,338,
s231638277,p02982,u050708958,1563128334,Python,Python (3.4.3),py,Accepted,18,3188,340,
s840068829,p02982,u778926388,1563127879,Python,Python (3.4.3),py,Accepted,18,3064,675,
s875060679,p02982,u794753968,1563126149,Kotlin,Kotlin (1.0.0),kt,Accepted,238,38228,460,
s440817095,p02982,u830782448,1563126071,C++,C++14 (GCC 5.4.1),cpp,Accepted,1,256,631,
s281189907,p02982,u653482689,1563125909,C++,C++14 (GCC 5.4.1),cpp,Accepted,1,256,613,
s770892741,p02982,u653482689,1563124906,C++,C++14 (GCC 5.4.1),cpp,Wrong Answer,1,256,497,
s886008064,p02982,u653482689,1563124647,C++,C++14 (GCC 5.4.1),cpp,Wrong Answer,1,256,527,
s327736448,p02982,u653482689,1563124373,C++,C++14 (GCC 5.4.1),cpp,Wrong Answer,1,256,531,
s904766609,p02982,u653482689,1563124087,C++,C++14 (GCC 5.4.1),cpp,Wrong Answer,1,256,533,
s483670954,p02982,u653482689,1563123832,C++,C++14 (GCC 5.4.1),cpp,Wrong Answer,1,256,692,
s509406631,p02982,u653482689,1563123814,C++,C++14 (GCC 5.4.1),cpp,Compile Error,,,696,
s646769802,p02982,u653482689,1563123768,C++,C++14 (GCC 5.4.1),cpp,Wrong Answer,1,256,681,
s900460220,p02982,u653482689,1563123733,C++,C++14 (GCC 5.4.1),cpp,Compile Error,,,689,
s396758506,p02982,u581187895,1563123490,Python,Python (3.4.3),py,Accepted,156,12484,372,
s713248688,p02982,u703108590,1563122453,Java,Java8 (OpenJDK 1.8.0),java,Accepted,80,21204,2020,
s449746921,p02982,u355420391,1563108906,C++,C++14 (GCC 5.4.1),cpp,Accepted,1,256,575,
s196042935,p02982,u635804867,1563104413,Java,Java8 (OpenJDK 1.8.0),java,Accepted,73,21332,4838,
s169768694,p02982,u046847022,1563098065,C++,C++14 (GCC 5.4.1),cpp,Accepted,1,256,504,
s457075462,p02982,u601082779,1563093105,C++,C++14 (GCC 5.4.1),cpp,Accepted,1,256,341,
s647870279,p02982,u486908386,1563093034,C++,C++14 (GCC 5.4.1),cpp,Accepted,1,256,457,
s237815903,p02982,u395652671,1563090821,C++,C++14 (GCC 5.4.1),cpp,Accepted,1,256,1057,
s952800568,p02982,u066126898,1563082303,Python,Python (3.4.3),py,Accepted,18,3064,539,
s972144479,p02982,u963574976,1563082120,C++,C++14 (GCC 5.4.1),cpp,Accepted,1,256,1046,
s515870980,p02982,u963574976,1563082023,C++,C++14 (GCC 5.4.1),cpp,Wrong Answer,1,256,1048,
s862247389,p02982,u120691615,1563080896,Python,Python (3.4.3),py,Accepted,19,3060,342,
s271426172,p02982,u426501657,1563079714,Python,Python (3.4.3),py,Accepted,18,3064,313,
s060641974,p02982,u904858195,1563078527,C++,C++14 (GCC 5.4.1),cpp,Accepted,1,256,465,
s503001393,p02982,u963574976,1563078020,C++,C++14 (GCC 5.4.1),cpp,Wrong Answer,1,256,1121,
s608839956,p02982,u620866522,1563077270,C++,C++14 (GCC 5.4.1),cpp,Accepted,1,256,613,
s928850114,p02982,u766393261,1563076707,Python,Python (3.4.3),py,Accepted,150,12440,462,
s639404014,p02982,u766393261,1563076279,Python,Python (3.4.3),py,Wrong Answer,150,12448,459,
s326951155,p02982,u766393261,1563075723,Python,Python (3.4.3),py,Wrong Answer,151,12444,483,
s716317764,p02982,u067840456,1563074807,C++,C++14 (GCC 5.4.1),cpp,Accepted,1,256,480,
s303898975,p02982,u893351742,1563074540,Ruby,Ruby (2.3.3),rb,Accepted,7,1788,326,
s424063968,p02982,u893351742,1563074353,Ruby,Ruby (2.3.3),rb,Wrong Answer,8,1788,330,
s230399672,p02982,u893351742,1563074300,Ruby,Ruby (2.3.3),rb,Wrong Answer,8,1788,330,
s470982809,p02982,u166359301,1563073664,C++,C++14 (GCC 5.4.1),cpp,Accepted,1,256,1034,
s512396024,p02982,u843439460,1563073051,C++,C++14 (GCC 5.4.1),cpp,Accepted,3,640,762,
s278996439,p02982,u843439460,1563072998,C++,C++14 (GCC 5.4.1),cpp,Wrong Answer,1,384,760,
s183927353,p02982,u843439460,1563072955,C++,C++ (GCC 5.4.1),cpp,Compile Error,,,760,
s680054786,p02982,u067840456,1563072248,C++,C++14 (GCC 5.4.1),cpp,Wrong Answer,1,256,478,
s759096751,p02982,u585586208,1563072165,C++,C++14 (GCC 5.4.1),cpp,Accepted,1,256,1528,
s704935461,p02982,u553129408,1563071510,C++,C++14 (GCC 5.4.1),cpp,Accepted,1,256,743,
s457722769,p02982,u971304197,1563070878,C,C (GCC 5.4.1),c,Accepted,1,128,474,
s622409229,p02982,u067840456,1563070837,C++,C++14 (GCC 5.4.1),cpp,Wrong Answer,1,256,478,
s302690662,p02982,u067840456,1563070621,C++,C++14 (GCC 5.4.1),cpp,Wrong Answer,1,256,478,
s123810859,p02982,u952968889,1563069986,Python,Python (3.4.3),py,Accepted,18,3064,634,
s768816326,p02982,u298373736,1563069187,C++,C++14 (GCC 5.4.1),cpp,Compile Error,,,587,
s032256133,p02982,u811817592,1563069157,Python,Python (3.4.3),py,Accepted,18,3064,592,
s036196984,p02982,u564902833,1563069064,Python,Python (3.4.3),py,Accepted,18,3060,240,
s292699117,p02982,u811817592,1563068858,Python,Python (3.4.3),py,Runtime Error,21,3444,582,
s304880818,p02982,u811817592,1563068819,Python,Python (3.4.3),py,Runtime Error,17,2940,554,
s710584293,p02982,u811817592,1563068642,Python,Python (3.4.3),py,Runtime Error,18,3064,621,
s920430777,p02982,u437779154,1563068497,C++,C++14 (GCC 5.4.1),cpp,Accepted,1,256,590,
s300602832,p02982,u811817592,1563068455,Python,Python (3.4.3),py,Runtime Error,18,3064,621,
s275125039,p02982,u437779154,1563068243,C++,C++14 (GCC 5.4.1),cpp,Wrong Answer,1,256,577,
s590567748,p02982,u437779154,1563068154,C++,C++14 (GCC 5.4.1),cpp,Wrong Answer,1,256,566,
s234250438,p02982,u234582237,1563068122,Python,Python (3.4.3),py,Runtime Error,18,3064,634,
s590225393,p02982,u811817592,1563068074,Python,Python (3.4.3),py,Runtime Error,18,3064,636,
s636259111,p02982,u811817592,1563068013,Python,Python (3.4.3),py,Runtime Error,18,3064,655,
s199304393,p02982,u234582237,1563067993,Python,Python (3.4.3),py,Runtime Error,18,3064,626,
s886275645,p02982,u769470336,1563067987,C++,C++14 (GCC 5.4.1),cpp,Accepted,1,256,504,
s922417815,p02982,u811817592,1563067968,Python,Python (3.4.3),py,Runtime Error,18,3188,647,
s484720511,p02982,u437779154,1563067957,C++,C++14 (GCC 5.4.1),cpp,Wrong Answer,2,384,565,
s801321551,p02982,u437779154,1563067913,C++,C++14 (GCC 5.4.1),cpp,Compile Error,,,567,
s309038015,p02982,u234582237,1563067711,Python,Python (3.4.3),py,Runtime Error,18,3064,634,
s505018009,p02982,u437779154,1563067498,C++,C++14 (GCC 5.4.1),cpp,Wrong Answer,1,256,516,
s747643552,p02982,u066917439,1563067414,C++,C++14 (GCC 5.4.1),cpp,Accepted,1,256,523,
s638906459,p02982,u437779154,1563067230,C++,C++14 (GCC 5.4.1),cpp,Wrong Answer,1,256,514,
s633807510,p02982,u811817592,1563067003,Python,Python (3.4.3),py,Accepted,18,3064,460,
s631206675,p02982,u651879504,1563066924,Python,Python (3.4.3),py,Accepted,18,3064,460,
s304127957,p02982,u651879504,1563066873,Python,Python (3.4.3),py,Wrong Answer,18,3064,460,
s197310517,p02982,u716530146,1563066299,Python,Python (3.4.3),py,Accepted,18,3064,290,
s466975263,p02982,u651879504,1563065930,Python,Python (3.4.3),py,Wrong Answer,37,3064,501,
s653951651,p02982,u740284863,1563065488,Python,Python (3.4.3),py,Accepted,18,3064,389,
s574367516,p02982,u345716368,1563065470,C++,C++14 (GCC 5.4.1),cpp,Accepted,1,256,656,
s538483000,p02982,u740284863,1563065458,Python,Python (3.4.3),py,Runtime Error,17,3064,388,
s323765062,p02982,u345716368,1563065376,C++,C++14 (GCC 5.4.1),cpp,Wrong Answer,1,256,653,
s202848332,p02982,u291178324,1563065186,C++,C++14 (GCC 5.4.1),cpp,Accepted,1,256,692,
s901904048,p02982,u456896733,1563064848,Python,Python (3.4.3),py,Accepted,18,3064,372,
s292146385,p02982,u323120917,1563064783,Python,Python (3.4.3),py,Accepted,916,44696,414,
s434926230,p02982,u323120917,1563064742,Python,Python (3.4.3),py,Accepted,19,3064,411,
s916672081,p02982,u456896733,1563064660,Python,Python (3.4.3),py,Wrong Answer,18,3064,388,
s286389793,p02982,u156327988,1563060714,C,C (GCC 5.4.1),c,Accepted,1,128,490,
s490154070,p02982,u466568754,1563059454,C++,C++14 (GCC 5.4.1),cpp,Accepted,1,256,663,
s761660908,p02982,u082478673,1563059178,C++,C++14 (GCC 5.4.1),cpp,Accepted,1,256,477,
s684185352,p02982,u168579419,1563058727,C++,C++14 (GCC 5.4.1),cpp,Accepted,1,256,4903,
s891304272,p02982,u666979183,1563058694,C++,C++14 (GCC 5.4.1),cpp,Accepted,1,256,757,
s172838719,p02982,u162635594,1563058323,C,C (GCC 5.4.1),c,Accepted,2,256,547,
s493691518,p02982,u666979183,1563058136,C++,C++14 (GCC 5.4.1),cpp,Wrong Answer,1,256,767,
s570906194,p02982,u100858029,1563057572,C++,C++14 (GCC 5.4.1),cpp,Accepted,7,3968,588,
s587155087,p02982,u162635594,1563056534,C,C (GCC 5.4.1),c,Wrong Answer,1,128,497,
s608392280,p02982,u162635594,1563055857,C,C (GCC 5.4.1),c,Wrong Answer,1,128,484,
s188686667,p02982,u844005364,1563055342,Python,Python (3.4.3),py,Accepted,18,3188,294,
s737118223,p02982,u008829811,1563054766,C,C (Clang 3.8.0),c,Accepted,1,128,557,
s557243856,p02982,u727347518,1563050800,Scala,Scala (2.11.7),scala,Accepted,361,25896,576,
s221186505,p02982,u620059302,1563048349,C++,C++14 (GCC 5.4.1),cpp,Accepted,1,256,769,
s570523868,p02982,u155216115,1563046943,C++,C++14 (GCC 5.4.1),cpp,Accepted,1,256,1122,
s207205106,p02982,u874414087,1563045597,Ruby,Ruby (2.3.3),rb,Accepted,7,1788,317,
s163853816,p02982,u606350691,1563045589,C++,C++14 (GCC 5.4.1),cpp,Accepted,2,256,1756,
s020342933,p02982,u322714721,1563045559,C++,C++14 (GCC 5.4.1),cpp,Accepted,1,256,675,
s391701241,p02982,u874414087,1563045559,Ruby,Ruby (2.3.3),rb,Wrong Answer,7,3964,329,
s194710795,p02982,u253569223,1563044340,C++,C++14 (GCC 5.4.1),cpp,Accepted,1,256,600,
s157241097,p02982,u392938961,1563043494,Python,Python (3.4.3),py,Accepted,18,3064,520,
s224029626,p02982,u392938961,1563043441,Python,Python (3.4.3),py,Wrong Answer,18,3188,455,
s070214622,p02982,u392938961,1563043192,Python,Python (3.4.3),py,Wrong Answer,18,3188,444,
s550344599,p02982,u392938961,1563040962,Python,Python (3.4.3),py,Wrong Answer,18,3188,657,
s789711024,p02982,u681557252,1563040026,C++,C++14 (GCC 5.4.1),cpp,Accepted,1,256,600,
s001623681,p02982,u216772548,1563035831,C++,C++14 (GCC 5.4.1),cpp,Accepted,1,256,1010,
s782972411,p02982,u216772548,1563035677,C++,C++14 (GCC 5.4.1),cpp,Wrong Answer,1,256,1000,
s324085087,p02982,u501243139,1563034234,C++,C++14 (GCC 5.4.1),cpp,Compile Error,,,748,
s881450216,p02982,u961876423,1563033624,Python,Python (3.4.3),py,Accepted,23,3572,555,
s178111694,p02982,u874212030,1563032610,C++,C++14 (GCC 5.4.1),cpp,Accepted,1,256,714,
s517504064,p02982,u511401499,1563032361,Python,Python (3.4.3),py,Accepted,150,12500,407,
s053594887,p02982,u456896733,1563031882,Python,Python (3.4.3),py,Runtime Error,17,3064,477,
s316419796,p02982,u456896733,1563031681,Python,Python (3.4.3),py,Runtime Error,19,3064,472,
s900806197,p02982,u280425786,1563030760,C++,C++14 (GCC 5.4.1),cpp,Accepted,1,256,888,
s489774037,p02982,u253569223,1563030686,C++,C++14 (GCC 5.4.1),cpp,Wrong Answer,1,256,469,
s730144047,p02982,u366561224,1563030258,C++,C++14 (GCC 5.4.1),cpp,Accepted,1,256,745,
s517885603,p02982,u261822200,1563030215,C++,C++14 (GCC 5.4.1),cpp,Accepted,1,256,434,
s332429869,p02982,u999036243,1563030158,C++,C++14 (GCC 5.4.1),cpp,Accepted,1,128,402,
s949247779,p02982,u959888894,1563029803,C++,C++14 (GCC 5.4.1),cpp,Accepted,1,256,401,
s791113849,p02982,u573590043,1563029582,C++,C++14 (GCC 5.4.1),cpp,Accepted,1,256,461,
s681731877,p02982,u139000823,1563029233,C++,C++14 (GCC 5.4.1),cpp,Accepted,1,256,574,
s219232302,p02982,u219331338,1563029198,C++,C++14 (GCC 5.4.1),cpp,Accepted,1,384,790,
s350267098,p02982,u219331338,1563028179,C++,C++14 (GCC 5.4.1),cpp,Accepted,1,384,789,
s272469849,p02982,u345932819,1563027461,Java,Java8 (OpenJDK 1.8.0),java,Accepted,225,27860,3158,
s341797639,p02982,u874212030,1563027432,C++,C++14 (GCC 5.4.1),cpp,Accepted,1,256,690,
s054946769,p02982,u946288218,1563026337,C++,C++14 (GCC 5.4.1),cpp,Accepted,1,256,898,
s764921880,p02982,u359413838,1563025004,C++,C++14 (GCC 5.4.1),cpp,Accepted,3,768,793,
s948785466,p02982,u992183107,1563020876,Python,Python (3.4.3),py,Accepted,18,3064,335,
s690810596,p02982,u895591399,1563007236,C++,C++14 (GCC 5.4.1),cpp,Accepted,1,256,892,
s676330676,p02982,u852599784,1563003737,Nim,Nim (0.13.0),nim,Accepted,1,256,712,
s699007566,p02982,u852599784,1563003563,Nim,Nim (0.13.0),nim,Runtime Error,1,256,732,
s160043125,p02982,u852599784,1563003534,Nim,Nim (0.13.0),nim,Wrong Answer,1,256,734,
s359979844,p02982,u852599784,1563003483,Nim,Nim (0.13.0),nim,Wrong Answer,1,256,739,
s640040246,p02982,u852599784,1563003406,Nim,Nim (0.13.0),nim,Runtime Error,1,256,733,
s828884344,p02982,u852599784,1563003109,Nim,Nim (0.13.0),nim,Runtime Error,1,256,719,
s332375942,p02982,u212228253,1563001591,Go,Go (1.6),go,Accepted,1,512,624,
s670483537,p02982,u212228253,1563001510,Go,Go (1.6),go,Wrong Answer,1,512,626,
s194354889,p02982,u212228253,1563001212,Go,Go (1.6),go,Wrong Answer,1,512,654,
s231161231,p02982,u212228253,1563000698,Go,Go (1.6),go,Wrong Answer,1,512,558,
s651988248,p02982,u625176086,1562997639,C++,C++14 (GCC 5.4.1),cpp,Accepted,9,764,689,
s780734630,p02982,u065799843,1562996699,C,C (GCC 5.4.1),c,Accepted,1,128,552,
s769840624,p02982,u855186748,1562994618,C++,C++14 (GCC 5.4.1),cpp,Accepted,1,256,541,
s027454268,p02982,u625176086,1562994101,C++,C++14 (GCC 5.4.1),cpp,Compile Error,,,639,
s032363890,p02982,u496744988,1562993979,Python,PyPy3 (2.4.0),py,Accepted,350,71020,2004,
s439061956,p02982,u625176086,1562993424,C++,C++14 (GCC 5.4.1),cpp,Runtime Error,287,764,691,
s356567556,p02982,u980960666,1562992647,Java,Java8 (OpenJDK 1.8.0),java,Accepted,113,21712,666,
s745210759,p02982,u234582237,1562991842,Python,Python (3.4.3),py,Runtime Error,18,3188,615,
s213293543,p02982,u234582237,1562991570,Python,Python (3.4.3),py,Runtime Error,18,3064,622,
s949813120,p02982,u234582237,1562990191,Python,Python (3.4.3),py,Runtime Error,18,3188,435,
s350430808,p02982,u234582237,1562990113,Python,Python (3.4.3),py,Runtime Error,18,3064,449,
s791912166,p02982,u519194615,1562988574,C++,C++14 (GCC 5.4.1),cpp,Accepted,1,256,662,
s761300545,p02982,u896543512,1562987945,C++,C++14 (GCC 5.4.1),cpp,Accepted,1,256,3106,
s502214503,p02982,u896543512,1562987834,C++,C++14 (GCC 5.4.1),cpp,Compile Error,,,3106,
s339124970,p02982,u917198146,1562987747,C,C (GCC 5.4.1),c,Accepted,1,128,818,
s643713451,p02982,u219041750,1562987506,C++,C++14 (GCC 5.4.1),cpp,Accepted,1,256,552,
s913750888,p02982,u906765537,1562987312,C++,C++14 (GCC 5.4.1),cpp,Accepted,3,256,550,
s860521661,p02982,u432570867,1562986729,C++,C++14 (GCC 5.4.1),cpp,Accepted,1,256,684,
s665660060,p02982,u432570867,1562986482,C++,C++14 (GCC 5.4.1),cpp,Compile Error,,,688,
s761056832,p02982,u151103716,1562986299,C++,C++14 (GCC 5.4.1),cpp,Accepted,1,256,671,
s127498073,p02982,u151103716,1562986250,C++,C++14 (GCC 5.4.1),cpp,Compile Error,,,654,
s481262426,p02982,u702457163,1562985887,C++,C++14 (GCC 5.4.1),cpp,Accepted,1,256,691,
s134881042,p02982,u707498674,1562983139,Python,Python (3.4.3),py,Accepted,17,3064,427,
s874793628,p02982,u707498674,1562982349,Python,Python (3.4.3),py,Wrong Answer,18,3064,425,
s473138522,p02982,u453412459,1562981964,C++,C++14 (GCC 5.4.1),cpp,Accepted,1,256,1804,
s592417428,p02982,u352610594,1562980418,C++,C++14 (GCC 5.4.1),cpp,Accepted,1,256,442,
s005106681,p02982,u352610594,1562980159,C++,C++14 (GCC 5.4.1),cpp,Wrong Answer,1,256,480,
s230043510,p02982,u516021252,1562979715,C++,C++14 (GCC 5.4.1),cpp,Accepted,1,256,456,
s488679671,p02982,u366101493,1562979496,C++,C++14 (GCC 5.4.1),cpp,Accepted,1,256,580,
s422046888,p02982,u352610594,1562978793,C++,C++14 (GCC 5.4.1),cpp,Wrong Answer,2,256,430,
s061252687,p02982,u366101493,1562977087,C++,C++14 (GCC 5.4.1),cpp,Accepted,1,256,508,
s804162971,p02982,u972505846,1562977055,PHP,PHP7 (7.0.15),php,Accepted,11,4728,508,
s303214645,p02982,u516021252,1562976602,C++,C++14 (GCC 5.4.1),cpp,Wrong Answer,1,256,454,
s370525926,p02982,u081445141,1562974232,Fortran,Fortran (gfortran v4.8.4),f,Accepted,1,256,341,
s000944625,p02982,u779353743,1562972763,Scala,Scala (2.11.7),scala,Accepted,341,27308,7212,
s529805264,p02982,u679366464,1562972387,C++,C++14 (GCC 5.4.1),cpp,Accepted,1,256,535,
s858337880,p02982,u440276250,1562972333,C++,C++14 (GCC 5.4.1),cpp,Accepted,1,256,835,
s996255770,p02982,u429137192,1562971341,C++,C++14 (GCC 5.4.1),cpp,Accepted,1,256,565,
s851736424,p02982,u170225215,1562970890,Java,Java8 (OpenJDK 1.8.0),java,Accepted,110,21716,864,
s461875543,p02982,u170225215,1562970847,Java,Java8 (OpenJDK 1.8.0),java,Runtime Error,78,22868,878,
s693605010,p02982,u417414025,1562970370,Java,Java8 (OpenJDK 1.8.0),java,Accepted,107,21844,1417,
s507092428,p02982,u651854344,1562969388,C++,C++14 (GCC 5.4.1),cpp,Accepted,1,256,766,
s759905169,p02982,u668503853,1562968275,Python,Python (3.4.3),py,Accepted,17,3060,267,
s413336659,p02982,u668503853,1562967749,Python,Python (3.4.3),py,Accepted,19,3064,278,
s044939740,p02982,u668503853,1562967690,Python,Python (3.4.3),py,Runtime Error,17,2940,281,
s403707014,p02982,u134229255,1562967665,C++,C++14 (GCC 5.4.1),cpp,Accepted,1,256,400,
s180084880,p02982,u081445141,1562967647,C++,C++14 (GCC 5.4.1),cpp,Accepted,1,256,635,
s170184381,p02982,u212486902,1562967355,Go,Go (1.6),go,Accepted,1,640,695,
s945558041,p02982,u518064858,1562967273,Python,Python (3.4.3),py,Accepted,18,3064,318,
s243757137,p02982,u317230226,1562966175,C++,C++14 (GCC 5.4.1),cpp,Accepted,1,256,877,
s495596019,p02982,u148540382,1562965228,Python,Python (3.4.3),py,Accepted,18,3064,338,
s807311626,p02982,u386662710,1562965134,C++,C++14 (GCC 5.4.1),cpp,Accepted,1,256,555,
s705291302,p02982,u056043043,1562963836,C++,C++14 (GCC 5.4.1),cpp,Accepted,1,256,412,
s142938317,p02982,u854272569,1562963827,C++,C++14 (GCC 5.4.1),cpp,Wrong Answer,1,256,423,
s576624653,p02982,u047535298,1562962733,Python,Python (3.4.3),py,Accepted,19,3064,343,
s022531029,p02982,u047535298,1562962650,Python,Python (3.4.3),py,Wrong Answer,18,3060,342,
s044859111,p02982,u879870653,1562961317,Go,Go (1.6),go,Accepted,1,640,1180,
s358788737,p02982,u528748570,1562960349,Python,Python (3.4.3),py,Accepted,18,3064,339,
s659266022,p02982,u081688405,1562960028,Python,Python (3.4.3),py,Accepted,18,3064,282,
s207273782,p02982,u558493745,1562958954,Python,Python (3.4.3),py,Accepted,18,3060,323,
s298774120,p02982,u715036868,1562958648,C++,C++ (GCC 5.4.1),cpp,Accepted,1,256,629,
s394299020,p02982,u715036868,1562958611,C++,C++ (GCC 5.4.1),cpp,Compile Error,,,627,
s266946441,p02982,u715036868,1562958566,C++,C++ (GCC 5.4.1),cpp,Compile Error,,,627,
s228518774,p02982,u348945811,1562958326,Python,Python (3.4.3),py,Accepted,343,21424,331,
s954139092,p02982,u278886389,1562958053,Python,Python (3.4.3),py,Accepted,26,3572,415,
s244186679,p02982,u904318605,1562957935,C,C (GCC 5.4.1),c,Accepted,1,128,937,
s235111771,p02982,u968846084,1562956328,Python,Python (3.4.3),py,Runtime Error,17,3060,264,
s796322262,p02982,u533920479,1562956311,C++,C++14 (GCC 5.4.1),cpp,Accepted,1,256,894,
s917012599,p02982,u366779547,1562953174,Ruby,Ruby (2.3.3),rb,Accepted,7,1788,274,
s080792609,p02982,u770509135,1562952932,C++,C++14 (GCC 5.4.1),cpp,Accepted,1,256,640,
s096831935,p02982,u635557235,1562951654,C++,C++14 (GCC 5.4.1),cpp,Accepted,2,2304,1466,
s556681639,p02982,u978944540,1562950680,Java,Java8 (OpenJDK 1.8.0),java,Accepted,110,23124,684,
s356498469,p02982,u819330049,1562949019,PHP,PHP (5.6.30),php,Accepted,9,3576,760,
s929546196,p02982,u251847465,1562948980,C++,C++14 (GCC 5.4.1),cpp,Accepted,1,256,1082,
s180941301,p02982,u819330049,1562948794,PHP,PHP (5.6.30),php,Accepted,9,3576,650,
s655990888,p02982,u633463117,1562948621,Java,Java8 (OpenJDK 1.8.0),java,Accepted,106,21716,857,
s775860072,p02982,u819330049,1562948436,PHP,PHP (5.6.30),php,Wrong Answer,9,3576,736,
s758076651,p02982,u440630725,1562947835,Python,Python (3.4.3),py,Wrong Answer,18,3064,286,
s644948312,p02982,u440630725,1562947800,Python,Python (3.4.3),py,Wrong Answer,19,3064,288,
s030674390,p02982,u770077083,1562947380,Python,Python (3.4.3),py,Accepted,18,3064,402,
s894615977,p02982,u077536797,1562946796,C++,C++14 (GCC 5.4.1),cpp,Accepted,1,256,495,
s880105438,p02982,u077536797,1562946720,C++,C++14 (GCC 5.4.1),cpp,Wrong Answer,1,256,469,
s797385724,p02982,u077536797,1562946671,C++,C++14 (GCC 5.4.1),cpp,Wrong Answer,1,256,469,
s562104394,p02982,u077536797,1562946631,C++,C++14 (GCC 5.4.1),cpp,Wrong Answer,1,256,469,
s891886663,p02982,u077536797,1562946602,C++,C++14 (GCC 5.4.1),cpp,Wrong Answer,2,256,458,
s856037103,p02982,u778347695,1562946514,C++,C++14 (GCC 5.4.1),cpp,Accepted,1,256,470,
s054166446,p02982,u778347695,1562946481,C++,C++14 (GCC 5.4.1),cpp,Compile Error,,,471,
s452402070,p02982,u274684037,1562946417,C#,C# (Mono 4.6.2.0),cs,Accepted,27,13524,1188,
s174978823,p02982,u778347695,1562946393,C++,C++14 (GCC 5.4.1),cpp,Compile Error,,,452,
s852873772,p02982,u440630725,1562946176,Python,Python (3.4.3),py,Runtime Error,20,3316,285,
s766367678,p02982,u440630725,1562946120,Python,Python (3.4.3),py,Runtime Error,20,3188,285,
s325370411,p02982,u497422208,1562946102,C++,C++14 (GCC 5.4.1),cpp,Accepted,1,256,787,
s998503756,p02982,u440630725,1562945976,Python,Python (3.4.3),py,Runtime Error,17,3064,284,
s524680535,p02982,u497422208,1562944466,C++,C++14 (GCC 5.4.1),cpp,Wrong Answer,3,256,785,
s714783929,p02982,u013150010,1562943822,C++,C++14 (GCC 5.4.1),cpp,Accepted,1,256,571,
s899384191,p02982,u423827009,1562943783,C#,C# (Mono 4.6.2.0),cs,Accepted,29,13652,1452,
s031619883,p02982,u754325138,1562943670,C++,C++14 (GCC 5.4.1),cpp,Accepted,1,256,462,
s988932894,p02982,u828994140,1562941315,C++,C++14 (GCC 5.4.1),cpp,Accepted,1,256,630,
s835746542,p02982,u733608212,1562940660,Python,Python (3.4.3),py,Accepted,20,3188,439,
s501446228,p02982,u366779547,1562938383,Ruby,Ruby (2.3.3),rb,Wrong Answer,8,1916,291,
s501651931,p02982,u366779547,1562937663,Ruby,Ruby (2.3.3),rb,Wrong Answer,7,1916,290,
s653575058,p02982,u366779547,1562937576,Ruby,Ruby (2.3.3),rb,Wrong Answer,7,1788,290,
s244279046,p02982,u366779547,1562937419,Ruby,Ruby (2.3.3),rb,Wrong Answer,7,1788,301,
s870971584,p02982,u183256664,1562920478,Python,Python (3.4.3),py,Accepted,149,12500,360,
s163298985,p02982,u356452793,1562918685,Java,Java8 (OpenJDK 1.8.0),java,Accepted,73,23508,11633,
s721282617,p02982,u721185744,1562918664,C++,C++14 (GCC 5.4.1),cpp,Accepted,1,256,784,
s365001756,p02982,u679366464,1562910343,C++,C++14 (GCC 5.4.1),cpp,Accepted,1,256,542,
s970210296,p02982,u679366464,1562910305,C++,C++14 (GCC 5.4.1),cpp,Runtime Error,97,256,542,
s703145652,p02982,u921391957,1562909888,C++,C++14 (GCC 5.4.1),cpp,Accepted,1,256,1102,
s434564947,p02982,u679366464,1562908857,C++,C++14 (GCC 5.4.1),cpp,Accepted,1,256,495,
s626720051,p02982,u679366464,1562908735,C++,C++14 (GCC 5.4.1),cpp,Wrong Answer,1,256,484,
s189875892,p02982,u423803491,1562908603,C++,C++14 (GCC 5.4.1),cpp,Compile Error,,,520,
s616849618,p02982,u423803491,1562908559,C++,C++14 (GCC 5.4.1),cpp,Wrong Answer,4,384,594,
s818601783,p02982,u423803491,1562908433,C++,C++14 (GCC 5.4.1),cpp,Wrong Answer,1,256,594,
s549987157,p02982,u423803491,1562908352,C++,C++14 (GCC 5.4.1),cpp,Wrong Answer,1,256,591,
s011690373,p02982,u423803491,1562908260,C++,C++14 (GCC 5.4.1),cpp,Wrong Answer,1,256,604,
s994274251,p02982,u388817534,1562908222,C++,C++14 (GCC 5.4.1),cpp,Accepted,1,256,1260,
s265711394,p02982,u423803491,1562908016,C++,C++14 (GCC 5.4.1),cpp,Wrong Answer,1,256,595,
s500841730,p02982,u423803491,1562907886,C++,C++14 (GCC 5.4.1),cpp,Wrong Answer,1,256,599,
s354023667,p02982,u423803491,1562907859,C++,C++14 (GCC 5.4.1),cpp,Compile Error,,,607,
s689989796,p02982,u423803491,1562907642,C++,C++14 (GCC 5.4.1),cpp,Wrong Answer,1,256,509,
s033438665,p02982,u423803491,1562907587,C++,C++14 (GCC 5.4.1),cpp,Wrong Answer,3,512,490,
s026465722,p02982,u423803491,1562907560,C++,C++14 (GCC 5.4.1),cpp,Compile Error,,,487,
s095873752,p02982,u423803491,1562907530,C++,C++14 (GCC 5.4.1),cpp,Compile Error,,,487,
s381808943,p02982,u584976442,1562905420,C++,C++14 (GCC 5.4.1),cpp,Accepted,1,256,699,
s037954116,p02982,u839416285,1562900982,C++,C++14 (GCC 5.4.1),cpp,Accepted,1,256,820,
s932471049,p02982,u784706568,1562900792,C++,C++14 (GCC 5.4.1),cpp,Accepted,1,256,510,
s522079075,p02982,u578953945,1562900144,Python,Python (3.4.3),py,Accepted,18,3188,318,
s025281911,p02982,u161007542,1562899572,C++,C++14 (GCC 5.4.1),cpp,Accepted,1,256,968,
s961212963,p02982,u086672186,1562899269,C++,C++14 (GCC 5.4.1),cpp,Accepted,1,256,644,
s160341943,p02982,u308643604,1562897979,C++,C++14 (GCC 5.4.1),cpp,Wrong Answer,2103,256,467,
s446402809,p02982,u308643604,1562897563,C++,C++14 (GCC 5.4.1),cpp,Time Limit Exceeded,2103,256,517,
s762771568,p02982,u916960489,1562896945,C,C (GCC 5.4.1),c,Accepted,1,128,756,
s559710933,p02982,u930420849,1562896557,C,C (GCC 5.4.1),c,Accepted,1,128,856,
s005308103,p02982,u235396011,1562893792,C++,C++14 (GCC 5.4.1),cpp,Accepted,1,256,1133,
s606646962,p02982,u600759947,1562892707,C++,C++14 (GCC 5.4.1),cpp,Accepted,1,256,599,
s485700610,p02982,u366115355,1562891092,C++,C++14 (GCC 5.4.1),cpp,Accepted,1,256,650,
s985011891,p02982,u366115355,1562891039,C++,C++14 (GCC 5.4.1),cpp,Wrong Answer,1,256,649,
s760096506,p02982,u925609541,1562890886,C++,C++14 (Clang 3.8.0),cpp,Accepted,1,256,680,
s031776182,p02982,u925609541,1562890818,C++,C++14 (Clang 3.8.0),cpp,Wrong Answer,7,888,728,
s685287488,p02982,u901615543,1562889910,C++,C++14 (GCC 5.4.1),cpp,Accepted,1,256,1128,
s675197371,p02982,u121524009,1562889380,JavaScript,JavaScript (node.js v5.12),js,Runtime Error,51,7244,739,
s069322403,p02982,u411858517,1562888828,Python,Python (3.4.3),py,Accepted,18,3060,356,
s197075485,p02982,u411858517,1562888560,Python,Python (3.4.3),py,Wrong Answer,18,3064,308,
s615430774,p02982,u259222235,1562887516,C++,C++14 (GCC 5.4.1),cpp,Accepted,1,256,1237,
s513867384,p02982,u882868478,1562886721,C++,C++14 (GCC 5.4.1),cpp,Accepted,1,256,561,
s492851130,p02982,u181386644,1562883448,C++,C++14 (GCC 5.4.1),cpp,Accepted,1,256,812,
s341972302,p02982,u316420180,1562882713,C++,C++14 (GCC 5.4.1),cpp,Accepted,1,256,672,
s974039840,p02982,u282131678,1562881717,C++,C++14 (GCC 5.4.1),cpp,Accepted,1,256,690,
s673342169,p02982,u282131678,1562881633,C++,C++14 (GCC 5.4.1),cpp,Wrong Answer,1,256,688,
s789089446,p02982,u546853743,1562881036,C,C (GCC 5.4.1),c,Accepted,1,128,423,
s786423478,p02982,u546853743,1562880990,C,C (GCC 5.4.1),c,Wrong Answer,1,128,411,
s044008973,p02982,u414665384,1562880869,Java,Java8 (OpenJDK 1.8.0),java,Accepted,110,21716,631,
s725729594,p02982,u546853743,1562880859,C,C (GCC 5.4.1),c,Accepted,1,128,452,
s736220839,p02982,u479371430,1562880470,Python,Python (3.4.3),py,Accepted,18,3064,327,
s637307946,p02982,u151107315,1562879608,Python,Python (3.4.3),py,Accepted,18,3064,420,
s712067099,p02982,u292735000,1562879218,Python,Python (3.4.3),py,Accepted,18,3064,317,
s595460263,p02982,u873269440,1562878245,C++,C++14 (GCC 5.4.1),cpp,Accepted,1,256,672,
s142933404,p02982,u873269440,1562878184,C++,C++14 (GCC 5.4.1),cpp,Compile Error,,,672,
s348218912,p02982,u405660020,1562877777,Python,Python (3.4.3),py,Accepted,325,21432,353,
s283477302,p02982,u405660020,1562877743,Python,PyPy3 (2.4.0),py,Runtime Error,179,38512,353,
s706560592,p02982,u873269440,1562877673,C++,C++14 (GCC 5.4.1),cpp,Wrong Answer,1,256,615,
s729439013,p02982,u444386009,1562875674,C++,C++14 (GCC 5.4.1),cpp,Compile Error,,,6,
s341320392,p02982,u873269440,1562875368,C++,C++14 (GCC 5.4.1),cpp,Accepted,1,256,630,
s320801206,p02982,u873269440,1562874999,C++,C++14 (GCC 5.4.1),cpp,Wrong Answer,1,256,638,
s534090610,p02982,u873269440,1562874824,C++,C++14 (GCC 5.4.1),cpp,Wrong Answer,1,256,638,
s915140949,p02982,u873269440,1562874671,C++,C++14 (GCC 5.4.1),cpp,Wrong Answer,1,256,636,
s408045143,p02982,u873269440,1562874467,C++,C++14 (GCC 5.4.1),cpp,Wrong Answer,1,256,663,
s406954498,p02982,u582848517,1562874186,C++,C++14 (GCC 5.4.1),cpp,Accepted,1,256,537,
s357861531,p02982,u902462889,1562873620,Python,Python (3.4.3),py,Accepted,18,3064,447,
s920605469,p02982,u001041019,1562872727,Python,Python (3.4.3),py,Accepted,18,3064,351,
s907708631,p02982,u359856428,1562872111,C++,C++14 (GCC 5.4.1),cpp,Accepted,1,256,697,
s314320737,p02982,u359856428,1562871956,C++,C++14 (GCC 5.4.1),cpp,Compile Error,,,692,
s078731886,p02982,u359856428,1562871923,C++,C++14 (GCC 5.4.1),cpp,Compile Error,,,692,
s660492870,p02982,u921826483,1562871881,Python,Python (3.4.3),py,Accepted,18,3188,443,
s300979034,p02982,u359856428,1562871867,C++,C++14 (GCC 5.4.1),cpp,Compile Error,,,692,
s800438167,p02982,u295811595,1562871691,Python,Python (3.4.3),py,Accepted,17,3064,360,
s584636689,p02982,u080880358,1562871347,Python,Python (3.4.3),py,Accepted,152,12484,209,
s559054065,p02982,u406114804,1562871146,Python,Python (3.4.3),py,Accepted,18,3064,404,
s027268900,p02982,u080880358,1562871129,Python,Python (3.4.3),py,Accepted,149,12496,212,
s516346122,p02982,u601522790,1562870671,Python,Python (3.4.3),py,Accepted,19,3064,388,
s913041067,p02982,u102278909,1562870368,Python,PyPy3 (2.4.0),py,Accepted,176,38256,675,
s641156925,p02982,u136869985,1562870332,Python,Python (3.4.3),py,Accepted,18,3188,319,
s588067999,p02982,u698598617,1562870081,C++,C++14 (GCC 5.4.1),cpp,Wrong Answer,1,256,536,
s962946559,p02982,u562016607,1562869799,Python,Python (3.4.3),py,Accepted,19,3064,455,
s503064087,p02982,u345094945,1562869246,Python,Python (3.4.3),py,Accepted,17,3060,270,
s778129273,p02982,u600118696,1562867463,C++,C++14 (GCC 5.4.1),cpp,Accepted,2,384,545,
s516907591,p02982,u672317845,1562867271,C++,C++14 (GCC 5.4.1),cpp,Accepted,1,256,1014,
s673786214,p02982,u744950774,1562866915,C,C (GCC 5.4.1),c,Accepted,1,128,449,
s188484574,p02982,u243961437,1562865252,C++,C++14 (GCC 5.4.1),cpp,Accepted,1,256,505,
s367175875,p02982,u058609859,1562865220,C,C (GCC 5.4.1),c,Accepted,1,128,418,
s284503579,p02982,u857217921,1562864831,Python,Python (3.4.3),py,Accepted,150,12344,546,
s898211388,p02982,u310014491,1562864019,C++,C++14 (GCC 5.4.1),cpp,Accepted,1,256,752,
s169787044,p02982,u889915625,1562862799,C++,C++14 (GCC 5.4.1),cpp,Accepted,3,512,1065,
s658784622,p02982,u889915625,1562862338,C++,C++14 (GCC 5.4.1),cpp,Wrong Answer,1,256,1041,
s169817872,p02982,u889915625,1562862123,C++,C++14 (GCC 5.4.1),cpp,Wrong Answer,1,256,926,
s512790599,p02982,u889915625,1562862058,C++,C++14 (GCC 5.4.1),cpp,Compile Error,,,905,
s041777836,p02982,u126434371,1562861399,Java,Java7 (OpenJDK 1.7.0),java,Accepted,81,22356,2125,
s378812098,p02982,u807998890,1562861100,C++,C++14 (GCC 5.4.1),cpp,Accepted,1,256,754,
s964922850,p02982,u591979857,1562859961,C++,C++14 (GCC 5.4.1),cpp,Accepted,1,256,668,
s849521893,p02982,u608809251,1562859289,Python,Python (3.4.3),py,Accepted,18,3064,347,
s736050376,p02982,u608809251,1562859270,Python,Python (3.4.3),py,Runtime Error,17,2940,346,
s317498004,p02982,u608809251,1562859229,Python,Python (3.4.3),py,Accepted,18,3060,348,
s071859938,p02982,u780565479,1562858532,Python,Python (3.4.3),py,Accepted,149,12428,264,
s748721634,p02982,u562777854,1562858024,C++,C++14 (GCC 5.4.1),cpp,Accepted,1,256,579,
s185594369,p02982,u279735925,1562857729,Python,Python (3.4.3),py,Accepted,18,3188,310,
s741867818,p02982,u548834738,1562856792,Ruby,Ruby (2.3.3),rb,Accepted,7,1788,300,
s927140352,p02982,u123724799,1562854320,C++,C++14 (GCC 5.4.1),cpp,Accepted,1,256,1062,
s731815035,p02982,u546853743,1562854203,C,C (GCC 5.4.1),c,Accepted,1,128,452,
s278547481,p02982,u544165468,1562853472,C++,C++14 (GCC 5.4.1),cpp,Wrong Answer,1,256,406,
s570417544,p02982,u544165468,1562853394,C++,C++14 (GCC 5.4.1),cpp,Wrong Answer,3,256,319,
s722377172,p02982,u544165468,1562853312,C++,C++14 (GCC 5.4.1),cpp,Wrong Answer,2,256,312,
s495450534,p02982,u544165468,1562853286,C++,C++14 (GCC 5.4.1),cpp,Compile Error,,,314,
s879018232,p02982,u667458133,1562853125,Python,Python (3.4.3),py,Accepted,17,3188,367,
s255450336,p02982,u479371430,1562852605,C++,C++14 (GCC 5.4.1),cpp,Accepted,1,256,605,
s621255676,p02982,u679131784,1562852321,Python,Python (3.4.3),py,Accepted,18,3188,230,
s036059737,p02982,u750004862,1562851983,C,C (GCC 5.4.1),c,Accepted,1,128,738,
s663584855,p02982,u977566741,1562851329,OCaml,OCaml (4.02.3),ml,Accepted,1,384,1076,
s076199961,p02982,u794250528,1562851040,Python,Python (3.4.3),py,Accepted,18,3060,291,
s035236843,p02982,u802614675,1562846769,Go,Go (1.6),go,Accepted,1,512,598,
s787661467,p02982,u802614675,1562845847,Go,Go (1.6),go,Accepted,1,512,669,
s460123817,p02982,u802614675,1562845769,Go,Go (1.6),go,Wrong Answer,1,512,660,
s452409805,p02982,u012172241,1562842743,Rust,Rust (1.15.1),rs,Accepted,2,4352,2338,
s382466560,p02982,u794573819,1562835719,C++,C++14 (GCC 5.4.1),cpp,Accepted,1,256,1646,
s235600283,p02982,u081396780,1562834879,C++,C++14 (GCC 5.4.1),cpp,Accepted,1,256,1339,
s750191264,p02982,u434747175,1562826090,C++,C++14 (GCC 5.4.1),cpp,Accepted,1,256,1040,
s031414178,p02982,u415916075,1562823299,C++,C++14 (GCC 5.4.1),cpp,Accepted,1,256,527,
s326234641,p02982,u081396780,1562822864,C++,C++14 (GCC 5.4.1),cpp,Wrong Answer,1,256,326,
s707412939,p02982,u842076211,1562822317,C,C (GCC 5.4.1),c,Accepted,2,384,1880,
s753803112,p02982,u771276542,1562821790,C++,C++14 (Clang 3.8.0),cpp,Accepted,8,888,729,
s128409501,p02982,u842076211,1562821428,C,C (GCC 5.4.1),c,Wrong Answer,1,128,1764,
s602871566,p02982,u970127238,1562821194,C++,C++14 (GCC 5.4.1),cpp,Accepted,1,256,797,
s947506951,p02982,u867320886,1562820573,Python,Python (3.4.3),py,Accepted,18,3060,216,
s380907585,p02982,u684625036,1562819098,Python,Python (3.4.3),py,Accepted,18,3064,505,
s916543529,p02982,u411965808,1562818668,Python,Python (2.7.6),py,Accepted,11,2692,418,
s322134015,p02982,u032189172,1562818482,C++,C++14 (GCC 5.4.1),cpp,Accepted,1,256,855,
s755964231,p02982,u999799597,1562817471,JavaScript,JavaScript (node.js v5.12),js,Wrong Answer,54,11468,671,
s550211936,p02982,u509688703,1562816254,Python,Python (3.4.3),py,Accepted,18,3064,288,
s576738347,p02982,u034671639,1562816110,C++,C++14 (GCC 5.4.1),cpp,Accepted,1,256,1270,
s214839978,p02982,u259335077,1562815723,C++,C++14 (GCC 5.4.1),cpp,Accepted,1,256,2394,
s697130695,p02982,u939585142,1562815635,Python,Python (3.4.3),py,Accepted,17,3064,321,
s160280650,p02982,u126823513,1562815147,Python,Python (3.4.3),py,Accepted,18,3060,361,
s573806643,p02982,u653388379,1562814999,C++,C++14 (GCC 5.4.1),cpp,Accepted,1,256,784,
s635092965,p02982,u102795616,1562814903,C++,C++14 (GCC 5.4.1),cpp,Accepted,1,256,458,
s889151859,p02982,u501243139,1562813640,C++,C++14 (GCC 5.4.1),cpp,Accepted,1,256,769,
s341250693,p02982,u353652911,1562812484,Python,Python (3.4.3),py,Accepted,18,3064,407,
s911327425,p02982,u727075088,1562812243,C++,C++14 (GCC 5.4.1),cpp,Accepted,1,256,568,
s024019725,p02982,u049685239,1562811687,C++,C++14 (GCC 5.4.1),cpp,Accepted,1,128,647,
s035634938,p02982,u443536265,1562810690,Python,Python (3.4.3),py,Accepted,21,3060,410,
s250622317,p02982,u248547447,1562810362,C++,C++14 (GCC 5.4.1),cpp,Accepted,1,256,733,
s884877661,p02982,u546656387,1562809797,C++,C++14 (GCC 5.4.1),cpp,Accepted,1,256,1312,
s630025205,p02982,u443536265,1562809087,Python,Python (3.4.3),py,Runtime Error,18,2940,488,
s694133900,p02982,u443536265,1562809019,Python,Python (3.4.3),py,Runtime Error,17,2940,370,
s843295373,p02982,u424110125,1562808831,C++,C++14 (GCC 5.4.1),cpp,Accepted,1,256,3779,
s000052101,p02982,u688126754,1562808450,Python,Python (3.4.3),py,Accepted,154,12424,412,
s595993730,p02982,u571969099,1562808046,Python,Python (3.4.3),py,Accepted,158,12480,343,
s854559469,p02982,u571969099,1562807961,Python,Python (3.4.3),py,Runtime Error,149,12488,343,
s548422390,p02982,u787146631,1562806209,C++,C++14 (GCC 5.4.1),cpp,Accepted,1,256,1120,
s151026014,p02982,u265065462,1562806085,C++,C++14 (GCC 5.4.1),cpp,Accepted,1,256,1284,
s119361790,p02982,u762160119,1562805545,Java,Java8 (OpenJDK 1.8.0),java,Accepted,107,21844,748,
s462017982,p02982,u523383024,1562805001,C++,C++14 (GCC 5.4.1),cpp,Accepted,3,256,906,
s065307726,p02982,u523383024,1562804923,C++,C++14 (GCC 5.4.1),cpp,Wrong Answer,1,256,934,
s722019525,p02982,u023229441,1562804664,Python,Python (3.4.3),py,Accepted,23,3064,241,
s220962006,p02982,u443536265,1562804573,Python,Python (3.4.3),py,Wrong Answer,18,3188,425,
s292313248,p02982,u443536265,1562803951,Python,Python (3.4.3),py,Wrong Answer,19,3188,424,
s319606263,p02982,u245154084,1562803628,Python,Python (3.4.3),py,Accepted,18,3064,491,
s920275158,p02982,u670567845,1562802284,Python,Python (3.4.3),py,Accepted,18,3064,324,
s432531945,p02982,u148451296,1562801641,C,C (GCC 5.4.1),c,Accepted,1,128,1165,
s896081334,p02982,u426683236,1562800740,C,C (GCC 5.4.1),c,Accepted,1,128,891,
s701827705,p02982,u760200622,1562797593,C++,C++14 (GCC 5.4.1),cpp,Accepted,1,256,1090,
s764516392,p02982,u760200622,1562797496,C++,C++14 (GCC 5.4.1),cpp,Wrong Answer,1,256,1090,
s040214620,p02982,u848129984,1562797065,C,C (GCC 5.4.1),c,Accepted,1,128,638,
s824627027,p02982,u646051775,1562796412,C++,C++14 (GCC 5.4.1),cpp,Accepted,1,256,611,
s098364895,p02982,u646051775,1562796160,C++,C++14 (GCC 5.4.1),cpp,Wrong Answer,1,256,609,
s323849726,p02982,u682271925,1562795989,Python,Python (3.4.3),py,Wrong Answer,21,3064,333,
s209752930,p02982,u593778400,1562795719,C++,C++14 (GCC 5.4.1),cpp,Accepted,1,256,671,
s247900160,p02982,u593778400,1562795642,C++,C++14 (GCC 5.4.1),cpp,Wrong Answer,3,384,644,
s645859074,p02982,u593778400,1562795511,C++,C++14 (GCC 5.4.1),cpp,Wrong Answer,1,256,690,
s648403005,p02982,u593778400,1562795439,C++,C++14 (GCC 5.4.1),cpp,Wrong Answer,1,256,661,
s926995166,p02982,u593778400,1562795378,C++,C++14 (GCC 5.4.1),cpp,Wrong Answer,1,256,661,
s316520089,p02982,u593778400,1562795234,C++,C++14 (GCC 5.4.1),cpp,Wrong Answer,1,256,653,
s237338196,p02982,u593778400,1562795080,C++,C++14 (GCC 5.4.1),cpp,Wrong Answer,1,256,644,
s093523366,p02982,u593778400,1562795019,C++,C++14 (GCC 5.4.1),cpp,Wrong Answer,1,256,635,
s706062054,p02982,u148451296,1562794991,C,C (GCC 5.4.1),c,Wrong Answer,2,128,782,
s835658002,p02982,u593778400,1562794962,C++,C++14 (GCC 5.4.1),cpp,Accepted,1,256,710,
s181722895,p02982,u593778400,1562794881,C++,C++14 (GCC 5.4.1),cpp,Wrong Answer,1,256,709,
s820691704,p02982,u593778400,1562794805,C++,C++14 (GCC 5.4.1),cpp,Compile Error,,,693,
s884667152,p02982,u571349379,1562794801,C,C (GCC 5.4.1),c,Accepted,1,128,933,
s378541246,p02982,u593778400,1562794768,C++,C++14 (GCC 5.4.1),cpp,Compile Error,,,690,
s390577121,p02982,u842076211,1562794662,C,C (GCC 5.4.1),c,Wrong Answer,1,128,2022,
s132806354,p02982,u593778400,1562794603,C++,C++14 (GCC 5.4.1),cpp,Accepted,2,256,713,
s098491718,p02982,u593778400,1562794576,C++,C++14 (GCC 5.4.1),cpp,Compile Error,,,716,
s556587849,p02982,u593778400,1562794543,C++,C++14 (GCC 5.4.1),cpp,Compile Error,,,716,
s467260971,p02982,u593778400,1562794425,C++,C++14 (GCC 5.4.1),cpp,Wrong Answer,1,256,685,
s178021480,p02982,u593778400,1562794348,C++,C++14 (GCC 5.4.1),cpp,Wrong Answer,1,256,686,
s990207489,p02982,u593778400,1562794266,C++,C++14 (GCC 5.4.1),cpp,Compile Error,,,687,
s535134922,p02982,u131033623,1562794243,C++,C++14 (GCC 5.4.1),cpp,Accepted,1,256,914,
s980532547,p02982,u593778400,1562794012,C++,C++14 (GCC 5.4.1),cpp,Wrong Answer,2,384,644,
s884329453,p02982,u974198484,1562793935,C,C (GCC 5.4.1),c,Wrong Answer,2103,128,922,
s234979385,p02982,u331302877,1562793765,C++,C++14 (Clang 3.8.0),cpp,Accepted,8,888,568,
s812204577,p02982,u124006347,1562793559,C,C (GCC 5.4.1),c,Accepted,1,128,995,
s457625252,p02982,u776221083,1562793100,C++,C++14 (GCC 5.4.1),cpp,Accepted,1,256,856,
s940032065,p02982,u751428191,1562793060,C++,C++14 (GCC 5.4.1),cpp,Accepted,1,256,577,
s980856726,p02982,u790614328,1562792367,C++,C++14 (GCC 5.4.1),cpp,Accepted,1,256,688,
s926324832,p02982,u790614328,1562792315,C++,C++14 (GCC 5.4.1),cpp,Wrong Answer,1,256,687,
s203994474,p02982,u124006347,1562792158,C,C (GCC 5.4.1),c,Runtime Error,96,256,911,
s395151869,p02982,u014397331,1562792062,C++,C++14 (GCC 5.4.1),cpp,Accepted,4,256,554,
s764752689,p02982,u124006347,1562792051,C,C (GCC 5.4.1),c,Runtime Error,98,128,908,
s315545109,p02982,u124006347,1562792000,C,C (GCC 5.4.1),c,Runtime Error,98,384,898,
s109799137,p02982,u671280153,1562790793,C,C (GCC 5.4.1),c,Accepted,1,128,953,
s664701590,p02982,u671280153,1562790458,C,C (GCC 5.4.1),c,Wrong Answer,1,128,939,
s318829620,p02982,u294829559,1562790161,C++,C++14 (GCC 5.4.1),cpp,Accepted,1,256,543,
s689390399,p02982,u124006347,1562789866,C,C (GCC 5.4.1),c,Runtime Error,99,128,1064,
s075622150,p02982,u671280153,1562789809,C,C (GCC 5.4.1),c,Wrong Answer,1,128,1057,
s394703112,p02982,u671280153,1562789705,C,C (GCC 5.4.1),c,Wrong Answer,1,128,1078,
s979866743,p02982,u671280153,1562789693,C,C (GCC 5.4.1),c,Wrong Answer,1,128,1078,
s531381564,p02982,u535871324,1562789231,C,C (GCC 5.4.1),c,Accepted,1,256,1325,
s304978397,p02982,u668650380,1562789026,C++,C++14 (GCC 5.4.1),cpp,Accepted,1,256,521,
s112128826,p02982,u671280153,1562788964,C,C (GCC 5.4.1),c,Wrong Answer,1,128,1003,
s044761530,p02982,u946810083,1562788959,C,C (GCC 5.4.1),c,Accepted,1,128,402,
s254327336,p02982,u651480702,1562788833,Python,Python (3.4.3),py,Accepted,152,12508,332,
s884178070,p02982,u616117610,1562788613,Python,Python (3.4.3),py,Accepted,18,3064,329,
s371798669,p02982,u593019570,1562788506,Python,Python (3.4.3),py,Accepted,18,3064,366,
s126340903,p02982,u616117610,1562788454,Python,Python (3.4.3),py,Wrong Answer,18,3064,327,
s704806140,p02982,u616117610,1562788296,Python,Python (3.4.3),py,Wrong Answer,17,3188,300,
s819479183,p02982,u535871324,1562788184,C,C (GCC 5.4.1),c,Wrong Answer,1,128,1394,
s335336438,p02982,u535871324,1562787812,C,C (GCC 5.4.1),c,Wrong Answer,2,384,1075,
s898855356,p02982,u593019570,1562787660,Python,Python (3.4.3),py,Runtime Error,18,2940,329,
s022374769,p02982,u346942560,1562787339,C++,C++14 (GCC 5.4.1),cpp,Accepted,1,256,881,
s783043261,p02982,u550014122,1562787219,C++,C++14 (GCC 5.4.1),cpp,Accepted,1,256,628,
s800276662,p02982,u960556579,1562787186,Python,Python (3.4.3),py,Wrong Answer,60,3064,663,
s455247624,p02982,u535871324,1562787133,C,C (GCC 5.4.1),c,Wrong Answer,2,256,945,
s377360354,p02982,u535871324,1562786943,C,C (GCC 5.4.1),c,Runtime Error,101,128,822,
s919461430,p02982,u535871324,1562786823,C,C (GCC 5.4.1),c,Runtime Error,102,128,684,
s516993556,p02982,u535871324,1562786723,C,C (GCC 5.4.1),c,Runtime Error,99,128,559,
s776018945,p02982,u285598935,1562786698,Python,Python (3.4.3),py,Accepted,18,3064,367,
s226637481,p02982,u232019618,1562786550,C,C (GCC 5.4.1),c,Accepted,1,128,636,
s168768040,p02982,u883391203,1562785949,C++,C++14 (GCC 5.4.1),cpp,Accepted,1,128,545,
s588811851,p02982,u883391203,1562785873,C++,C++14 (GCC 5.4.1),cpp,Wrong Answer,1,128,544,
s514048973,p02982,u883391203,1562785810,C++,C++14 (GCC 5.4.1),cpp,Wrong Answer,1,128,544,
s850676979,p02982,u273446375,1562785580,C++,C++14 (GCC 5.4.1),cpp,Accepted,1,256,1034,
s342124401,p02982,u273446375,1562785473,C++,C++14 (GCC 5.4.1),cpp,Wrong Answer,1,256,1033,
s331659099,p02982,u273446375,1562785402,C++,C++14 (GCC 5.4.1),cpp,Wrong Answer,1,256,1034,
s966937796,p02982,u636684559,1562785379,Python,Python (3.4.3),py,Accepted,18,3064,393,
s857191094,p02982,u580792230,1562785047,C++,C++14 (GCC 5.4.1),cpp,Accepted,1,128,469,
s941359586,p02982,u904131021,1562784062,C++,C++14 (GCC 5.4.1),cpp,Accepted,1,256,573,
s328637363,p02982,u530606147,1562783658,C++,C++14 (GCC 5.4.1),cpp,Accepted,1,256,2593,
s416664012,p02982,u653482689,1562781235,C++,C++14 (GCC 5.4.1),cpp,Wrong Answer,1,256,666,
s390972858,p02982,u653482689,1562781155,C++,C++14 (GCC 5.4.1),cpp,Wrong Answer,1,256,653,
s552702513,p02982,u910199116,1562780772,C++,C++14 (GCC 5.4.1),cpp,Accepted,1,256,649,
s869637899,p02982,u539402331,1562780426,C++,C++14 (GCC 5.4.1),cpp,Accepted,1,256,1795,
s098269403,p02982,u889915625,1562778837,C++,C++14 (GCC 5.4.1),cpp,Wrong Answer,2,256,860,
s934519271,p02982,u889915625,1562778755,C++,C++14 (GCC 5.4.1),cpp,Compile Error,,,860,
s109026691,p02982,u549268855,1562778582,C++,C++14 (GCC 5.4.1),cpp,Accepted,1,256,742,
s515227641,p02982,u630664279,1562776798,C++,C++14 (GCC 5.4.1),cpp,Accepted,1,256,508,
s670004614,p02982,u046187684,1562772904,Python,Python (3.4.3),py,Accepted,341,19892,386,
s863174568,p02982,u634342027,1562772817,Ruby,Ruby (2.3.3),rb,Accepted,7,1788,367,
s739038871,p02982,u925567828,1562771869,Python,Python (3.4.3),py,Accepted,18,3064,315,
s845156613,p02982,u316401642,1562771681,Python,Python (3.4.3),py,Accepted,247,17864,298,
s971384414,p02982,u925567828,1562771662,Python,Python (3.4.3),py,Wrong Answer,17,3064,316,
s291163393,p02982,u818078165,1562771658,Python,Python (3.4.3),py,Accepted,18,3064,424,
s125411369,p02982,u925567828,1562771565,Python,Python (3.4.3),py,Runtime Error,17,2940,316,
s897979340,p02982,u925567828,1562771449,Python,Python (3.4.3),py,Wrong Answer,18,3060,316,
s860547052,p02982,u191196346,1562769675,Ruby,Ruby (2.3.3),rb,Accepted,10,2044,265,
s602889846,p02982,u574053975,1562769061,Python,Python (3.4.3),py,Accepted,18,3064,273,
s190201494,p02982,u562541930,1562768646,Python,Python (3.4.3),py,Accepted,19,3064,620,
s049875954,p02982,u538853954,1562768568,C++,C++14 (GCC 5.4.1),cpp,Accepted,1,256,518,
s225549493,p02982,u538853954,1562768494,C++,C++14 (GCC 5.4.1),cpp,Wrong Answer,1,256,506,
s987580139,p02982,u538853954,1562768438,C++,C++14 (GCC 5.4.1),cpp,Compile Error,,,513,
s158638747,p02982,u538853954,1562768195,C++,C++14 (GCC 5.4.1),cpp,Wrong Answer,1,256,516,
s595779216,p02982,u538853954,1562768156,C++,C++14 (GCC 5.4.1),cpp,Compile Error,,,517,
s595079191,p02982,u128513271,1562763936,C++,C++14 (GCC 5.4.1),cpp,Accepted,1,256,536,
s468941523,p02982,u559250296,1562761741,Java,Java7 (OpenJDK 1.7.0),java,Accepted,127,23380,997,
s751835734,p02982,u037276799,1562757956,C++,C++14 (GCC 5.4.1),cpp,Accepted,1,256,671,
s908565495,p02982,u037276799,1562757840,C++,C++14 (GCC 5.4.1),cpp,Accepted,1,256,581,
s467452378,p02982,u706730549,1562756477,C++,C++14 (GCC 5.4.1),cpp,Accepted,1,256,928,
s585420621,p02982,u428397309,1562742283,Python,Python (3.4.3),py,Accepted,18,3064,351,
s780482732,p02982,u480831358,1562741443,Go,Go (1.6),go,Accepted,1,640,3201,
s662442141,p02982,u863673790,1562740006,Python,Python (3.4.3),py,Accepted,35,3064,471,
s990973305,p02982,u468700753,1562738864,C++,C++14 (GCC 5.4.1),cpp,Accepted,1,256,990,
s371154774,p02982,u468700753,1562738834,C++,C++14 (GCC 5.4.1),cpp,Runtime Error,97,256,990,
s194110149,p02982,u125046593,1562738352,C++,C++14 (GCC 5.4.1),cpp,Accepted,1,256,964,
s969567356,p02982,u055221623,1562737378,C++,C++14 (GCC 5.4.1),cpp,Accepted,1,256,629,
s026866366,p02982,u407311141,1562735680,Python,Python (3.4.3),py,Accepted,59,3060,328,
s295763199,p02982,u273446375,1562734120,C++,C++14 (GCC 5.4.1),cpp,Wrong Answer,1,256,1006,
s285299654,p02982,u927353192,1562734003,C++,C++14 (GCC 5.4.1),cpp,Accepted,1,256,531,
s516271560,p02982,u273446375,1562733958,C++,C++14 (GCC 5.4.1),cpp,Compile Error,,,1041,
s368720805,p02982,u181431922,1562733191,C++,C++14 (GCC 5.4.1),cpp,Accepted,1,384,627,
s428348129,p02982,u932465688,1562731527,Python,Python (3.4.3),py,Accepted,17,3064,309,
s668073650,p02982,u196909697,1562730879,Python,Python (3.4.3),py,Accepted,18,3064,377,
s003896943,p02982,u422831867,1562730541,C++,C++14 (GCC 5.4.1),cpp,Accepted,1,256,613,
s296663493,p02982,u282228874,1562730169,C++,C++14 (GCC 5.4.1),cpp,Accepted,1,256,498,
s328583895,p02982,u798871113,1562729815,Haskell,Haskell (GHC 7.10.3),hs,Accepted,11,1020,450,
s562539754,p02982,u032223772,1562729002,C++,C++14 (GCC 5.4.1),cpp,Accepted,1,256,982,
s999736411,p02982,u583276018,1562728940,Python,Python (3.4.3),py,Accepted,18,3064,399,
s141139250,p02982,u583276018,1562728859,Python,Python (3.4.3),py,Runtime Error,18,3064,386,
s130856686,p02982,u943860385,1562728243,C++,C++ (GCC 5.4.1),cpp,Accepted,1,256,363,
s049616673,p02982,u418180220,1562727982,Python,Python (3.4.3),py,Accepted,20,3188,429,
s221521219,p02982,u656753546,1562727804,C++,C++14 (GCC 5.4.1),cpp,Accepted,1,256,716,
s779778372,p02982,u505830998,1562727464,Python,Python (3.4.3),py,Accepted,18,3064,505,
s898097883,p02982,u505830998,1562727323,Python,Python (3.4.3),py,Wrong Answer,18,3064,504,
s566023105,p02982,u668503853,1562726753,Python,Python (3.4.3),py,Accepted,31,3060,306,
s120541562,p02982,u549497563,1562726530,Python,Python (3.4.3),py,Accepted,18,3064,323,
s309472768,p02982,u549497563,1562726327,Python,Python (3.4.3),py,Runtime Error,17,3064,304,
s762422927,p02982,u834497682,1562725986,Java,Java8 (OpenJDK 1.8.0),java,Accepted,116,23252,885,
s164554656,p02982,u350412774,1562725807,Python,Python (2.7.6),py,Accepted,239,17032,507,
s289594251,p02982,u350412774,1562725739,Python,Python (2.7.6),py,Wrong Answer,269,16260,505,
s293954043,p02982,u808427016,1562725293,Python,PyPy3 (2.4.0),py,Accepted,168,38384,331,
s560168081,p02982,u061912210,1562725219,C++,C++ (GCC 5.4.1),cpp,Accepted,1,256,682,
s306059032,p02982,u061912210,1562725104,C++,C++ (GCC 5.4.1),cpp,Runtime Error,99,256,684,
s074761953,p02982,u061912210,1562724996,C++,C++ (GCC 5.4.1),cpp,Runtime Error,97,384,682,
s024186351,p02982,u340980616,1562724952,C++,C++14 (GCC 5.4.1),cpp,Accepted,1,256,856,
s459780954,p02982,u834497682,1562724327,Java,Java8 (OpenJDK 1.8.0),java,Wrong Answer,112,21972,883,
s552911238,p02982,u428138331,1562724207,C++,C++14 (GCC 5.4.1),cpp,Accepted,1,256,813,
s105242594,p02982,u645561303,1562723233,C++,C++14 (GCC 5.4.1),cpp,Accepted,1,128,639,
s193002519,p02982,u619785253,1562723032,Python,Python (3.4.3),py,Wrong Answer,151,12504,498,
s470727918,p02982,u970050572,1562721942,Pascal,Pascal (FPC 2.6.2),pas,Accepted,0,128,551,
s180454141,p02982,u447706255,1562719932,C++,C++14 (GCC 5.4.1),cpp,Runtime Error,100,256,578,
s450678018,p02982,u076865901,1562719591,C++,C++14 (GCC 5.4.1),cpp,Accepted,1,256,1164,
s920365700,p02982,u030090262,1562719470,C++,C++14 (GCC 5.4.1),cpp,Accepted,1,256,768,
s675380510,p02982,u447706255,1562719318,C++,C++14 (GCC 5.4.1),cpp,Runtime Error,99,256,576,
s872601950,p02982,u418535691,1562719174,C++,C++14 (GCC 5.4.1),cpp,Accepted,1,128,788,
s951716924,p02982,u418535691,1562719103,C++,C++14 (GCC 5.4.1),cpp,Compile Error,,,602,
s854686394,p02982,u697987631,1562718710,C++,C++14 (GCC 5.4.1),cpp,Accepted,1,256,740,
s382286932,p02982,u944015274,1562718268,Python,Python (3.4.3),py,Runtime Error,2104,3316,458,
s037880622,p02982,u944015274,1562718150,Python,Python (3.4.3),py,Runtime Error,19,3064,422,
s750830872,p02982,u944015274,1562718084,Python,Python (3.4.3),py,Runtime Error,17,3064,422,
s517624598,p02982,u239830310,1562717784,Python,Python (3.4.3),py,Accepted,25,3060,265,
s251836547,p02982,u775507068,1562717246,C++,C++14 (GCC 5.4.1),cpp,Accepted,1,256,1359,
s326744024,p02982,u775507068,1562716827,C++,C++14 (GCC 5.4.1),cpp,Time Limit Exceeded,2103,256,1358,
s458482599,p02982,u633020228,1562715421,C++,C++14 (GCC 5.4.1),cpp,Accepted,1,256,1267,
s970964423,p02982,u633020228,1562715392,C++,C++14 (GCC 5.4.1),cpp,Wrong Answer,1,256,1266,
s411537391,p02982,u420514616,1562714077,C++,C++14 (GCC 5.4.1),cpp,Accepted,1,256,584,
s583556061,p02982,u420514616,1562713820,C++,C++14 (GCC 5.4.1),cpp,Accepted,1,256,585,
s894213956,p02982,u981957299,1562713811,C++,C++14 (GCC 5.4.1),cpp,Accepted,1,256,516,
s187962720,p02982,u420514616,1562713670,C++,C++14 (GCC 5.4.1),cpp,Wrong Answer,1,256,593,
s932669987,p02982,u420514616,1562713524,C++,C++14 (GCC 5.4.1),cpp,Wrong Answer,616,256,592,
s168824945,p02982,u619535866,1562713284,C,C (GCC 5.4.1),c,Accepted,1,128,516,
s516617472,p02982,u159757494,1562713281,C++,C++14 (Clang 3.8.0),cpp,Accepted,1,256,3500,
s821386245,p02982,u420514616,1562713206,C++,C++14 (GCC 5.4.1),cpp,Compile Error,,,589,
s017077030,p02982,u420514616,1562713146,C++,C++14 (GCC 5.4.1),cpp,Compile Error,,,588,
s093282036,p02982,u420514616,1562712399,C++,C++14 (GCC 5.4.1),cpp,Compile Error,,,588,
s325252150,p02982,u010004797,1562712332,C++,C++14 (GCC 5.4.1),cpp,Accepted,1,384,2431,
s473119487,p02982,u212218082,1562712131,C++,C++14 (GCC 5.4.1),cpp,Accepted,1,256,603,
s291020116,p02982,u258475646,1562711047,C++,C++14 (GCC 5.4.1),cpp,Wrong Answer,1,256,434,
s959828127,p02982,u815878613,1562710659,Python,Python (3.4.3),py,Accepted,164,13176,383,
s360787164,p02982,u526278960,1562710633,C,C (GCC 5.4.1),c,Accepted,1,128,766,
s476637795,p02982,u062908837,1562709773,C++,C++14 (GCC 5.4.1),cpp,Accepted,1,256,2177,
s384579450,p02982,u258475646,1562709610,C++,C++14 (GCC 5.4.1),cpp,Wrong Answer,1,256,418,
s033262804,p02982,u903396129,1562709487,Objective-C,Objective-C (Clang3.8.0),m,Accepted,11,2164,1163,
s626174101,p02982,u258475646,1562709486,C++,C++14 (GCC 5.4.1),cpp,Runtime Error,97,256,411,
s171841961,p02982,u258475646,1562709435,C++,C++14 (GCC 5.4.1),cpp,Compile Error,,,417,
s227856243,p02982,u845133682,1562709334,C++,C++14 (GCC 5.4.1),cpp,Accepted,1,256,703,
s169216643,p02982,u258475646,1562709307,C++,C++14 (GCC 5.4.1),cpp,Compile Error,,,403,
s761577466,p02982,u634342027,1562709297,Ruby,Ruby (2.3.3),rb,Wrong Answer,9,1916,529,
s238839836,p02982,u994985556,1562708235,Python,Python (3.4.3),py,Accepted,18,3060,370,
s444284581,p02982,u917101497,1562708158,Python,Python (3.4.3),py,Accepted,24,3064,415,
s193026020,p02982,u875769753,1562707961,Python,Python (3.4.3),py,Accepted,18,3064,325,
s612057745,p02982,u996003680,1562707258,C++,C++14 (GCC 5.4.1),cpp,Accepted,1,256,4533,
s461873031,p02982,u466318894,1562707140,C++,C++14 (GCC 5.4.1),cpp,Accepted,2,256,647,
s814979921,p02982,u466318894,1562706770,C++,C++14 (GCC 5.4.1),cpp,Wrong Answer,1,256,645,
s300050458,p02982,u913444337,1562706727,Ruby,Ruby (2.3.3),rb,Accepted,7,1916,325,
s784668809,p02982,u286539644,1562706032,C++,C++14 (GCC 5.4.1),cpp,Accepted,1,256,544,
s974258410,p02982,u833841247,1562705833,C,C (Clang 3.8.0),c,Accepted,1,128,626,
s203641888,p02982,u833841247,1562705666,C,C (Clang 3.8.0),c,Wrong Answer,1,128,620,
s871912295,p02982,u283869437,1562705646,Perl,Perl (v5.18.2),pl,Accepted,6,1024,94,
s220167985,p02982,u268977772,1562705431,C++,C++14 (GCC 5.4.1),cpp,Accepted,1,256,672,
s080716235,p02982,u677149117,1562705368,C++,C++14 (GCC 5.4.1),cpp,Accepted,4,1400,1345,
s705679495,p02982,u078595517,1562705113,C++,C++14 (GCC 5.4.1),cpp,Accepted,1,256,618,
s697910040,p02982,u283869437,1562705088,Perl,Perl (v5.18.2),pl,Accepted,6,896,97,
s336498237,p02982,u662918817,1562704816,C++,C++14 (GCC 5.4.1),cpp,Accepted,1,256,817,
s797592679,p02982,u194575259,1562703521,C++,C++14 (GCC 5.4.1),cpp,Accepted,1,256,1032,
s412092190,p02982,u466318894,1562703362,C++,C++14 (GCC 5.4.1),cpp,Wrong Answer,3,384,606,
s044735171,p02982,u466318894,1562703326,C++,C++14 (GCC 5.4.1),cpp,Compile Error,,,606,
s193840683,p02982,u520409849,1562703282,C++,C++14 (Clang 3.8.0),cpp,Accepted,1,256,511,
s221305036,p02982,u517400195,1562703036,C#,C# (Mono 4.6.2.0),cs,Accepted,21,13140,787,
s961648142,p02982,u917558625,1562703015,Python,Python (3.4.3),py,Accepted,17,3064,357,
s192015050,p02982,u198062737,1562702956,Java,Java8 (OpenJDK 1.8.0),java,Accepted,120,23252,658,
s470079962,p02982,u734473573,1562702927,C++,C++14 (GCC 5.4.1),cpp,Accepted,1,256,969,
s743203140,p02982,u491153752,1562702677,C++,C++14 (GCC 5.4.1),cpp,Accepted,1,256,2493,
s523267658,p02982,u436982376,1562702133,Python,Python (3.4.3),py,Accepted,18,3064,423,
s152881300,p02982,u265626775,1562702117,C++,C++14 (GCC 5.4.1),cpp,Accepted,1,256,2501,
s970590285,p02982,u583717155,1562701684,C#,C# (Mono 4.6.2.0),cs,Accepted,25,13396,2096,
s975504927,p02982,u927530154,1562701393,Python,Python (3.4.3),py,Accepted,19,3064,415,
s423903701,p02982,u841111730,1562701186,C++,C++14 (GCC 5.4.1),cpp,Accepted,1,256,451,
s560747386,p02982,u391752022,1562700496,C++,C++14 (GCC 5.4.1),cpp,Accepted,1,256,683,
s798137008,p02982,u038803010,1562700299,C++,C++14 (GCC 5.4.1),cpp,Accepted,1,128,476,
s273878407,p02982,u691912637,1562700291,C++,C++14 (GCC 5.4.1),cpp,Accepted,1,128,540,
s898472420,p02982,u038803010,1562700039,C++,C++14 (GCC 5.4.1),cpp,Wrong Answer,1,128,466,
s828739893,p02982,u993619636,1562700027,C++,C++14 (GCC 5.4.1),cpp,Accepted,1,256,581,
s362556695,p02982,u038803010,1562699940,C++,C++14 (GCC 5.4.1),cpp,Compile Error,,,465,
s501018396,p02982,u299647642,1562699838,C++,C++14 (GCC 5.4.1),cpp,Accepted,1,128,533,
s773859531,p02982,u726092272,1562699255,C++,C++14 (GCC 5.4.1),cpp,Accepted,1,384,1463,
s750583933,p02982,u726092272,1562699222,C++,C++14 (GCC 5.4.1),cpp,Compile Error,,,1446,
s604266780,p02982,u844789719,1562698787,Python,Python (3.4.3),py,Accepted,154,12576,301,
s680595545,p02982,u989928804,1562698230,C++,C++14 (GCC 5.4.1),cpp,Accepted,1,256,631,
s802311949,p02982,u753736100,1562698078,C++,C++14 (GCC 5.4.1),cpp,Accepted,1,256,1770,
s975508743,p02982,u843522325,1562697166,C++,C++14 (GCC 5.4.1),cpp,Accepted,1,256,820,
s694421591,p02982,u378171362,1562695847,Python,Python (3.4.3),py,Accepted,18,3064,448,
s477783551,p02982,u281432079,1562694885,C++,C++14 (GCC 5.4.1),cpp,Accepted,1,256,648,
s439024707,p02982,u908383794,1562694766,Python,Python (3.4.3),py,Accepted,18,3064,394,
s060025482,p02982,u281432079,1562694503,C++,C++14 (GCC 5.4.1),cpp,Wrong Answer,1,256,625,
s215632269,p02982,u642502885,1562694400,C++,C++14 (GCC 5.4.1),cpp,Accepted,1,256,653,
s738323892,p02982,u281432079,1562694399,C++,C++14 (GCC 5.4.1),cpp,Wrong Answer,1,256,604,
s325354124,p02982,u281432079,1562693997,C++,C++14 (GCC 5.4.1),cpp,Wrong Answer,1,256,599,
s003144079,p02982,u281432079,1562693831,C++,C++14 (GCC 5.4.1),cpp,Wrong Answer,1,256,592,
s860349759,p02982,u281432079,1562693650,C++,C++14 (GCC 5.4.1),cpp,Wrong Answer,1,256,587,
s421684571,p02982,u658899890,1562693104,C++,C++14 (GCC 5.4.1),cpp,Accepted,1,256,1172,
s991609642,p02982,u424467986,1562692113,JavaScript,JavaScript (node.js v5.12),js,Accepted,54,7500,1054,
s132250428,p02982,u574418428,1562691837,C++,C++14 (GCC 5.4.1),cpp,Accepted,1,256,578,
s499790300,p02982,u314057689,1562691488,C++,C++14 (GCC 5.4.1),cpp,Accepted,1,256,2222,
s351292535,p02982,u805227991,1562691485,C++,C++14 (GCC 5.4.1),cpp,Accepted,1,256,512,
s126835163,p02982,u805227991,1562691260,C++,C++14 (GCC 5.4.1),cpp,Wrong Answer,1,256,496,
s187345662,p02982,u195912432,1562690942,PHP,PHP7 (7.0.15),php,Accepted,9,4604,466,
s432912593,p02982,u777028980,1562690626,Python,Python (3.4.3),py,Accepted,18,3064,291,
s208888887,p02982,u427681070,1562690312,C++,C++14 (GCC 5.4.1),cpp,Compile Error,,,942,
s121038906,p02982,u650591877,1562690301,Java,Java8 (OpenJDK 1.8.0),java,Accepted,109,21972,732,
s802886185,p02982,u036340997,1562689592,Python,Python (3.4.3),py,Accepted,18,3064,362,
s007068842,p02982,u835500878,1562687742,C,C (GCC 5.4.1),c,Wrong Answer,1,128,461,
s143203603,p02982,u352604942,1562687687,C++,C++14 (GCC 5.4.1),cpp,Accepted,2,256,651,
s668117468,p02982,u407416173,1562686431,C++,C++14 (GCC 5.4.1),cpp,Accepted,1,256,631,
s036790706,p02982,u407416173,1562686217,C++,C++14 (GCC 5.4.1),cpp,Runtime Error,97,256,650,
s551711955,p02982,u218759384,1562685916,C++,C++14 (GCC 5.4.1),cpp,Accepted,1,256,1035,
s283712849,p02982,u890465662,1562685737,C++,C++14 (GCC 5.4.1),cpp,Accepted,1,256,9653,
s872021672,p02982,u890465662,1562685529,C++,C++14 (GCC 5.4.1),cpp,Wrong Answer,1,256,9635,
s265291551,p02982,u890465662,1562685487,C++,C++14 (GCC 5.4.1),cpp,Wrong Answer,1,256,9629,
s422881039,p02982,u890465662,1562685457,C++,C++14 (GCC 5.4.1),cpp,Wrong Answer,1,256,9624,
s180747503,p02982,u425351967,1562685053,C++,C++14 (GCC 5.4.1),cpp,Accepted,1,256,700,
s087019710,p02982,u878615689,1562685042,C++,C++14 (GCC 5.4.1),cpp,Accepted,1,256,1751,
s370846570,p02982,u422104747,1562684367,Python,PyPy3 (2.4.0),py,Accepted,164,38384,281,
s694095721,p02982,u609576113,1562683894,C++,C++14 (GCC 5.4.1),cpp,Accepted,2,256,688,
s574812694,p02982,u609576113,1562683865,C++,C++14 (GCC 5.4.1),cpp,Compile Error,,,687,
s056745736,p02982,u241159494,1562683350,C++,C++14 (GCC 5.4.1),cpp,Accepted,1,256,509,
s006572275,p02982,u767432305,1562680960,Python,Python (3.4.3),py,Accepted,20,3064,361,
s035876119,p02982,u183971632,1562680516,C++,C++14 (GCC 5.4.1),cpp,Accepted,1,256,847,
s333868012,p02982,u227307124,1562680298,Java,Java8 (OpenJDK 1.8.0),java,Accepted,81,21332,2375,
s666559513,p02982,u164300951,1562680139,C++,C++14 (GCC 5.4.1),cpp,Accepted,1,256,2466,
s728810960,p02982,u877476774,1562680092,C++,C++14 (GCC 5.4.1),cpp,Accepted,1,256,735,
s930810929,p02982,u525522160,1562678691,C++,C++14 (GCC 5.4.1),cpp,Accepted,1,256,567,
s310624586,p02982,u040599127,1562678594,C++,C++14 (GCC 5.4.1),cpp,Accepted,1,256,1724,
s577696989,p02982,u525522160,1562677804,C++,C++14 (GCC 5.4.1),cpp,Wrong Answer,1,256,567,
s282854993,p02982,u525522160,1562677466,C++,C++14 (GCC 5.4.1),cpp,Wrong Answer,1,256,552,
s427938438,p02982,u871700568,1562676089,C++,C++14 (GCC 5.4.1),cpp,Accepted,1,256,871,
s313371263,p02982,u649464963,1562674480,JavaScript,JavaScript (node.js v5.12),js,Accepted,55,7372,907,
s547576435,p02982,u731175398,1562671831,C++,C++14 (GCC 5.4.1),cpp,Accepted,1,256,423,
s679452150,p02982,u461993794,1562671795,Go,Go (1.6),go,Accepted,1,512,511,
s303102333,p02982,u731175398,1562671531,C++,C++14 (GCC 5.4.1),cpp,Wrong Answer,1,256,409,
s537951550,p02982,u729133443,1562670649,Julia,Julia (0.5.0),jl,Accepted,576,121264,142,
s833539860,p02982,u465317453,1562669829,C++,C++14 (GCC 5.4.1),cpp,Accepted,1,256,2558,
s885843875,p02982,u500655940,1562668154,Python,Python (3.4.3),py,Accepted,18,3064,323,
s523778768,p02982,u217252547,1562667744,Java,Java8 (OpenJDK 1.8.0),java,Accepted,73,21204,7655,
s961283169,p02982,u071203963,1562667345,C++,C++14 (GCC 5.4.1),cpp,Accepted,1,256,526,
s128406037,p02982,u456070059,1562662761,C++,C++14 (GCC 5.4.1),cpp,Accepted,1,256,1518,
s411646005,p02982,u920161031,1562662612,C++,C++14 (GCC 5.4.1),cpp,Accepted,1,256,2354,
s824896149,p02982,u642276427,1562662297,Kotlin,Kotlin (1.0.0),kt,Accepted,499,84752,977,
s152517434,p02982,u842407954,1562662248,C++,C++14 (GCC 5.4.1),cpp,Accepted,1,256,675,
s593163327,p02982,u281055657,1562662012,C,C (GCC 5.4.1),c,Wrong Answer,1,128,477,
s809778340,p02982,u281055657,1562661285,C,C (GCC 5.4.1),c,Wrong Answer,1,128,465,
s951672407,p02982,u404173371,1562659120,C++,C++14 (GCC 5.4.1),cpp,Accepted,1,256,516,
s616594965,p02982,u963102763,1562655173,C++,C++14 (GCC 5.4.1),cpp,Accepted,1,256,710,
s158262239,p02982,u157886944,1562654652,C++,C++14 (GCC 5.4.1),cpp,Accepted,1,256,1099,
s801772093,p02982,u945453649,1562654552,C++,C++ (GCC 5.4.1),cpp,Compile Error,,,1567,
s950975194,p02982,u157886944,1562654537,C++,C++14 (GCC 5.4.1),cpp,Wrong Answer,1,256,1067,
s655589806,p02982,u001618538,1562653499,Java,Java8 (OpenJDK 1.8.0),java,Accepted,109,21844,810,
s279685383,p02982,u001618538,1562653453,Java,Java8 (OpenJDK 1.8.0),java,Compile Error,,,789,
s357725743,p02982,u876875284,1562653339,C++,C++14 (GCC 5.4.1),cpp,Accepted,1,256,718,
s517657852,p02982,u060896757,1562653335,C++,C++14 (GCC 5.4.1),cpp,Accepted,1,256,1480,
s585933579,p02982,u807864121,1562652180,Python,Python (3.4.3),py,Accepted,24,3060,263,
s392613359,p02982,u642276427,1562652119,Kotlin,Kotlin (1.0.0),kt,Accepted,1400,141272,969,
s748681659,p02982,u642276427,1562651952,Kotlin,Kotlin (1.0.0),kt,Runtime Error,158,31388,950,
s208828801,p02982,u372152025,1562650393,C++,C++14 (GCC 5.4.1),cpp,Accepted,1,256,1254,
s325166142,p02982,u404706753,1562649962,C++,C++14 (GCC 5.4.1),cpp,Accepted,1,256,483,
s592969141,p02982,u929479967,1562649925,C++,C++14 (Clang 3.8.0),cpp,Accepted,1,256,811,
s135153517,p02982,u947008426,1562649515,Scala,Scala (2.11.7),scala,Accepted,348,27336,737,
s462683010,p02982,u263859746,1562649122,C++,C++14 (GCC 5.4.1),cpp,Accepted,1,256,547,
s566217244,p02982,u657541767,1562648352,Python,Python (3.4.3),py,Accepted,18,3064,456,
s755479648,p02982,u535882029,1562648338,Python,Python (3.4.3),py,Accepted,17,3064,322,
s566085192,p02982,u987170100,1562647962,Python,Python (3.4.3),py,Accepted,149,12428,361,
s271277733,p02982,u020799651,1562647899,C++,C++14 (GCC 5.4.1),cpp,Accepted,1,640,4720,
s220843479,p02982,u222643751,1562647799,Python,Python (3.4.3),py,Accepted,18,3064,358,
s836176660,p02982,u301908263,1562647748,Python,Python (3.4.3),py,Accepted,18,3064,499,
s152514948,p02982,u314089899,1562647245,Python,Python (3.4.3),py,Accepted,18,3064,461,
s532510843,p02982,u571364079,1562646513,C++,C++14 (GCC 5.4.1),cpp,Accepted,1,256,706,
s071143836,p02982,u014724123,1562646440,Python,Python (3.4.3),py,Accepted,149,12504,342,
s453256177,p02982,u014724123,1562646259,Python,Python (3.4.3),py,Accepted,149,14436,382,
s881999705,p02982,u014724123,1562646124,Python,Python (3.4.3),py,Wrong Answer,152,12504,375,
s330634635,p02982,u353579745,1562645427,Python,Python (3.4.3),py,Accepted,17,3064,348,
s382066734,p02982,u060049558,1562645038,C++,C++14 (GCC 5.4.1),cpp,Accepted,1,256,1253,
s050481614,p02982,u692207013,1562644340,C++,C++14 (GCC 5.4.1),cpp,Accepted,1,256,488,
s805657739,p02982,u945359338,1562644323,C++,C++14 (GCC 5.4.1),cpp,Accepted,1,256,482,
s716823621,p02982,u905270643,1562643846,C++,C++14 (GCC 5.4.1),cpp,Accepted,1,256,695,
s432424512,p02982,u072526305,1562643736,C++,C++14 (GCC 5.4.1),cpp,Accepted,1,256,935,
s905525549,p02982,u731028462,1562642813,Python,Python (3.4.3),py,Accepted,150,13284,311,
s112960227,p02982,u587292349,1562642240,C++,C++14 (GCC 5.4.1),cpp,Accepted,1,256,632,
s350584169,p02982,u394482932,1562642177,C++,C++14 (GCC 5.4.1),cpp,Accepted,1,256,849,
s535502414,p02982,u466393447,1562642111,C++,C++14 (GCC 5.4.1),cpp,Accepted,1,256,879,
s739775415,p02982,u462329577,1562641585,Python,Python (3.4.3),py,Accepted,18,3316,478,
s681729157,p02982,u306142032,1562641366,C++,C++14 (GCC 5.4.1),cpp,Accepted,1,256,613,
s581992727,p02982,u791593901,1562641336,Python,PyPy3 (2.4.0),py,Accepted,173,38896,360,
s017130750,p02982,u066369439,1562641079,C++,C++14 (GCC 5.4.1),cpp,Accepted,1,256,1684,
s417703740,p02982,u819939299,1562641031,Ruby,Ruby (2.3.3),rb,Accepted,7,1788,215,
s562507324,p02982,u795990458,1562640661,Java,Java8 (OpenJDK 1.8.0),java,Accepted,110,23764,842,
s525532273,p02982,u397037010,1562640306,C++,C++14 (GCC 5.4.1),cpp,Accepted,2,512,2578,
s529846567,p02982,u038657704,1562640028,Python,Python (3.4.3),py,Accepted,17,3064,624,
s701232817,p02982,u211898893,1562640014,C++,C++14 (GCC 5.4.1),cpp,Accepted,1,256,750,
s449194368,p02982,u211898893,1562639964,C++,C++14 (GCC 5.4.1),cpp,Compile Error,,,734,
s337001751,p02982,u211898893,1562639903,C++,C++14 (GCC 5.4.1),cpp,Compile Error,,,728,
s012121894,p02982,u021423660,1562639788,C++,C++14 (GCC 5.4.1),cpp,Accepted,1,256,466,
s502839505,p02982,u780084596,1562639582,C++,C++14 (GCC 5.4.1),cpp,Accepted,1,256,1224,
s404485844,p02982,u489197691,1562639557,C++,C++14 (GCC 5.4.1),cpp,Accepted,1,256,1068,
s222614497,p02982,u038657704,1562639495,Python,Python (3.4.3),py,Runtime Error,18,3064,613,
s324895857,p02982,u883325972,1562639221,C,C (GCC 5.4.1),c,Accepted,1,128,1204,
s904678566,p02982,u687044304,1562638560,Python,Python (3.4.3),py,Accepted,18,3064,520,
s964752226,p02982,u703712147,1562638199,Python,Python (3.4.3),py,Accepted,17,3064,408,
s817202599,p02982,u514760660,1562637993,C++,C++14 (GCC 5.4.1),cpp,Accepted,1,256,1046,
s706843218,p02982,u716566635,1562637952,C++,C++14 (GCC 5.4.1),cpp,Accepted,1,256,957,
s895330689,p02982,u848647227,1562637944,Python,Python (3.4.3),py,Accepted,61,3064,359,
s826145193,p02982,u288948615,1562637918,Python,Python (3.4.3),py,Accepted,18,3064,313,
s956654456,p02982,u327687161,1562637880,C++,C++14 (Clang 3.8.0),cpp,Accepted,1,256,705,
s679023805,p02982,u390429134,1562637765,C++,C++14 (GCC 5.4.1),cpp,Accepted,1,128,607,
s298329749,p02982,u848647227,1562637715,Python,Python (3.4.3),py,Wrong Answer,17,3064,366,
s370178115,p02982,u870164956,1562637685,Python,Python (3.4.3),py,Accepted,1270,15792,282,
s267802372,p02982,u848647227,1562637442,Python,Python (3.4.3),py,Wrong Answer,18,3064,366,
s104676093,p02982,u305366205,1562637425,Python,Python (3.4.3),py,Accepted,154,12428,330,
s303890740,p02982,u166696759,1562637361,C++,C++14 (GCC 5.4.1),cpp,Accepted,2,768,1624,
s451056761,p02982,u769569814,1562637317,C++,C++14 (GCC 5.4.1),cpp,Accepted,1,256,464,
s068562347,p02982,u782098901,1562637211,C++,C++14 (GCC 5.4.1),cpp,Accepted,1,256,581,
s926567080,p02982,u484703930,1562637136,Fortran,Fortran (gfortran v4.8.4),f,Accepted,1,256,3189,
s984510887,p02982,u278278558,1562637129,PHP,PHP7 (7.0.15),php,Accepted,9,4604,482,
s358525415,p02982,u484703930,1562636838,Fortran,Fortran (gfortran v4.8.4),f,Accepted,6,640,3146,
s538196680,p02982,u812817085,1562636583,Python,Python (3.4.3),py,Accepted,18,3064,464,
s539177966,p02982,u263754119,1562636420,C,C (GCC 5.4.1),c,Accepted,1,128,672,
s608595418,p02982,u677421794,1562636328,C++,C++14 (GCC 5.4.1),cpp,Accepted,1,256,860,
s322983640,p02982,u702996070,1562636276,C++,C++14 (GCC 5.4.1),cpp,Accepted,1,256,524,
s948301501,p02982,u346194435,1562636264,Python,Python (3.4.3),py,Accepted,18,3064,338,
s513714588,p02982,u319410662,1562635997,C++,C++14 (GCC 5.4.1),cpp,Accepted,1,256,537,
s146208464,p02982,u484703930,1562635904,C++,C++14 (GCC 5.4.1),cpp,Accepted,1,256,1953,
s271671588,p02982,u484703930,1562635799,C++,C++14 (GCC 5.4.1),cpp,Accepted,1,256,1848,
s804628534,p02982,u288948615,1562635713,Python,Python (3.4.3),py,Wrong Answer,17,3064,312,
s314842501,p02982,u917944707,1562635704,C++,C++14 (GCC 5.4.1),cpp,Accepted,1,256,1123,
s148138669,p02982,u196325104,1562635632,C++,C++14 (GCC 5.4.1),cpp,Accepted,1,256,497,
s367360090,p02982,u288948615,1562635527,Python,Python (3.4.3),py,Wrong Answer,18,3064,310,
s318354400,p02982,u288948615,1562635427,Python,Python (3.4.3),py,Wrong Answer,18,3060,320,
s160384784,p02982,u827057615,1562635106,C++,C++14 (GCC 5.4.1),cpp,Accepted,1,256,1200,
s726265430,p02982,u895971408,1562634891,C++,C++14 (GCC 5.4.1),cpp,Accepted,1,256,1359,
s351546653,p02982,u819225206,1562634805,Python,Python (3.4.3),py,Accepted,151,12504,298,
s483063764,p02982,u785208802,1562633906,Python,Python (3.4.3),py,Accepted,18,3064,352,
s058763961,p02982,u801144528,1562633316,Java,Java8 (OpenJDK 1.8.0),java,Accepted,109,22612,834,
s189848864,p02982,u618697411,1562633119,C++,C++14 (GCC 5.4.1),cpp,Accepted,1,256,938,
s074982046,p02982,u814781830,1562632992,Python,Python (3.4.3),py,Accepted,22,3316,367,
s130564966,p02982,u451080461,1562632924,Java,Java8 (OpenJDK 1.8.0),java,Accepted,112,21716,1073,
s261837058,p02982,u725662235,1562632852,C++,C++14 (GCC 5.4.1),cpp,Accepted,1,256,763,
s841962606,p02982,u453246394,1562632650,C++,C++14 (GCC 5.4.1),cpp,Accepted,1,256,12102,
s217381665,p02982,u734548018,1562632450,Python,PyPy3 (2.4.0),py,Accepted,165,38384,418,
s025262531,p02982,u726630158,1562632278,Go,Go (1.6),go,Accepted,1,512,478,
s062655417,p02982,u562935282,1562632156,C++,C++14 (GCC 5.4.1),cpp,Accepted,1,256,683,
s796805075,p02982,u258080819,1562631870,C++,C++14 (GCC 5.4.1),cpp,Accepted,1,256,1114,
s102127969,p02982,u883885514,1562631267,C++,C++14 (GCC 5.4.1),cpp,Accepted,1,256,559,
s832416843,p02982,u123824541,1562631176,Python,Python (3.4.3),py,Accepted,18,3064,409,
s731396521,p02982,u521142491,1562631099,Java,Java8 (OpenJDK 1.8.0),java,Accepted,108,23124,626,
s921936263,p02982,u663710122,1562630678,Python,Python (3.4.3),py,Accepted,18,3064,368,
s878998505,p02982,u899645116,1562630385,C++,C++14 (GCC 5.4.1),cpp,Accepted,1,256,683,
s730609489,p02982,u992134985,1562630221,Java,Java8 (OpenJDK 1.8.0),java,Accepted,108,23764,694,
s693042607,p02982,u456633003,1562630186,C++,C++14 (GCC 5.4.1),cpp,Accepted,1,256,645,
s447070908,p02982,u141378465,1562629821,C++,C++14 (GCC 5.4.1),cpp,Accepted,1,256,1727,
s670743811,p02982,u245414044,1562629626,C++,C++14 (GCC 5.4.1),cpp,Accepted,1,256,553,
s487522951,p02982,u874723578,1562629547,C++,C++14 (GCC 5.4.1),cpp,Accepted,2,256,682,
s910913029,p02982,u457790148,1562629214,C++,C++14 (GCC 5.4.1),cpp,Accepted,1,256,908,
s634707471,p02982,u457790148,1562629144,C++,C++14 (GCC 5.4.1),cpp,Compile Error,,,886,
s829892347,p02982,u457790148,1562629106,C++,C++14 (GCC 5.4.1),cpp,Compile Error,,,868,
s481242656,p02982,u883885514,1562629043,C++,C++14 (GCC 5.4.1),cpp,Wrong Answer,1,256,545,
s441691805,p02982,u020161676,1562629040,JavaScript,JavaScript (node.js v5.12),js,Accepted,55,7500,1036,
s805590377,p02982,u020161676,1562628924,JavaScript,JavaScript (node.js v5.12),js,Wrong Answer,55,7500,1011,
s935325713,p02982,u642861494,1562628823,C++,C++14 (GCC 5.4.1),cpp,Accepted,1,256,533,
s590163235,p02982,u210370951,1562628803,C,C (GCC 5.4.1),c,Accepted,1,128,563,
s521134286,p02982,u020161676,1562628801,JavaScript,JavaScript (node.js v5.12),js,Wrong Answer,54,7500,939,
s066227661,p02982,u642861494,1562628570,C++,C++14 (GCC 5.4.1),cpp,Wrong Answer,2,384,515,
s124553801,p02982,u988961969,1562628531,C++,C++14 (GCC 5.4.1),cpp,Accepted,1,256,686,
s799984859,p02982,u874723578,1562628312,C++,C++14 (GCC 5.4.1),cpp,Accepted,1,256,758,
s683387848,p02982,u020161676,1562628044,JavaScript,JavaScript (node.js v5.12),js,Accepted,54,7372,810,
s664101865,p02982,u020161676,1562627991,JavaScript,JavaScript (node.js v5.12),js,Runtime Error,54,7372,808,
s409483028,p02982,u775097519,1562627945,C,C (GCC 5.4.1),c,Wrong Answer,1,128,498,
s313010062,p02982,u775097519,1562627873,C,C (GCC 5.4.1),c,Wrong Answer,1,128,500,
s344237289,p02982,u775097519,1562627739,C,C (GCC 5.4.1),c,Wrong Answer,1,128,522,
s358696550,p02982,u883885514,1562627692,C++,C++14 (GCC 5.4.1),cpp,Wrong Answer,1,256,542,
s034287599,p02982,u775097519,1562627539,C,C (GCC 5.4.1),c,Wrong Answer,1,128,524,
s577108952,p02982,u020161676,1562627291,JavaScript,JavaScript (node.js v5.12),js,Wrong Answer,56,7500,665,
s684288558,p02982,u891482208,1562627233,Python,Python (3.4.3),py,Accepted,17,3064,280,
s635834609,p02982,u729133443,1562626648,Python,Python (3.4.3),py,Accepted,27,2940,121,
s313777473,p02982,u294829559,1562626596,C++,C++14 (GCC 5.4.1),cpp,Accepted,1,256,524,
s945172615,p02982,u217799598,1562626547,C++,C++14 (GCC 5.4.1),cpp,Compile Error,,,576,
s484857121,p02982,u891482208,1562626446,Python,Python (3.4.3),py,Runtime Error,18,3064,266,
s478009028,p02982,u909790170,1562626334,Haskell,Haskell (GHC 7.10.3),hs,Accepted,2,1020,540,
s298711322,p02982,u030797253,1562626304,C++,C++14 (GCC 5.4.1),cpp,Accepted,1,256,605,
s625935167,p02982,u217799598,1562626290,C++,C++14 (GCC 5.4.1),cpp,Compile Error,,,551,
s481550626,p02982,u729133443,1562626247,Python,PyPy3 (2.4.0),py,Accepted,214,40432,121,
s900501605,p02982,u528482684,1562626216,Python,Python (3.4.3),py,Accepted,17,3064,389,
s514711084,p02982,u728498511,1562626094,C++,C++14 (GCC 5.4.1),cpp,Accepted,1,256,610,
s104744760,p02982,u729133443,1562625985,Python,PyPy3 (2.4.0),py,Accepted,184,38896,123,
s580268578,p02982,u648064928,1562625918,Python,Python (3.4.3),py,Accepted,17,3064,378,
s784266485,p02982,u729133443,1562625847,Python,PyPy3 (2.4.0),py,Accepted,180,38896,127,
s946343783,p02982,u909790170,1562625823,Haskell,Haskell (GHC 7.10.3),hs,Wrong Answer,2,1020,468,
s072681555,p02982,u116523315,1562625694,C++,C++14 (GCC 5.4.1),cpp,Accepted,1,256,760,
s476880574,p02982,u729133443,1562625564,Python,PyPy3 (2.4.0),py,Accepted,168,38640,130,
s456378591,p02982,u819300485,1562625448,C++,C++14 (GCC 5.4.1),cpp,Accepted,1,256,1256,
s081147382,p02982,u729133443,1562625397,Python,PyPy3 (2.4.0),py,Accepted,173,38640,132,
s914249673,p02982,u104930676,1562625174,Python,Python (3.4.3),py,Accepted,17,3188,312,
s112007450,p02982,u294829559,1562625109,C++,C++14 (GCC 5.4.1),cpp,Wrong Answer,1,256,525,
s960714970,p02982,u294829559,1562625084,C++,C++14 (GCC 5.4.1),cpp,Wrong Answer,1,256,559,
s833249597,p02982,u305017176,1562624666,Java,Java8 (OpenJDK 1.8.0),java,Accepted,110,21716,616,
s172105907,p02982,u041194459,1562624649,C++,C++14 (GCC 5.4.1),cpp,Accepted,1,256,568,
s441202730,p02982,u910195283,1562624611,C++,C++14 (GCC 5.4.1),cpp,Accepted,1,256,521,
s489831660,p02982,u875291233,1562624568,Python,Python (3.4.3),py,Accepted,18,3064,438,
s557814616,p02982,u430937688,1562624387,Python,PyPy3 (2.4.0),py,Accepted,167,38384,249,
s258968999,p02982,u185736584,1562624161,C++,C++14 (GCC 5.4.1),cpp,Accepted,1,256,966,
s329168595,p02982,u038054933,1562624088,C++,C++14 (GCC 5.4.1),cpp,Accepted,1,256,445,
s340517277,p02982,u941407962,1562623943,Python,Python (3.4.3),py,Accepted,17,3064,386,
s881003277,p02982,u911593769,1562623681,Java,Java8 (OpenJDK 1.8.0),java,Accepted,101,23764,925,
s631835249,p02982,u428805520,1562623470,C++,C++14 (GCC 5.4.1),cpp,Accepted,1,256,568,
s257092040,p02982,u589967459,1562622632,Python,Python (3.4.3),py,Accepted,18,3064,412,
s702893242,p02982,u247996218,1562622577,C++,C++14 (GCC 5.4.1),cpp,Accepted,1,256,488,
s959953524,p02982,u799815347,1562622170,C++,C++14 (GCC 5.4.1),cpp,Accepted,1,256,506,
s051776899,p02982,u608088992,1562622040,Python,Python (3.4.3),py,Accepted,17,3064,506,
s440811891,p02982,u799815347,1562621869,C++,C++14 (GCC 5.4.1),cpp,Wrong Answer,1,256,506,
s073413709,p02982,u533017901,1562621729,Java,Java8 (OpenJDK 1.8.0),java,Accepted,112,21972,747,
s433246657,p02982,u076522215,1562621384,Java,Java8 (OpenJDK 1.8.0),java,Accepted,71,23124,3257,
s552280375,p02982,u765163549,1562621368,C,C (GCC 5.4.1),c,Accepted,1,128,453,
s663393274,p02982,u037276799,1562621176,C++,C++14 (GCC 5.4.1),cpp,Accepted,1,256,626,
s249638027,p02982,u765163549,1562620939,C,C (GCC 5.4.1),c,Wrong Answer,1,128,455,
s246487236,p02982,u430766779,1562620799,C++,C++14 (GCC 5.4.1),cpp,Accepted,1,256,442,
s058993462,p02982,u320853829,1562620761,C++,C++14 (GCC 5.4.1),cpp,Accepted,1,256,674,
s914810960,p02982,u280673588,1562620491,Python,Python (3.4.3),py,Accepted,18,3064,424,
s528506033,p02982,u168443921,1562620472,Ruby,Ruby (2.3.3),rb,Accepted,10,2044,297,
s294740862,p02982,u604928622,1562620425,C++,C++14 (GCC 5.4.1),cpp,Accepted,2,256,567,
s277644763,p02982,u230583048,1562620235,C++,C++14 (GCC 5.4.1),cpp,Accepted,1,256,976,
s852481808,p02982,u934664204,1562620216,Java,Java8 (OpenJDK 1.8.0),java,Accepted,113,23252,794,
s894379268,p02982,u816390432,1562620206,C++,C++14 (GCC 5.4.1),cpp,Accepted,1,256,693,
s113517195,p02982,u934664204,1562620184,Java,Java8 (OpenJDK 1.8.0),java,Compile Error,,,792,
s681375415,p02982,u934664204,1562620144,Java,Java8 (OpenJDK 1.8.0),java,Compile Error,,,795,
s226512406,p02982,u934664204,1562620086,Java,Java8 (OpenJDK 1.8.0),java,Compile Error,,,792,
s045709845,p02982,u691878051,1562620083,C++,C++14 (GCC 5.4.1),cpp,Accepted,1,256,460,
s710725040,p02982,u934664204,1562620053,Java,Java8 (OpenJDK 1.8.0),java,Compile Error,,,799,
s923441347,p02982,u683588090,1562619931,C,C (Clang 3.8.0),c,Accepted,1,128,773,
s671595343,p02982,u320853829,1562619677,C++,C++14 (GCC 5.4.1),cpp,Accepted,1,256,622,
s427681594,p02982,u683588090,1562619672,C++,C++14 (GCC 5.4.1),cpp,Compile Error,,,773,
s068714789,p02982,u221119670,1562619358,C++,C++14 (GCC 5.4.1),cpp,Accepted,1,256,614,
s381251519,p02982,u803167461,1562619339,C++,C++14 (GCC 5.4.1),cpp,Accepted,1,256,1700,
s417873421,p02982,u993046043,1562619325,C,C (GCC 5.4.1),c,Accepted,1,128,589,
s603063794,p02982,u254187258,1562619282,C++,C++14 (GCC 5.4.1),cpp,Accepted,1,256,1105,
s643861378,p02982,u875463013,1562619280,Rust,Rust (1.15.1),rs,Accepted,2,4352,1145,
s535419272,p02982,u709583164,1562619232,C++,C++14 (GCC 5.4.1),cpp,Accepted,1,256,888,
s115646511,p02982,u515116926,1562619213,C++,C++14 (GCC 5.4.1),cpp,Accepted,2,512,563,
s143930436,p02982,u709583164,1562619148,C++,C++14 (GCC 5.4.1),cpp,Wrong Answer,1,256,887,
s721550735,p02982,u332253305,1562619021,C++,C++14 (GCC 5.4.1),cpp,Accepted,1,256,581,
s238666510,p02982,u515116926,1562619013,C++,C++14 (GCC 5.4.1),cpp,Wrong Answer,1,256,563,
s270412471,p02982,u515116926,1562618921,C++,C++14 (GCC 5.4.1),cpp,Wrong Answer,2,384,564,
s550898660,p02982,u306070611,1562618672,Python,Python (3.4.3),py,Accepted,18,3064,478,
s730816866,p02982,u306070611,1562618606,Python,Python (3.4.3),py,Wrong Answer,18,3064,473,
s092332097,p02982,u515116926,1562618583,C++,C++14 (GCC 5.4.1),cpp,Runtime Error,103,640,571,
s268291694,p02982,u663830728,1562618435,Python,Python (3.4.3),py,Accepted,18,3064,814,
s236841515,p02982,u604693716,1562618396,C++,C++14 (GCC 5.4.1),cpp,Accepted,2,768,654,
s208503591,p02982,u604693716,1562618333,C++,C++14 (GCC 5.4.1),cpp,Wrong Answer,1,256,652,
s333363619,p02982,u912752743,1562618262,C++,C++14 (GCC 5.4.1),cpp,Accepted,1,256,512,
s724878213,p02982,u912752743,1562618126,C++,C++14 (GCC 5.4.1),cpp,Wrong Answer,1,256,493,
s868255958,p02982,u716649090,1562618080,Python,Python (3.4.3),py,Accepted,18,3060,337,
s937468837,p02982,u566571310,1562618014,C++,C++14 (GCC 5.4.1),cpp,Accepted,1,256,728,
s913974996,p02982,u136160424,1562618005,C++,C++14 (GCC 5.4.1),cpp,Accepted,1,256,698,
s122756510,p02982,u136160424,1562617804,C++,C++14 (GCC 5.4.1),cpp,Accepted,1,256,527,
s472496180,p02982,u141642872,1562617780,C++,C++14 (GCC 5.4.1),cpp,Accepted,1,256,1453,
s151597978,p02982,u543569321,1562617492,Java,Java8 (OpenJDK 1.8.0),java,Runtime Error,110,23764,1177,
s461282896,p02982,u508426820,1562617412,Python,Python (3.4.3),py,Accepted,18,3188,459,
s238576517,p02982,u862296914,1562617385,Python,Python (3.4.3),py,Accepted,17,3064,336,
s734323524,p02982,u505450128,1562617332,Rust,Rust (1.15.1),rs,Accepted,2,4352,1447,
s555662002,p02982,u934664204,1562617205,Java,Java8 (OpenJDK 1.8.0),java,Compile Error,,,793,
s373996967,p02982,u934664204,1562617167,Java,Java8 (OpenJDK 1.8.0),java,Compile Error,,,774,
s976489606,p02982,u988586873,1562617039,Python,Python (3.4.3),py,Accepted,21,3316,726,
s175354643,p02982,u934664204,1562617010,Java,Java8 (OpenJDK 1.8.0),java,Compile Error,,,782,
s839132492,p02982,u866107333,1562616973,C++,C++14 (GCC 5.4.1),cpp,Accepted,1,256,2055,
s122400941,p02982,u931071094,1562616972,C++,C++14 (GCC 5.4.1),cpp,Accepted,5,764,666,
s051563685,p02982,u988586873,1562616800,Python,Python (3.4.3),py,Wrong Answer,21,3316,682,
s500959563,p02982,u775097519,1562616684,C,C (GCC 5.4.1),c,Wrong Answer,1,128,528,
s997472137,p02982,u775097519,1562615883,C,C (GCC 5.4.1),c,Compile Error,,,529,
s750663555,p02982,u775097519,1562615624,C,C (GCC 5.4.1),c,Wrong Answer,1,128,519,
s205465331,p02982,u930705402,1562615613,C++,C++14 (GCC 5.4.1),cpp,Accepted,1,256,515,
s949570179,p02982,u775097519,1562615480,C,C (GCC 5.4.1),c,Compile Error,,,501,
s169352208,p02982,u219466830,1562615225,Python,Python (3.4.3),py,Accepted,150,12500,300,
s837760733,p02982,u775097519,1562615131,C,C (GCC 5.4.1),c,Wrong Answer,1,128,562,
s475316768,p02982,u775097519,1562615058,C,C (GCC 5.4.1),c,Compile Error,,,564,
s466776652,p02982,u615258936,1562615052,C++,C++14 (GCC 5.4.1),cpp,Accepted,1,256,571,
s444237315,p02982,u775097519,1562615002,C,C (GCC 5.4.1),c,Compile Error,,,563,
s689038885,p02982,u037098269,1562614874,C++,C++14 (GCC 5.4.1),cpp,Accepted,1,256,846,
s167813319,p02982,u219466830,1562614856,Python,Python (3.4.3),py,Wrong Answer,152,12492,295,
s813455269,p02982,u219466830,1562614700,Python,Python (3.4.3),py,Wrong Answer,152,12736,286,
s630526750,p02982,u615258936,1562614582,C++,C++14 (GCC 5.4.1),cpp,Compile Error,,,562,
s472015502,p02982,u615258936,1562614439,C++,C++14 (GCC 5.4.1),cpp,Compile Error,,,541,
s251050059,p02982,u806058793,1562614437,C++,C++14 (GCC 5.4.1),cpp,Wrong Answer,1,256,803,
s402359176,p02982,u006421797,1562614409,C++,C++14 (GCC 5.4.1),cpp,Accepted,1,256,708,
s141230090,p02982,u219466830,1562614406,Python,Python (3.4.3),py,Runtime Error,151,12488,283,
s802328225,p02982,u433162241,1562614328,C++,C++14 (GCC 5.4.1),cpp,Accepted,1,256,674,
s252527140,p02982,u891482208,1562614291,Python,Python (3.4.3),py,Runtime Error,18,3060,260,
s617491106,p02982,u439947047,1562614229,Java,Java8 (OpenJDK 1.8.0),java,Accepted,107,23124,983,
s589915736,p02982,u170650966,1562614225,C++,C++14 (GCC 5.4.1),cpp,Accepted,1,256,1161,
s982405278,p02982,u806058793,1562613831,C++,C++14 (GCC 5.4.1),cpp,Compile Error,,,724,
s395794558,p02982,u170650966,1562613754,C++,C++14 (GCC 5.4.1),cpp,Wrong Answer,1,256,1160,
s027561654,p02982,u201316840,1562613127,C++,C++14 (GCC 5.4.1),cpp,Accepted,1,256,655,
s584233931,p02982,u161323909,1562613074,Rust,Rust (1.15.1),rs,Accepted,2,4352,2723,
s204078821,p02982,u052332717,1562613004,C++,C++14 (GCC 5.4.1),cpp,Accepted,1,256,1104,
s694513108,p02982,u771099984,1562612863,C++,C++14 (GCC 5.4.1),cpp,Accepted,1,256,407,
s940839143,p02982,u614314290,1562612859,Python,Python (3.4.3),py,Accepted,18,3188,352,
s479338871,p02982,u966921103,1562612539,C,C (GCC 5.4.1),c,Accepted,1,128,904,
s759075693,p02982,u555614711,1562612030,C,C (GCC 5.4.1),c,Accepted,1,128,458,
s929954198,p02982,u419686324,1562610940,Python,Python (3.4.3),py,Accepted,18,3060,340,
s701065066,p02982,u858136677,1562610848,Python,Python (3.4.3),py,Accepted,18,3064,348,
s328891259,p02982,u615833720,1562610574,C++,C++14 (GCC 5.4.1),cpp,Accepted,1,256,1653,
s663733501,p02982,u239316561,1562610445,C++,C++14 (GCC 5.4.1),cpp,Accepted,1,384,651,
s859818893,p02982,u127844950,1562610198,C++,C++14 (GCC 5.4.1),cpp,Accepted,1,256,4146,
s307382368,p02982,u379393519,1562610169,C++,C++14 (GCC 5.4.1),cpp,Accepted,1,256,405,
s129052711,p02982,u419686324,1562609644,Python,Python (3.4.3),py,Accepted,18,3064,339,
s732964371,p02982,u582817680,1562609464,C++,C++14 (GCC 5.4.1),cpp,Accepted,1,256,899,
s938634310,p02982,u452655263,1562609365,C++,C++14 (GCC 5.4.1),cpp,Accepted,1,256,454,
s118221965,p02982,u332542234,1562609348,Python,Python (3.4.3),py,Accepted,17,3188,547,
s906082019,p02982,u151503168,1562609167,Python,Python (3.4.3),py,Accepted,18,3188,370,
s226765202,p02982,u029876051,1562608749,C++,C++14 (GCC 5.4.1),cpp,Accepted,2,256,548,
s944429255,p02982,u244203620,1562608746,C++,C++14 (GCC 5.4.1),cpp,Accepted,1,256,544,
s729276886,p02982,u427681070,1562608658,C++,C++14 (GCC 5.4.1),cpp,Accepted,1,256,940,
s197717162,p02982,u842223653,1562608506,C++,C++14 (GCC 5.4.1),cpp,Accepted,2,256,664,
s877784049,p02982,u029876051,1562608497,C++,C++14 (GCC 5.4.1),cpp,Wrong Answer,1,256,546,
s810805470,p02982,u280096880,1562607962,C++,C++14 (GCC 5.4.1),cpp,Accepted,1,256,823,
s161645470,p02982,u407431337,1562607556,C++,C++14 (GCC 5.4.1),cpp,Accepted,3,384,953,
s363214960,p02982,u896451538,1562607392,Python,Python (3.4.3),py,Accepted,17,3064,410,
s454057020,p02982,u128142352,1562607371,C++,C++14 (GCC 5.4.1),cpp,Accepted,1,256,688,
s008273692,p02982,u565692645,1562607357,C++,C++14 (GCC 5.4.1),cpp,Accepted,1,256,460,
s152835128,p02982,u387480576,1562607214,C++,C++14 (GCC 5.4.1),cpp,Accepted,1,256,596,
s116242035,p02982,u436741428,1562606574,C++,C++14 (GCC 5.4.1),cpp,Accepted,3,384,668,
s942030619,p02982,u384539725,1562605509,C++,C++14 (GCC 5.4.1),cpp,Accepted,1,256,1523,
s720556660,p02982,u579152247,1562605399,C++,C++14 (GCC 5.4.1),cpp,Accepted,21,4992,2459,
s146291299,p02982,u495704746,1562605372,C++,C++14 (GCC 5.4.1),cpp,Accepted,1,256,810,
s268124403,p02982,u328207927,1562604972,Python,Python (3.4.3),py,Accepted,18,3064,358,
s527414304,p02982,u994767958,1562604589,Lisp,Common Lisp (SBCL 1.1.14),l,Accepted,53,8288,715,
s811421013,p02982,u637220270,1562604525,C++,C++14 (GCC 5.4.1),cpp,Accepted,1,256,632,
s514434840,p02982,u110996038,1562603981,C++,C++14 (GCC 5.4.1),cpp,Accepted,1,256,1143,
s724126011,p02982,u110996038,1562603868,C++,C++14 (GCC 5.4.1),cpp,Wrong Answer,1,256,1143,
s474037425,p02982,u026725968,1562602761,C++,C++14 (GCC 5.4.1),cpp,Accepted,1,256,621,
s991714687,p02982,u282280353,1562602735,C++,C++14 (GCC 5.4.1),cpp,Accepted,1,256,827,
s877624535,p02982,u233185849,1562602703,Java,Java8 (OpenJDK 1.8.0),java,Accepted,79,23252,1561,
s747359226,p02982,u554269352,1562602599,Go,Go (1.6),go,Accepted,1,640,974,
s224957471,p02982,u945418216,1562601966,Java,Java8 (OpenJDK 1.8.0),java,Accepted,108,23636,576,
s887558343,p02982,u387480576,1562601959,C++,C++14 (GCC 5.4.1),cpp,Wrong Answer,1,256,588,
s115719397,p02982,u387480576,1562601865,C++,C++14 (GCC 5.4.1),cpp,Compile Error,,,591,
s224533507,p02982,u695197008,1562601684,C++,C++14 (GCC 5.4.1),cpp,Accepted,1,256,930,
s250561257,p02982,u418531441,1562601454,Java,Java8 (OpenJDK 1.8.0),java,Accepted,109,23124,1028,
s196461406,p02982,u832995587,1562601402,C++,C++14 (GCC 5.4.1),cpp,Accepted,1,256,1100,
s592883642,p02982,u835924161,1562601363,C++,C++14 (GCC 5.4.1),cpp,Accepted,1,256,2441,
s266747292,p02982,u833064541,1562600855,C++,C++14 (GCC 5.4.1),cpp,Accepted,4,384,1411,
s586521603,p02982,u912179452,1562600651,Python,Python (3.4.3),py,Accepted,149,12392,549,
s816731098,p02982,u912179452,1562600527,Python,Python (3.4.3),py,Runtime Error,17,3064,411,
s239986999,p02982,u912179452,1562600507,Python,Python (3.4.3),py,Runtime Error,17,3060,401,
s093014528,p02982,u635280736,1562600064,C,C (GCC 5.4.1),c,Accepted,1,128,543,
s706709808,p02982,u635280736,1562600026,C,C (GCC 5.4.1),c,Compile Error,,,543,
s935623389,p02982,u635280736,1562599979,C,C (GCC 5.4.1),c,Compile Error,,,540,
s861146564,p02982,u832995587,1562599899,C++,C++14 (GCC 5.4.1),cpp,Runtime Error,97,256,1072,
s103138215,p02982,u912179452,1562599827,Python,Python (3.4.3),py,Wrong Answer,149,12392,391,
s666394262,p02982,u912179452,1562599809,Python,Python (3.4.3),py,Wrong Answer,152,12392,390,
s300219356,p02982,u633450100,1562599739,Python,Python (3.4.3),py,Accepted,18,3064,410,
s538286403,p02982,u404244809,1562599724,C++,C++14 (GCC 5.4.1),cpp,Accepted,1,256,1281,
s481250164,p02982,u633450100,1562599417,Python,Python (3.4.3),py,Wrong Answer,19,3316,465,
s806832009,p02982,u633450100,1562599340,Python,Python (3.4.3),py,Wrong Answer,19,3316,465,
s628591481,p02982,u633450100,1562599238,Python,Python (3.4.3),py,Wrong Answer,19,3316,465,
s074121144,p02982,u404244809,1562598995,C++,C++14 (GCC 5.4.1),cpp,Accepted,1,256,1307,
s211470519,p02982,u635280736,1562598558,C,C (GCC 5.4.1),c,Runtime Error,97,128,545,
s614747142,p02982,u635280736,1562598482,C,C (GCC 5.4.1),c,Compile Error,,,543,
s793018891,p02982,u990641118,1562598474,C++,C++14 (GCC 5.4.1),cpp,Accepted,1,256,758,
s054473903,p02982,u990641118,1562598464,C++,C++14 (GCC 5.4.1),cpp,Runtime Error,101,256,756,
s788891653,p02982,u870718074,1562598138,C++,C++14 (GCC 5.4.1),cpp,Accepted,1,256,475,
s561793430,p02982,u870718074,1562598004,C++,C++14 (GCC 5.4.1),cpp,Accepted,1,256,458,
s116605872,p02982,u082633058,1562597582,C++,C++14 (GCC 5.4.1),cpp,Accepted,1,256,618,
s157674895,p02982,u708255304,1562597476,Python,Python (3.4.3),py,Accepted,18,3064,299,
s428923005,p02982,u500026208,1562597402,C++,C++14 (GCC 5.4.1),cpp,Accepted,1,256,576,
s729481798,p02982,u679575435,1562597368,C++,C++14 (GCC 5.4.1),cpp,Accepted,1,256,621,
s350713478,p02982,u059011748,1562597328,Java,Java8 (OpenJDK 1.8.0),java,Accepted,121,23508,623,
s602133164,p02982,u059011748,1562597281,Java,Java8 (OpenJDK 1.8.0),java,Compile Error,,,632,
s945857984,p02982,u500026208,1562597269,C++,C++14 (GCC 5.4.1),cpp,Wrong Answer,1,256,575,
s526795005,p02982,u180614022,1562597000,C++,C++14 (GCC 5.4.1),cpp,Accepted,1,256,414,
s083430948,p02982,u140680196,1562596978,Go,Go (1.6),go,Accepted,1,512,786,
s503149036,p02982,u960524878,1562596969,C++,C++14 (GCC 5.4.1),cpp,Accepted,1,256,3250,
s888150567,p02982,u227020436,1562596969,Python,Python (3.4.3),py,Accepted,18,3064,451,
s952645357,p02982,u217344789,1562596828,C++,C++14 (GCC 5.4.1),cpp,Accepted,6,384,840,
s788380064,p02982,u505115437,1562596807,Java,Java8 (OpenJDK 1.8.0),java,Accepted,112,21844,1083,
s854069841,p02982,u712822150,1562596700,Python,Python (3.4.3),py,Accepted,150,12344,556,
s610791853,p02982,u329232967,1562596468,Kotlin,Kotlin (1.0.0),kt,Accepted,193,31480,1332,
s467422211,p02982,u384539725,1562596421,C++,C++14 (GCC 5.4.1),cpp,Compile Error,,,839,
s591929162,p02982,u258647915,1562596278,D,D (DMD64 v2.070.1),d,Accepted,1,256,799,
s928418989,p02982,u217344789,1562596245,C++,C++14 (GCC 5.4.1),cpp,Wrong Answer,1,256,758,
s275011364,p02982,u207464563,1562596012,Python,Python (3.4.3),py,Accepted,17,3064,466,
s196534083,p02982,u551813187,1562595796,C++,C++14 (GCC 5.4.1),cpp,Accepted,1,256,556,
s812724255,p02982,u575031797,1562595587,Python,Python (3.4.3),py,Accepted,18,3064,892,
s136898634,p02982,u847605090,1562595564,Python,Python (3.4.3),py,Accepted,18,3060,285,
s046568321,p02982,u627981707,1562595475,Ruby,Ruby (2.3.3),rb,Accepted,7,1788,199,
s078009298,p02982,u817845505,1562595368,Python,PyPy3 (2.4.0),py,Accepted,171,38768,337,
s140464639,p02982,u627981707,1562595333,Ruby,Ruby (2.3.3),rb,Runtime Error,7,1788,196,
s296698720,p02982,u612745975,1562595313,C++,C++14 (GCC 5.4.1),cpp,Wrong Answer,1,256,348,
s448814897,p02982,u207460172,1562595276,C++,C++14 (GCC 5.4.1),cpp,Accepted,1,256,588,
s260936305,p02982,u275934251,1562595250,C++,C++14 (GCC 5.4.1),cpp,Accepted,1,256,1353,
s162775593,p02982,u538632589,1562595124,Python,Python (3.4.3),py,Accepted,18,3188,325,
s798925230,p02982,u817845505,1562595060,Python,PyPy3 (2.4.0),py,Wrong Answer,180,38640,337,
s312746840,p02982,u847605090,1562595040,Python,Python (3.4.3),py,Runtime Error,17,3060,263,
s896548527,p02982,u421730290,1562594887,C,C (GCC 5.4.1),c,Accepted,1,128,504,
s830420071,p02982,u847605090,1562594845,Python,Python (3.4.3),py,Runtime Error,17,2940,245,
s388003703,p02982,u207460172,1562594840,C++,C++14 (GCC 5.4.1),cpp,Compile Error,,,579,
s239460214,p02982,u689245321,1562594790,C++,C++14 (GCC 5.4.1),cpp,Accepted,1,256,531,
s824803486,p02982,u594140666,1562594650,C++,C++14 (GCC 5.4.1),cpp,Accepted,1,256,545,
s140524864,p02982,u421730290,1562594628,C,C (GCC 5.4.1),c,Wrong Answer,1,128,503,
s087157838,p02982,u421730290,1562594465,C,C (GCC 5.4.1),c,Wrong Answer,1,128,524,
s759469346,p02982,u597953074,1562594452,C++,C++14 (GCC 5.4.1),cpp,Accepted,4,384,463,
s752187353,p02982,u188117876,1562594289,C++,C++14 (GCC 5.4.1),cpp,Accepted,1,256,782,
s113193179,p02982,u111497285,1562594287,Python,Python (3.4.3),py,Accepted,17,3064,411,
s948189541,p02982,u994695881,1562594104,C++,C++14 (GCC 5.4.1),cpp,Accepted,2,384,415,
s498853893,p02982,u917152735,1562593754,C++,C++14 (GCC 5.4.1),cpp,Accepted,1,128,396,
s526485936,p02982,u110681742,1562593409,C++,C++14 (GCC 5.4.1),cpp,Accepted,1,256,527,
s317202735,p02982,u917152735,1562593374,C,C (GCC 5.4.1),c,Compile Error,,,409,
s230953378,p02982,u172569352,1562593310,Python,Python (3.4.3),py,Accepted,18,3188,411,
s493061806,p02982,u917152735,1562593276,C,C (GCC 5.4.1),c,Compile Error,,,396,
s633003778,p02982,u917152735,1562593197,C,C (GCC 5.4.1),c,Compile Error,,,396,
s502720959,p02982,u705974985,1562593169,Go,Go (1.6),go,Accepted,1,640,2583,
s592345203,p02982,u917152735,1562593036,C,C (GCC 5.4.1),c,Compile Error,,,386,
s364804336,p02982,u377777817,1562592955,Rust,Rust (1.15.1),rs,Accepted,2,4352,2776,
s316442467,p02982,u325279090,1562592868,C,C (GCC 5.4.1),c,Wrong Answer,1,128,476,
s157339026,p02982,u611310488,1562592775,PHP,PHP7 (7.0.15),php,Accepted,13,4728,559,
s362463694,p02982,u594244257,1562592696,Python,Python (3.4.3),py,Accepted,18,3064,386,
s412117666,p02982,u594244257,1562592622,Python,Python (3.4.3),py,Runtime Error,18,3060,303,
s797324394,p02982,u594244257,1562592558,Python,Python (3.4.3),py,Runtime Error,18,3060,325,
s521044063,p02982,u258933429,1562591693,Scala,Scala (2.11.7),scala,Accepted,345,27196,503,
s008087921,p02982,u013803727,1562591670,C++,C++14 (GCC 5.4.1),cpp,Accepted,2,256,591,
s155692296,p02982,u013803727,1562591585,C++,C++14 (GCC 5.4.1),cpp,Wrong Answer,1,256,590,
s931933262,p02982,u852360042,1562590774,PHP,PHP7 (7.0.15),php,Accepted,12,4856,762,
s996147232,p02982,u658655325,1562590751,C++,C++14 (GCC 5.4.1),cpp,Accepted,1,256,543,
s614732908,p02982,u658655325,1562590535,C++,C++14 (GCC 5.4.1),cpp,Accepted,1,256,612,
s902324861,p02982,u145078501,1562590197,C++,C++14 (GCC 5.4.1),cpp,Accepted,1,256,1032,
s630898152,p02982,u756439833,1562589862,Python,PyPy3 (2.4.0),py,Accepted,174,38256,406,
s821484026,p02982,u393245399,1562589415,C++,C++14 (GCC 5.4.1),cpp,Accepted,1,256,1005,
s784888023,p02982,u379440427,1562589280,C++,C++14 (GCC 5.4.1),cpp,Wrong Answer,1,256,543,
s171740673,p02982,u868089307,1562589235,Ruby,Ruby (2.3.3),rb,Accepted,7,3836,300,
s034802524,p02982,u348231925,1562589084,C,C (Clang 3.8.0),c,Wrong Answer,1,128,394,
s556796895,p02982,u136378781,1562588818,C++,C++14 (GCC 5.4.1),cpp,Accepted,1,256,1790,
s267418763,p02982,u136378781,1562588762,C++,C++14 (GCC 5.4.1),cpp,Wrong Answer,1,256,1828,
s762349363,p02982,u259053514,1562588708,Python,Python (3.4.3),py,Accepted,45,4212,564,
s158470683,p02982,u136378781,1562588555,C++,C++14 (GCC 5.4.1),cpp,Wrong Answer,1,256,1759,
s629561353,p02982,u518641666,1562588221,Java,Java8 (OpenJDK 1.8.0),java,Accepted,102,21716,934,
s626373954,p02982,u512749016,1562588196,Python,Python (3.4.3),py,Accepted,18,3064,344,
s437074007,p02982,u318727472,1562588008,C++,C++14 (GCC 5.4.1),cpp,Accepted,1,256,605,
s668893864,p02982,u733246687,1562587812,C++,C++14 (GCC 5.4.1),cpp,Accepted,1,256,794,
s097165902,p02982,u366115355,1562587380,C,C (GCC 5.4.1),c,Accepted,1,128,595,
s409428372,p02982,u376515719,1562586941,Python,Python (3.4.3),py,Accepted,151,12440,398,
s448424230,p02982,u081445141,1562586822,Fortran,Fortran (gfortran v4.8.4),f,Compile Error,,,348,
s322706119,p02982,u747087681,1562586301,C++,C++14 (GCC 5.4.1),cpp,Accepted,1,256,1115,
s799708666,p02982,u477824229,1562585891,Python,Python (3.4.3),py,Accepted,21,3316,476,
s964185671,p02982,u526630579,1562585010,C++,C++14 (GCC 5.4.1),cpp,Accepted,1,256,458,
s406768382,p02982,u526630579,1562584900,C++,C++14 (GCC 5.4.1),cpp,Compile Error,,,456,
s261779507,p02982,u200239931,1562584554,C++,C++14 (GCC 5.4.1),cpp,Accepted,1,256,4562,
s297638556,p02982,u879309973,1562584415,Python,Python (3.4.3),py,Accepted,150,12496,402,
s578107825,p02982,u526630579,1562584387,C++,C++14 (GCC 5.4.1),cpp,Wrong Answer,1,256,1491,
s750536954,p02982,u879309973,1562584294,Python,Python (3.4.3),py,Wrong Answer,148,12484,397,
s055988491,p02982,u526630579,1562584255,C++,C++14 (GCC 5.4.1),cpp,Wrong Answer,2,384,1469,
s347739986,p02982,u298297089,1562584175,Python,Python (3.4.3),py,Accepted,17,3060,284,
s910280321,p02982,u234826697,1562583251,Java,Java8 (OpenJDK 1.8.0),java,Accepted,71,21076,4281,
s129884123,p02982,u207665007,1562583133,C++,C++14 (GCC 5.4.1),cpp,Accepted,1,256,666,
s031848607,p02982,u997979021,1562581488,C++,C++14 (GCC 5.4.1),cpp,Accepted,3,256,738,
s295507477,p02982,u657913472,1562581296,Perl,Perl6 (rakudo-star 2016.01),pl,Runtime Error,130,49436,74,
s952777183,p02982,u448147261,1562580906,C++,C++14 (GCC 5.4.1),cpp,Accepted,1,256,923,
s633071247,p02982,u657913472,1562580706,Perl,Perl6 (rakudo-star 2016.01),pl,Runtime Error,159,55652,73,
s382939151,p02982,u657913472,1562580625,Perl,Perl6 (rakudo-star 2016.01),pl,Wrong Answer,288,68460,71,
s169198027,p02982,u095714878,1562580612,Julia,Julia (0.5.0),jl,Accepted,405,115484,432,
s725168595,p02982,u657913472,1562580515,Perl,Perl6 (rakudo-star 2016.01),pl,Accepted,393,74280,76,
s102855197,p02982,u657913472,1562580367,Perl,Perl6 (rakudo-star 2016.01),pl,Accepted,301,67752,75,
s796603306,p02982,u657913472,1562580177,Perl,Perl6 (rakudo-star 2016.01),pl,Accepted,282,68024,77,
s637249034,p02982,u169848474,1562580175,C++,C++14 (GCC 5.4.1),cpp,Accepted,2,512,707,
s152307117,p02982,u657913472,1562580114,Perl,Perl6 (rakudo-star 2016.01),pl,Accepted,284,68008,78,
s978374076,p02982,u283869437,1562579461,Perl,Perl6 (rakudo-star 2016.01),pl,Accepted,367,73176,83,
s987139897,p02982,u539199630,1562579401,C++,C++14 (GCC 5.4.1),cpp,Accepted,1,256,560,
s029024290,p02982,u283869437,1562579294,Perl,Perl6 (rakudo-star 2016.01),pl,Accepted,363,73172,84,
s850145832,p02982,u657913472,1562579126,Octave,Octave (4.0.2),octave,Runtime Error,665,47240,74,
s104173792,p02982,u475675023,1562578857,Python,Python (3.4.3),py,Accepted,18,3064,314,
s324220835,p02982,u432688695,1562578589,C++,C++14 (GCC 5.4.1),cpp,Accepted,1,256,1196,
s003175465,p02982,u090097090,1562578540,C++,C++14 (GCC 5.4.1),cpp,Accepted,1,256,860,
s585888876,p02982,u324658688,1562578446,C++,C++14 (GCC 5.4.1),cpp,Accepted,1,256,713,
s118067123,p02982,u324658688,1562578360,C++,C++14 (GCC 5.4.1),cpp,Compile Error,,,811,
s027900983,p02982,u539199630,1562578222,C++,C++14 (GCC 5.4.1),cpp,Accepted,1,256,566,
s976942403,p02982,u539199630,1562578104,C++,C++14 (GCC 5.4.1),cpp,Wrong Answer,1,256,528,
s595549570,p02982,u496074393,1562577795,C++,C++14 (GCC 5.4.1),cpp,Accepted,1,256,837,
s562315129,p02982,u549517003,1562577731,C++,C++14 (GCC 5.4.1),cpp,Wrong Answer,1,256,814,
s614926281,p02982,u549517003,1562577511,C++,C++14 (GCC 5.4.1),cpp,Wrong Answer,1,256,820,
s193468948,p02982,u549517003,1562577426,C++,C++14 (GCC 5.4.1),cpp,Compile Error,,,676,
s466402133,p02982,u142188850,1562577261,C++,C++14 (GCC 5.4.1),cpp,Accepted,3,384,823,
s758307349,p02982,u256768310,1562577235,C++,C++14 (GCC 5.4.1),cpp,Accepted,1,256,1220,
s223050325,p02982,u256768310,1562576931,C++,C++14 (GCC 5.4.1),cpp,Compile Error,,,1232,
s512509211,p02982,u283869437,1562576926,Ruby,Ruby (2.3.3),rb,Accepted,21,4604,101,
s542898105,p02982,u256768310,1562576830,C++,C++14 (GCC 5.4.1),cpp,Compile Error,,,1230,
s674069300,p02982,u732304692,1562576822,OCaml,OCaml (4.02.3),ml,Accepted,1,384,485,
s133208814,p02982,u283869437,1562576761,Ruby,Ruby (2.3.3),rb,Accepted,16,2684,104,
s184314028,p02982,u746849686,1562576160,C++,C++14 (GCC 5.4.1),cpp,Accepted,1,256,4872,
s397167387,p02982,u283869437,1562576045,Ruby,Ruby (2.3.3),rb,Accepted,12,2044,98,
s510338921,p02982,u821262411,1562575968,Python,Python (3.4.3),py,Accepted,18,3060,318,
s716484240,p02982,u077291787,1562575825,Python,Python (3.4.3),py,Accepted,18,3064,459,
s761873062,p02982,u198693633,1562575765,C++,C++14 (GCC 5.4.1),cpp,Accepted,1,256,6290,
s465734984,p02982,u081445141,1562575323,C++,C++14 (GCC 5.4.1),cpp,Accepted,1,256,641,
s211536808,p02982,u081445141,1562575259,C++,C++14 (GCC 5.4.1),cpp,Compile Error,,,640,
s522241450,p02982,u183606119,1562574602,C++,C++14 (GCC 5.4.1),cpp,Accepted,1,256,613,
s552791428,p02982,u592758681,1562573505,C++,C++14 (GCC 5.4.1),cpp,Accepted,3,512,4333,
s526943070,p02982,u024469792,1562573155,C++,C++14 (GCC 5.4.1),cpp,Accepted,1,256,608,
s116898019,p02982,u802883836,1562573047,D,D (DMD64 v2.070.1),d,Accepted,1,256,981,
s581495084,p02982,u575068578,1562572556,C++,C++14 (GCC 5.4.1),cpp,Accepted,1,256,2744,
s153383431,p02982,u221230011,1562572120,JavaScript,JavaScript (node.js v5.12),js,Accepted,211,21064,859,
s020446096,p02982,u138156173,1562572081,C++,C++14 (GCC 5.4.1),cpp,Accepted,1,256,718,
s071840083,p02982,u081445141,1562571941,C++,C++14 (GCC 5.4.1),cpp,Wrong Answer,1,256,639,
s544318909,p02982,u581187895,1562571791,Python,Python (3.4.3),py,Accepted,150,12480,272,
s463455165,p02982,u398182947,1562571746,Python,Python (3.4.3),py,Wrong Answer,17,3064,522,
s678269681,p02982,u915689660,1562571099,C++,C++14 (GCC 5.4.1),cpp,Accepted,1,256,678,
s507054578,p02982,u256459711,1562570626,C,C (GCC 5.4.1),c,Runtime Error,253,256,538,
s744124101,p02982,u256459711,1562570269,C,C (GCC 5.4.1),c,Runtime Error,96,128,616,
s515911811,p02982,u875408597,1562568226,D,D (DMD64 v2.070.1),d,Accepted,1,256,1220,
s352736180,p02982,u972547684,1562567994,C++,C++14 (GCC 5.4.1),cpp,Accepted,1,256,934,
s079020367,p02982,u626595726,1562567849,C++,C++14 (GCC 5.4.1),cpp,Accepted,1,256,1129,
s758909071,p02982,u123276241,1562567837,Ruby,Ruby (2.3.3),rb,Accepted,7,1916,292,
s660980673,p02982,u164414906,1562567714,C++,C++14 (GCC 5.4.1),cpp,Accepted,1,256,1444,
s033384095,p02982,u616547520,1562567698,C++,C++14 (GCC 5.4.1),cpp,Accepted,1,256,1145,
s459289281,p02982,u874996917,1562567591,C++,C++14 (GCC 5.4.1),cpp,Accepted,3,768,2373,
s536606474,p02982,u864630637,1562567584,Java,Java8 (OpenJDK 1.8.0),java,Accepted,73,23252,1849,
s271324670,p02982,u874996917,1562567463,C++,C++14 (GCC 5.4.1),cpp,Accepted,3,768,2379,
s215513449,p02982,u874996917,1562567352,C++,C++14 (GCC 5.4.1),cpp,Accepted,3,768,2379,
s332972967,p02982,u874996917,1562567247,C++,C++14 (GCC 5.4.1),cpp,Wrong Answer,1,256,2157,
s517653159,p02982,u550314572,1562566423,Java,Java8 (OpenJDK 1.8.0),java,Accepted,76,21460,48043,
s807036028,p02982,u793426157,1562566394,Java,Java8 (OpenJDK 1.8.0),java,Accepted,115,22100,1035,
s538667846,p02982,u874996917,1562566163,C++,C++14 (GCC 5.4.1),cpp,Accepted,2,768,2379,
s652471036,p02982,u343019314,1562566108,Python,Python (3.4.3),py,Accepted,293,21276,131,
s681864159,p02982,u874996917,1562566023,C++,C++14 (GCC 5.4.1),cpp,Accepted,3,768,2379,
s592073699,p02982,u874996917,1562565893,C++,C++14 (GCC 5.4.1),cpp,Accepted,2,768,2378,
s142177225,p02982,u104605386,1562565821,C++,C++14 (GCC 5.4.1),cpp,Accepted,1,256,754,
s832510877,p02982,u536745747,1562565802,C++,C++14 (GCC 5.4.1),cpp,Accepted,1,256,918,
s441741658,p02982,u729133443,1562565753,Python,Python (3.4.3),py,Runtime Error,150,12428,106,
s468314575,p02982,u536745747,1562565741,C++,C++14 (GCC 5.4.1),cpp,Compile Error,,,893,
s286993371,p02982,u874996917,1562565740,C++,C++14 (GCC 5.4.1),cpp,Accepted,2,768,2374,
s894446043,p02982,u207029170,1562565710,C++,C++14 (GCC 5.4.1),cpp,Accepted,1,256,709,
s771340888,p02982,u343019314,1562565686,C++,C++14 (Clang 3.8.0),cpp,Accepted,9,1400,804,
s087895335,p02982,u207029170,1562565559,C++,C++14 (GCC 5.4.1),cpp,Wrong Answer,1,256,709,
s886903994,p02982,u629246993,1562565406,Python,Python (3.4.3),py,Accepted,27,3064,396,
s688650382,p02982,u729133443,1562565375,Python,Python (3.4.3),py,Accepted,151,12472,116,
s585685856,p02982,u683313061,1562565050,C++,C++14 (GCC 5.4.1),cpp,Accepted,1,256,551,
s039546589,p02982,u683313061,1562565005,C++,C++14 (GCC 5.4.1),cpp,Wrong Answer,1,256,534,
s754174961,p02982,u874996917,1562564828,C++,C++14 (GCC 5.4.1),cpp,Accepted,3,768,2370,
s491650948,p02982,u683313061,1562564721,C++,C++14 (GCC 5.4.1),cpp,Wrong Answer,1,256,452,
s301666928,p02982,u874996917,1562564701,C++,C++14 (GCC 5.4.1),cpp,Wrong Answer,3,768,2356,
s924448232,p02982,u390901183,1562564692,C++,C++14 (GCC 5.4.1),cpp,Accepted,4,256,763,
s333571119,p02982,u874996917,1562564519,C++,C++14 (GCC 5.4.1),cpp,Accepted,2,768,2388,
s887719357,p02982,u527984331,1562564307,Haskell,Haskell (GHC 7.10.3),hs,Accepted,2,1020,575,
s847485176,p02982,u874996917,1562564298,C++,C++14 (GCC 5.4.1),cpp,Accepted,2,768,2383,
s042687358,p02982,u927753745,1562564274,C++,C++14 (GCC 5.4.1),cpp,Accepted,1,256,753,
s241028286,p02982,u527984331,1562564250,Haskell,Haskell (GHC 7.10.3),hs,Compile Error,,,568,
s703561219,p02982,u527984331,1562564212,Haskell,Haskell (GHC 7.10.3),hs,Compile Error,,,568,
s016447402,p02982,u729133443,1562564184,Python,Python (3.4.3),py,Accepted,496,22404,119,
s375029219,p02982,u527984331,1562564178,Haskell,Haskell (GHC 7.10.3),hs,Compile Error,,,565,
s739695320,p02982,u527984331,1562564137,Haskell,Haskell (GHC 7.10.3),hs,Compile Error,,,563,
s698959842,p02982,u874996917,1562564099,C++,C++14 (GCC 5.4.1),cpp,Accepted,2,768,2436,
s418132325,p02982,u321786655,1562564088,C++,C++14 (GCC 5.4.1),cpp,Accepted,1,256,569,
s291275031,p02982,u087807690,1562563800,C,C (GCC 5.4.1),c,Accepted,1,128,568,
s231867149,p02982,u630655571,1562563718,C,C (GCC 5.4.1),c,Wrong Answer,4,256,586,
s096067967,p02982,u697658632,1562563612,C++,C++14 (GCC 5.4.1),cpp,Accepted,6,764,566,
s903347481,p02982,u930561195,1562563304,C++,C++14 (GCC 5.4.1),cpp,Accepted,1,256,484,
s199138133,p02982,u505762531,1562563227,C++,C++14 (GCC 5.4.1),cpp,Accepted,1,256,752,
s929202099,p02982,u630655571,1562563197,C,C (GCC 5.4.1),c,Wrong Answer,1,128,568,
s950507202,p02982,u941606493,1562563037,Python,Python (3.4.3),py,Accepted,21,3316,366,
s780256020,p02982,u613944332,1562562973,Java,Java8 (OpenJDK 1.8.0),java,Accepted,115,21716,1001,
s665982354,p02982,u159335277,1562562911,C++,C++14 (Clang 3.8.0),cpp,Accepted,3,504,578,
s034735076,p02982,u729133443,1562562847,Python,Python (3.4.3),py,Accepted,152,12436,125,
s176828148,p02982,u177897754,1562562813,C++,C++14 (GCC 5.4.1),cpp,Accepted,1,256,1374,
s336216214,p02982,u630655571,1562562752,C,C (GCC 5.4.1),c,Wrong Answer,1,128,754,
s106367195,p02982,u613944332,1562562713,Java,Java8 (OpenJDK 1.8.0),java,Accepted,110,21844,986,
s315283257,p02982,u463630127,1562562698,Python,Python (3.4.3),py,Accepted,36,3064,338,
s485301743,p02982,u463630127,1562562632,Python,Python (3.4.3),py,Wrong Answer,38,3064,336,
s824778934,p02982,u935368823,1562562516,Java,Java8 (OpenJDK 1.8.0),java,Accepted,109,22868,660,
s845099086,p02982,u630655571,1562562515,C,C (GCC 5.4.1),c,Wrong Answer,1,128,752,
s487844105,p02982,u630655571,1562562451,C,C (GCC 5.4.1),c,Compile Error,,,753,
s123880038,p02982,u930561195,1562562415,C++,C++14 (GCC 5.4.1),cpp,Wrong Answer,2,512,484,
s126126217,p02982,u930561195,1562562376,C++,C++14 (GCC 5.4.1),cpp,Wrong Answer,1,256,138,
s322142451,p02982,u729133443,1562562057,Python,Python (3.4.3),py,Accepted,153,12440,128,
s028878632,p02982,u729133443,1562561808,Python,PyPy3 (2.4.0),py,Accepted,385,63412,185,
s842856454,p02982,u487128874,1562561792,C++,C++14 (GCC 5.4.1),cpp,Accepted,1,256,592,
s932884788,p02982,u671257784,1562561741,C++,C++14 (GCC 5.4.1),cpp,Accepted,1,256,985,
s085719256,p02982,u302957509,1562561739,Python,Python (3.4.3),py,Accepted,18,3188,380,
s697672233,p02982,u379928983,1562561735,C++,C++14 (GCC 5.4.1),cpp,Accepted,1,256,1874,
s005321850,p02982,u326609687,1562561732,Python,Python (3.4.3),py,Accepted,149,12504,501,
s016156257,p02982,u385244248,1562561727,Python,Python (3.4.3),py,Accepted,18,3064,361,
s898700828,p02982,u321355907,1562561702,Java,Java8 (OpenJDK 1.8.0),java,Accepted,115,21844,988,
s049265447,p02982,u332906195,1562561685,Python,Python (3.4.3),py,Accepted,18,3060,302,
s187715467,p02982,u729133443,1562561634,Python,Python (3.4.3),py,Accepted,159,12440,130,
s323300922,p02982,u957084285,1562561571,C++,C++14 (GCC 5.4.1),cpp,Accepted,1,256,879,
s494834240,p02982,u382773334,1562561357,C++,C++14 (GCC 5.4.1),cpp,Accepted,1,256,581,
s263995165,p02982,u138919616,1562561313,C++,C++14 (GCC 5.4.1),cpp,Accepted,2,384,885,
s262892019,p02982,u379928983,1562561132,C++,C++14 (GCC 5.4.1),cpp,Wrong Answer,1,256,1788,
s330672542,p02982,u579670739,1562561060,C++,C++14 (GCC 5.4.1),cpp,Accepted,1,256,998,
s108644814,p02982,u941753895,1562561060,Python,Python (3.4.3),py,Accepted,53,6216,821,
s070817974,p02982,u159619403,1562561003,C++,C++14 (GCC 5.4.1),cpp,Accepted,1,256,614,
s596463828,p02982,u344412812,1562560891,C++,C++14 (GCC 5.4.1),cpp,Accepted,1,256,629,
s938649652,p02982,u491044700,1562560852,C++,C++14 (GCC 5.4.1),cpp,Accepted,1,256,536,
s304828873,p02982,u379928983,1562560783,C++,C++14 (GCC 5.4.1),cpp,Wrong Answer,1,256,1828,
s184989103,p02982,u937706062,1562560728,Python,Python (3.4.3),py,Accepted,17,3064,264,
s328177791,p02982,u729707098,1562560718,Python,Python (3.4.3),py,Accepted,17,3064,290,
s000438530,p02982,u937706062,1562560704,Python,Python (3.4.3),py,Wrong Answer,17,3064,259,
s729049994,p02982,u239409893,1562560683,C++,C++14 (GCC 5.4.1),cpp,Accepted,1,256,785,
s803532063,p02982,u593555034,1562560637,C++,C++14 (GCC 5.4.1),cpp,Accepted,2,256,464,
s675699287,p02982,u366934151,1562560628,C++,C++14 (GCC 5.4.1),cpp,Accepted,1,256,1200,
s348301688,p02982,u026867297,1562560563,C++,C++14 (GCC 5.4.1),cpp,Accepted,1,256,661,
s048196924,p02982,u344412812,1562560562,C++,C++14 (GCC 5.4.1),cpp,Wrong Answer,1,256,607,
s348306684,p02982,u040537497,1562560522,Python,Python (3.4.3),py,Accepted,148,12444,338,
s927846669,p02982,u298285376,1562560433,C++,C++14 (GCC 5.4.1),cpp,Accepted,1,256,599,
s229223467,p02982,u310381103,1562560393,Python,Python (3.4.3),py,Accepted,17,3064,431,
s112989367,p02982,u713333397,1562560364,C++,C++14 (GCC 5.4.1),cpp,Accepted,1,256,1157,
s641940379,p02982,u310381103,1562560302,Python,Python (3.4.3),py,Wrong Answer,18,3064,452,
s326812414,p02982,u026867297,1562560278,C++,C++14 (GCC 5.4.1),cpp,Wrong Answer,2,256,650,
s228157309,p02982,u586045624,1562560266,JavaScript,JavaScript (node.js v5.12),js,Accepted,219,21064,1015,
s179263300,p02982,u298285376,1562560180,C++,C++14 (GCC 5.4.1),cpp,Wrong Answer,1,256,528,
s443143503,p02982,u099566485,1562560062,Python,PyPy3 (2.4.0),py,Accepted,178,38384,368,
s701574985,p02982,u630655571,1562560010,C,C (GCC 5.4.1),c,Wrong Answer,1,128,527,
s532149606,p02982,u099566485,1562560003,Python,PyPy3 (2.4.0),py,Runtime Error,167,38256,367,
s137948188,p02982,u379928983,1562559928,C++,C++14 (GCC 5.4.1),cpp,Wrong Answer,1,256,1884,
s145575208,p02982,u846041485,1562559839,C++,C++14 (GCC 5.4.1),cpp,Accepted,1,256,1083,
s233274189,p02982,u563806760,1562559806,C++,C++14 (GCC 5.4.1),cpp,Accepted,1,256,555,
s241838495,p02982,u792984973,1562559801,C++,C++14 (GCC 5.4.1),cpp,Accepted,1,256,848,
s548342919,p02982,u673823726,1562559800,Rust,Rust (1.15.1),rs,Accepted,2,4352,2252,
s652974025,p02982,u379928983,1562559736,C++,C++14 (GCC 5.4.1),cpp,Wrong Answer,1,256,1924,
s893506305,p02982,u841707122,1562559719,C++,C++14 (GCC 5.4.1),cpp,Accepted,1,256,27757,
s064608402,p02982,u399527088,1562559709,C++,C++14 (GCC 5.4.1),cpp,Accepted,2,384,501,
s182505261,p02982,u993967581,1562559685,C++,C++14 (GCC 5.4.1),cpp,Accepted,1,256,476,
s065107585,p02982,u846041485,1562559655,C++,C++14 (GCC 5.4.1),cpp,Accepted,1,256,1028,
s623451217,p02982,u673823726,1562559621,Rust,Rust (1.15.1),rs,Wrong Answer,2,4352,2210,
s969056043,p02982,u563806760,1562559607,Python,Python (3.4.3),py,Runtime Error,17,2940,558,
s791232421,p02982,u399527088,1562559428,C++,C++14 (GCC 5.4.1),cpp,Wrong Answer,1,256,462,
s506062776,p02982,u673823726,1562559405,Rust,Rust (1.15.1),rs,Wrong Answer,2,4352,2167,
s435943057,p02982,u653206280,1562559347,C,C (GCC 5.4.1),c,Wrong Answer,1,128,691,
s349682066,p02982,u653206280,1562559308,C,C (GCC 5.4.1),c,Wrong Answer,1,128,691,
s686323592,p02982,u841421760,1562559279,C++,C++14 (GCC 5.4.1),cpp,Accepted,1,256,518,
s467227544,p02982,u841421760,1562559218,C++,C++14 (Clang 3.8.0),cpp,Compile Error,,,518,
s094260398,p02982,u459746049,1562559173,Rust,Rust (1.15.1),rs,Accepted,3,8572,2551,
s265294814,p02982,u310381103,1562559134,Python,Python (3.4.3),py,Wrong Answer,18,3064,425,
s648617379,p02982,u310381103,1562559086,Python,Python (3.4.3),py,Runtime Error,17,3064,412,
s511913900,p02982,u841421760,1562559049,C++,C++14 (Clang 3.8.0),cpp,Accepted,1,256,1065,
s802852427,p02982,u831873811,1562559041,C++,C++14 (GCC 5.4.1),cpp,Accepted,1,256,872,
s103650118,p02982,u653206280,1562559040,C,C (GCC 5.4.1),c,Wrong Answer,1,128,691,
s899367892,p02982,u310381103,1562559028,Python,Python (3.4.3),py,Wrong Answer,18,3064,390,
s687429957,p02982,u310381103,1562558958,Python,Python (3.4.3),py,Wrong Answer,18,3064,353,
s353533259,p02982,u119460590,1562558946,C++,C++14 (GCC 5.4.1),cpp,Accepted,1,256,736,
s389660896,p02982,u934740772,1562558943,Python,Python (3.4.3),py,Accepted,17,3064,322,
s553658313,p02982,u089572841,1562558922,C++,C++14 (GCC 5.4.1),cpp,Accepted,1,256,2332,
s455087091,p02982,u089572841,1562558883,C++,C++14 (GCC 5.4.1),cpp,Wrong Answer,1,256,2330,
s175944582,p02982,u744314647,1562558865,C++,C++14 (GCC 5.4.1),cpp,Accepted,1,256,1126,
s394454398,p02982,u048178729,1562558856,Java,Java8 (OpenJDK 1.8.0),java,Accepted,107,23124,811,
s279683522,p02982,u861453554,1562558771,Java,Java8 (OpenJDK 1.8.0),java,Runtime Error,108,21844,905,
s946177460,p02982,u014341649,1562558756,Pascal,Pascal (FPC 2.6.2),pas,Accepted,0,128,730,
s683875394,p02982,u379928983,1562558749,C++,C++14 (GCC 5.4.1),cpp,Wrong Answer,1,256,1912,
s228391380,p02982,u014341649,1562558717,Pascal,Pascal (FPC 2.6.2),pas,Runtime Error,0,128,726,
s765846622,p02982,u825215512,1562558682,C++,C++14 (GCC 5.4.1),cpp,Accepted,1,256,1017,
s706712192,p02982,u325138098,1562558659,C++,C++14 (GCC 5.4.1),cpp,Accepted,1,256,678,
s289516475,p02982,u861453554,1562558655,Java,Java8 (OpenJDK 1.8.0),java,Accepted,111,21844,905,
s941659649,p02982,u874996917,1562558652,C++,C++14 (GCC 5.4.1),cpp,Accepted,1,256,2330,
s747031681,p02982,u861453554,1562558622,Java,Java8 (OpenJDK 1.8.0),java,Compile Error,,,878,
s589783625,p02982,u318029285,1562558603,C++,C++14 (GCC 5.4.1),cpp,Accepted,1,256,631,
s857681837,p02982,u392423112,1562558598,C++,C++14 (GCC 5.4.1),cpp,Accepted,3,384,562,
s657011428,p02982,u874996917,1562558544,C++,C++14 (GCC 5.4.1),cpp,Wrong Answer,1,256,2325,
s192208908,p02982,u428267713,1562558474,C++,C++14 (GCC 5.4.1),cpp,Accepted,1,256,900,
s657280465,p02982,u004707990,1562558441,C,C (GCC 5.4.1),c,Accepted,1,128,581,
s220597368,p02982,u786318703,1562558372,C++,C++14 (GCC 5.4.1),cpp,Accepted,1,256,2824,
s119046614,p02982,u685774550,1562558361,C++,C++14 (GCC 5.4.1),cpp,Accepted,1,256,1761,
s734070981,p02982,u459746049,1562558303,Rust,Rust (1.15.1),rs,Wrong Answer,3,8572,2551,
s070822833,p02982,u542932305,1562558282,Python,Python (3.4.3),py,Accepted,17,3064,379,
s012730639,p02982,u379928983,1562558279,C++,C++14 (GCC 5.4.1),cpp,Wrong Answer,1,256,1922,
s549840314,p02982,u318029285,1562558267,C++,C++14 (GCC 5.4.1),cpp,Compile Error,,,600,
s853360600,p02982,u310381103,1562558242,Python,Python (3.4.3),py,Wrong Answer,18,3064,361,
s819268951,p02982,u653206280,1562558242,C,C (GCC 5.4.1),c,Wrong Answer,2,128,690,
s662141514,p02982,u685774550,1562558234,C++,C++14 (GCC 5.4.1),cpp,Wrong Answer,1,256,1754,
s818684645,p02982,u822685707,1562558210,C++,C++14 (GCC 5.4.1),cpp,Accepted,3,512,575,
s002589568,p02982,u408927978,1562558132,C++,C++14 (GCC 5.4.1),cpp,Accepted,1,256,20860,
s024314358,p02982,u833220083,1562558111,C++,C++14 (GCC 5.4.1),cpp,Accepted,1,256,1242,
s595499171,p02982,u379928983,1562558064,C++,C++14 (GCC 5.4.1),cpp,Wrong Answer,1,256,1909,
s530204523,p02982,u318029285,1562558032,C++,C++14 (GCC 5.4.1),cpp,Runtime Error,97,256,667,
s729023095,p02982,u653206280,1562558016,C,C (GCC 5.4.1),c,Wrong Answer,1,128,690,
s019289299,p02982,u310381103,1562557987,Python,Python (3.4.3),py,Wrong Answer,18,3064,361,
s452653489,p02982,u379928983,1562557939,C++,C++14 (GCC 5.4.1),cpp,Wrong Answer,1,256,1978,
s827605234,p02982,u653206280,1562557932,C++,C++14 (GCC 5.4.1),cpp,Wrong Answer,1,128,689,
s778502623,p02982,u318029285,1562557902,C++,C++14 (GCC 5.4.1),cpp,Runtime Error,281,256,641,
s907115727,p02982,u464527162,1562557885,C++,C++14 (GCC 5.4.1),cpp,Accepted,1,256,512,
s000308444,p02982,u977062184,1562557745,C,C (GCC 5.4.1),c,Accepted,1,128,841,
s382492725,p02982,u318029285,1562557738,C++,C++14 (GCC 5.4.1),cpp,Runtime Error,358,256,638,
s660605268,p02982,u379928983,1562557737,C++,C++14 (GCC 5.4.1),cpp,Wrong Answer,1,256,1979,
s565308761,p02982,u813286880,1562557727,Python,Python (3.4.3),py,Accepted,18,3064,438,
s015552110,p02982,u937706062,1562557485,Python,Python (3.4.3),py,Accepted,17,3064,283,
s581226284,p02982,u363407238,1562557466,Python,Python (3.4.3),py,Accepted,18,3064,391,
s611330405,p02982,u379928983,1562557449,C++,C++14 (GCC 5.4.1),cpp,Wrong Answer,1,256,1954,
s771774327,p02982,u499009346,1562557432,C++,C++14 (GCC 5.4.1),cpp,Wrong Answer,1,256,943,
s629762939,p02982,u234973476,1562557417,C++,C++14 (GCC 5.4.1),cpp,Accepted,3,640,497,
s628475892,p02982,u318029285,1562557416,C++,C++14 (GCC 5.4.1),cpp,Runtime Error,279,256,638,
s508455254,p02982,u499009346,1562557378,C++,C++14 (GCC 5.4.1),cpp,Wrong Answer,1,256,943,
s961235186,p02982,u983681697,1562557377,C++,C++14 (GCC 5.4.1),cpp,Accepted,1,256,543,
s995539295,p02982,u724732842,1562557377,C++,C++14 (GCC 5.4.1),cpp,Accepted,3,384,1290,
s064962787,p02982,u860420407,1562557352,C,C (GCC 5.4.1),c,Wrong Answer,1,128,540,
s319720604,p02982,u527379148,1562557251,Python,Python (3.4.3),py,Accepted,18,3064,449,
s402997562,p02982,u983681697,1562557207,C++,C++14 (GCC 5.4.1),cpp,Wrong Answer,1,256,598,
s227445915,p02982,u813286880,1562557188,Python,Python (3.4.3),py,Accepted,18,3064,529,
s565995445,p02982,u234973476,1562557177,C++,C++14 (GCC 5.4.1),cpp,Wrong Answer,2,512,504,
s346662919,p02982,u997340502,1562557171,C++,C++14 (GCC 5.4.1),cpp,Accepted,1,256,422,
s714460137,p02982,u846686917,1562557165,C++,C++14 (GCC 5.4.1),cpp,Accepted,1,128,518,
s462354910,p02982,u846686917,1562557155,C,C (GCC 5.4.1),c,Accepted,1,128,518,
s453324185,p02982,u211109468,1562557109,C++,C++14 (GCC 5.4.1),cpp,Accepted,1,256,465,
s566927983,p02982,u766205979,1562557107,C++,C++14 (GCC 5.4.1),cpp,Accepted,1,256,1327,
s353718441,p02982,u379928983,1562557097,C++,C++14 (GCC 5.4.1),cpp,Wrong Answer,1,256,1928,
s593565505,p02982,u964299793,1562557087,C++,C++14 (GCC 5.4.1),cpp,Accepted,1,256,2261,
s999515631,p02982,u196030116,1562557081,Go,Go (1.6),go,Accepted,1,512,655,
s339262942,p02982,u425701555,1562557072,C++,C++14 (GCC 5.4.1),cpp,Wrong Answer,1,256,305,
s115816753,p02982,u983681697,1562557072,C++,C++14 (GCC 5.4.1),cpp,Wrong Answer,2103,256,599,
s110523901,p02982,u873422538,1562557068,Python,Python (3.4.3),py,Accepted,152,12500,364,
s793453324,p02982,u958984779,1562557066,C++,C++14 (GCC 5.4.1),cpp,Accepted,1,256,558,
s328497307,p02982,u941705222,1562557049,C++,C++14 (GCC 5.4.1),cpp,Compile Error,,,533,
s776071766,p02982,u997340502,1562557013,C++,C++14 (GCC 5.4.1),cpp,Wrong Answer,1,256,420,
s549910019,p02982,u570178183,1562557005,C++,C++14 (GCC 5.4.1),cpp,Accepted,1,256,937,
s474021166,p02982,u234973476,1562556935,C++,C++14 (GCC 5.4.1),cpp,Wrong Answer,1,384,489,
s666260549,p02982,u846686917,1562556930,C,C (GCC 5.4.1),c,Accepted,1,128,530,
s836472033,p02982,u846686917,1562556919,C++,C++14 (GCC 5.4.1),cpp,Accepted,1,128,530,
s395179499,p02982,u822037230,1562556876,C++,C++14 (GCC 5.4.1),cpp,Accepted,1,256,546,
s392738062,p02982,u228402731,1562556846,C++,C++14 (GCC 5.4.1),cpp,Accepted,1,256,514,
s959522404,p02982,u463630127,1562556837,C,C (GCC 5.4.1),c,Accepted,1,128,775,
s010202898,p02982,u948618130,1562556836,C++,C++14 (GCC 5.4.1),cpp,Accepted,1,256,776,
s726291219,p02982,u958984779,1562556782,C++,C++14 (GCC 5.4.1),cpp,Wrong Answer,1,256,552,
s864118217,p02982,u810067372,1562556768,C++,C++14 (GCC 5.4.1),cpp,Accepted,3,256,492,
s799521431,p02982,u988644208,1562556723,Python,Python (3.4.3),py,Accepted,18,3064,373,
s634441898,p02982,u734473573,1562556706,C++,C++14 (GCC 5.4.1),cpp,Wrong Answer,1,256,962,
s465160648,p02982,u329232967,1562556659,Kotlin,Kotlin (1.0.0),kt,Wrong Answer,208,34092,1596,
s883103010,p02982,u602481141,1562556617,C++,C++14 (GCC 5.4.1),cpp,Accepted,1,256,622,
s925166288,p02982,u105124953,1562556591,Python,Python (3.4.3),py,Wrong Answer,18,3064,362,
s134559479,p02982,u060207510,1562556569,C++,C++14 (GCC 5.4.1),cpp,Accepted,4,256,2085,
s731910941,p02982,u873422538,1562556553,Python,Python (3.4.3),py,Accepted,149,12472,441,
s314588898,p02982,u022138926,1562556517,Nim,Nim (0.13.0),nim,Accepted,1,380,502,
s691933958,p02982,u425701555,1562556496,C++,C++14 (GCC 5.4.1),cpp,Accepted,1,256,509,
s827782560,p02982,u060207510,1562556487,C++,C++14 (GCC 5.4.1),cpp,Accepted,1,256,2073,
s395828329,p02982,u239493918,1562556483,C++,C++14 (GCC 5.4.1),cpp,Accepted,1,256,5930,
s484241289,p02982,u534296203,1562556477,Python,Python (3.4.3),py,Accepted,17,3064,395,
s530799710,p02982,u022138926,1562556469,Nim,Nim (0.13.0),nim,Wrong Answer,1,380,500,
s142939871,p02982,u239493918,1562556462,C++,C++14 (GCC 5.4.1),cpp,Compile Error,,,11850,
s603594550,p02982,u734473573,1562556449,C++,C++14 (GCC 5.4.1),cpp,Wrong Answer,1,256,944,
s567843486,p02982,u022138926,1562556435,Nim,Nim (0.13.0),nim,Wrong Answer,1,380,498,
s701666331,p02982,u983681697,1562556401,C++,C++14 (GCC 5.4.1),cpp,Wrong Answer,1,256,598,
s234347860,p02982,u734473573,1562556385,C++,C++14 (GCC 5.4.1),cpp,Wrong Answer,2,256,980,
s003587206,p02982,u269235541,1562556380,Python,Python (3.4.3),py,Accepted,59,3064,366,
s203623128,p02982,u873422538,1562556373,Python,Python (3.4.3),py,Wrong Answer,149,12252,441,
s228111433,p02982,u057671932,1562556363,Java,Java8 (OpenJDK 1.8.0),java,Accepted,108,21716,649,
s472184095,p02982,u519950235,1562556351,C++,C++14 (GCC 5.4.1),cpp,Accepted,1,256,881,
s740295402,p02982,u022138926,1562556327,Nim,Nim (0.13.0),nim,Accepted,1,380,450,
s269786012,p02982,u626881915,1562556320,Python,Python (3.4.3),py,Accepted,18,3064,405,
s170746421,p02982,u521272340,1562556277,C++,C++14 (GCC 5.4.1),cpp,Accepted,8,23808,3305,
s432487948,p02982,u022138926,1562556253,Nim,Nim (0.13.0),nim,Wrong Answer,1,380,449,
s412346499,p02982,u379928983,1562556253,C++,C++14 (GCC 5.4.1),cpp,Compile Error,,,1930,
s056557981,p02982,u519950235,1562556221,C++,C++14 (GCC 5.4.1),cpp,Wrong Answer,5,256,865,
s625503518,p02982,u761362252,1562556220,C++,C++14 (GCC 5.4.1),cpp,Accepted,1,256,1278,
s818742355,p02982,u425701555,1562556211,C++,C++14 (GCC 5.4.1),cpp,Wrong Answer,3,384,499,
s997430383,p02982,u590241855,1562556184,C++,C++14 (GCC 5.4.1),cpp,Accepted,1,256,643,
s375436944,p02982,u653206280,1562556183,C,C (GCC 5.4.1),c,Accepted,1,128,732,
s752372894,p02982,u463630127,1562556153,C,C (GCC 5.4.1),c,Accepted,1,128,758,
s822995901,p02982,u664394831,1562556105,C++,C++14 (Clang 3.8.0),cpp,Accepted,1,256,754,
s328757677,p02982,u463630127,1562556089,C,C (GCC 5.4.1),c,Wrong Answer,1,128,756,
s756559426,p02982,u521992338,1562556076,C++,C++14 (GCC 5.4.1),cpp,Accepted,1,256,781,
s780038434,p02982,u457283867,1562556036,C++,C++14 (GCC 5.4.1),cpp,Accepted,1,256,440,
s744838844,p02982,u513290715,1562555985,C++,C++14 (GCC 5.4.1),cpp,Accepted,2,256,2342,
s584150289,p02982,u977062184,1562555976,C,C (GCC 5.4.1),c,Wrong Answer,1,128,929,
s719527473,p02982,u762674876,1562555967,C,C (GCC 5.4.1),c,Wrong Answer,1,128,899,
s047187904,p02982,u473635856,1562555937,C++,C++14 (GCC 5.4.1),cpp,Accepted,2,512,2549,
s823306778,p02982,u102131583,1562555902,C++,C++14 (GCC 5.4.1),cpp,Accepted,1,256,758,
s071251032,p02982,u453070758,1562555897,C++,C++14 (GCC 5.4.1),cpp,Accepted,1,256,1004,
s204206577,p02982,u880126159,1562555856,Kotlin,Kotlin (1.0.0),kt,Accepted,255,38052,521,
s611679018,p02982,u857500126,1562555854,C++,C++14 (Clang 3.8.0),cpp,Accepted,1,256,767,
s721606286,p02982,u519950235,1562555790,C++,C++14 (GCC 5.4.1),cpp,Wrong Answer,2,256,860,
s179581630,p02982,u411195488,1562555789,C++,C++14 (GCC 5.4.1),cpp,Accepted,1,256,644,
s487951247,p02982,u860420407,1562555781,C,C (GCC 5.4.1),c,Compile Error,,,580,
s090187845,p02982,u333404917,1562555745,Python,Python (3.4.3),py,Wrong Answer,162,12504,394,
s649609488,p02982,u952708174,1562555723,Python,Python (3.4.3),py,Accepted,149,12444,288,
s254667840,p02982,u599925824,1562555714,Python,Python (3.4.3),py,Accepted,156,12504,378,
s139432467,p02982,u691493208,1562555697,C++,C++14 (GCC 5.4.1),cpp,Accepted,1,256,2774,
s353080808,p02982,u599925824,1562555680,Python,Python (3.4.3),py,Accepted,154,12504,385,
s688572950,p02982,u102131583,1562555645,C++,C++14 (GCC 5.4.1),cpp,Wrong Answer,1,256,756,
s918504074,p02982,u333404917,1562555638,Python,Python (3.4.3),py,Runtime Error,149,12388,423,
s348414257,p02982,u779483561,1562555557,Python,Python (3.4.3),py,Accepted,18,3060,333,
s890898191,p02982,u425701555,1562555544,C++,C++14 (GCC 5.4.1),cpp,Wrong Answer,1,256,480,
s889714209,p02982,u654926761,1562555538,C++,C++14 (GCC 5.4.1),cpp,Accepted,1,256,567,
s212240211,p02982,u175942555,1562555478,C++,C++14 (GCC 5.4.1),cpp,Wrong Answer,1,256,680,
s281765367,p02982,u221119670,1562555467,C++,C++14 (GCC 5.4.1),cpp,Accepted,1,256,600,
s367214778,p02982,u852861896,1562555437,Swift,Swift (swift-2.2-RELEASE),swift,Accepted,6,1280,770,
s202449006,p02982,u093929604,1562555434,C++,C++14 (GCC 5.4.1),cpp,Runtime Error,98,256,2584,
s758013655,p02982,u175942555,1562555413,C++,C++14 (GCC 5.4.1),cpp,Compile Error,,,662,
s442305219,p02982,u435037050,1562555401,C,C (GCC 5.4.1),c,Accepted,1,128,766,
s773702755,p02982,u119566015,1562555399,Python,PyPy3 (2.4.0),py,Accepted,168,38384,325,
s932502034,p02982,u984247484,1562555335,C++,C++14 (GCC 5.4.1),cpp,Runtime Error,97,256,711,
s229084843,p02982,u793801197,1562555309,Ruby,Ruby (2.3.3),rb,Accepted,21,3836,242,
s439929945,p02982,u762674876,1562555295,C,C (GCC 5.4.1),c,Wrong Answer,1,128,899,
s339534372,p02982,u791552355,1562555289,C++,C++14 (GCC 5.4.1),cpp,Accepted,1,256,515,
s231597385,p02982,u526630579,1562555233,C++,C++14 (GCC 5.4.1),cpp,Accepted,1,256,684,
s729933124,p02982,u793753969,1562555213,Java,Java8 (OpenJDK 1.8.0),java,Wrong Answer,101,23124,1567,
s578191161,p02982,u194206730,1562555197,C,C (GCC 5.4.1),c,Accepted,1,128,506,
s721626133,p02982,u633402865,1562555186,C++,C++14 (GCC 5.4.1),cpp,Accepted,8,764,591,
s873717844,p02982,u951582245,1562555180,Python,Python (3.4.3),py,Accepted,156,12428,296,
s789356151,p02982,u860420407,1562555172,C,C (GCC 5.4.1),c,Compile Error,,,77,
s257561908,p02982,u017881341,1562555167,C++,C++14 (GCC 5.4.1),cpp,Accepted,2,256,613,
s909769294,p02982,u988031875,1562555149,C,C (GCC 5.4.1),c,Wrong Answer,1,128,824,
s904642226,p02982,u100812801,1562555141,C++,C++14 (GCC 5.4.1),cpp,Accepted,1,256,640,
s731098676,p02982,u526630579,1562555119,C++,C++14 (GCC 5.4.1),cpp,Wrong Answer,1,256,1588,
s389010357,p02982,u119566015,1562555090,Python,PyPy3 (2.4.0),py,Runtime Error,174,38384,307,
s595485260,p02982,u627234757,1562555084,Python,Python (3.4.3),py,Accepted,18,3064,424,
s364579369,p02982,u554954744,1562555070,Python,PyPy3 (2.4.0),py,Accepted,166,38256,325,
s734903490,p02982,u988031875,1562555057,C,C (GCC 5.4.1),c,Wrong Answer,1,128,824,
s139701532,p02982,u017881341,1562555048,C++,C++14 (GCC 5.4.1),cpp,Wrong Answer,1,256,612,
s453823906,p02982,u644937005,1562555035,Python,Python (3.4.3),py,Accepted,157,12496,300,
s051811225,p02982,u627234757,1562555029,Python,Python (3.4.3),py,Wrong Answer,18,3064,441,
s339788566,p02982,u762674876,1562555026,C,C (GCC 5.4.1),c,Wrong Answer,1,128,897,
s547172530,p02982,u575031797,1562555013,Python,Python (3.4.3),py,Runtime Error,22,3572,891,
s112770362,p02982,u793753969,1562555011,Java,Java8 (OpenJDK 1.8.0),java,Wrong Answer,109,21844,1557,
s183676118,p02982,u425701555,1562555008,C++,C++14 (GCC 5.4.1),cpp,Wrong Answer,1,256,480,
s136399978,p02982,u526630579,1562554980,C++,C++14 (GCC 5.4.1),cpp,Wrong Answer,1,256,1581,
s604373869,p02982,u119566015,1562554972,Python,PyPy3 (2.4.0),py,Runtime Error,177,38256,295,
s745351432,p02982,u526630579,1562554950,C++,C++14 (GCC 5.4.1),cpp,Compile Error,,,1577,
s217433631,p02982,u988644208,1562554930,Python,Python (3.4.3),py,Wrong Answer,17,3064,365,
s964498152,p02982,u385244248,1562554915,Python,Python (3.4.3),py,Wrong Answer,17,3064,383,
s024177280,p02982,u464527162,1562554887,C++,C++14 (GCC 5.4.1),cpp,Accepted,2,384,510,
s616728198,p02982,u528388170,1562554871,C++,C++14 (GCC 5.4.1),cpp,Accepted,1,256,621,
s885452921,p02982,u599925824,1562554843,Python,Python (3.4.3),py,Accepted,148,12508,394,
s750983320,p02982,u464527162,1562554827,C++,C++14 (GCC 5.4.1),cpp,Accepted,20,764,502,
s196015264,p02982,u513290715,1562554826,C++,C++14 (GCC 5.4.1),cpp,Wrong Answer,1,256,2342,
s443241057,p02982,u740222581,1562554824,C++,C++14 (GCC 5.4.1),cpp,Accepted,1,256,594,
s163052826,p02982,u259748846,1562554823,Python,Python (3.4.3),py,Accepted,17,3064,414,
s564255017,p02982,u912025537,1562554767,C,C (GCC 5.4.1),c,Accepted,1,128,707,
s640489210,p02982,u627234757,1562554749,Python,Python (3.4.3),py,Wrong Answer,18,3064,441,
s021122051,p02982,u156092528,1562554738,Java,Java8 (OpenJDK 1.8.0),java,Accepted,81,23380,2810,
s749168333,p02982,u644937005,1562554734,Python,PyPy3 (2.4.0),py,Runtime Error,176,38640,315,
s355731821,p02982,u334222621,1562554732,Python,Python (3.4.3),py,Accepted,17,3064,411,
s709732115,p02982,u627234757,1562554707,Python,Python (3.4.3),py,Runtime Error,17,3064,439,
s688364248,p02982,u464527162,1562554685,C++,C++14 (GCC 5.4.1),cpp,Runtime Error,99,256,508,
s957137039,p02982,u587665681,1562554674,C++,C++14 (GCC 5.4.1),cpp,Accepted,1,256,640,
s235492159,p02982,u404629709,1562554636,Python,Python (3.4.3),py,Accepted,19,3064,317,
s590752476,p02982,u348670055,1562554619,C++,C++14 (GCC 5.4.1),cpp,Accepted,1,256,813,
s941668840,p02982,u100812801,1562554604,C++,C++14 (GCC 5.4.1),cpp,Wrong Answer,4,256,651,
s312492891,p02982,u936602931,1562554589,C++,C++14 (GCC 5.4.1),cpp,Accepted,2,256,482,
s734237633,p02982,u017881341,1562554587,C++,C++14 (GCC 5.4.1),cpp,Wrong Answer,1,256,569,
s848436454,p02982,u761720628,1562554573,C++,C++14 (GCC 5.4.1),cpp,Accepted,1,256,994,
s624501835,p02982,u100812801,1562554569,C++,C++14 (GCC 5.4.1),cpp,Wrong Answer,1,256,651,
s402708501,p02982,u793753969,1562554568,Java,Java8 (OpenJDK 1.8.0),java,Wrong Answer,110,23892,1561,
s046833288,p02982,u175942555,1562554567,C++,C++14 (GCC 5.4.1),cpp,Wrong Answer,6,640,609,
s679283804,p02982,u321094662,1562554557,C++,C++14 (GCC 5.4.1),cpp,Accepted,9,764,806,
s283702887,p02982,u100812801,1562554554,C++,C++14 (GCC 5.4.1),cpp,Compile Error,,,650,
s275672869,p02982,u112315768,1562554546,C++,C++14 (GCC 5.4.1),cpp,Accepted,1,256,516,
s985383785,p02982,u076635704,1562554541,C++,C++14 (GCC 5.4.1),cpp,Accepted,1,256,974,
s072543718,p02982,u988644208,1562554538,Python,Python (3.4.3),py,Wrong Answer,17,3064,365,
s945091080,p02982,u175942555,1562554536,C++,C++14 (GCC 5.4.1),cpp,Wrong Answer,2,384,612,
s853256516,p02982,u100812801,1562554536,C++,C++14 (GCC 5.4.1),cpp,Compile Error,,,649,
s494441651,p02982,u912025537,1562554524,C,C (GCC 5.4.1),c,Wrong Answer,1,128,704,
s255809806,p02982,u175942555,1562554503,C++,C++14 (GCC 5.4.1),cpp,Wrong Answer,1,256,607,
s979210100,p02982,u334222621,1562554499,Python,Python (3.4.3),py,Wrong Answer,18,3064,415,
s779700173,p02982,u988644208,1562554498,Python,Python (3.4.3),py,Runtime Error,17,3064,363,
s856832918,p02982,u793753969,1562554494,Java,Java8 (OpenJDK 1.8.0),java,Wrong Answer,111,21972,1561,
s825489052,p02982,u816935184,1562554491,Python,Python (3.4.3),py,Accepted,312,21696,364,
s422659576,p02982,u988644208,1562554448,Python,Python (3.4.3),py,Wrong Answer,18,3064,367,
s986257828,p02982,u192954470,1562554436,Java,Java8 (OpenJDK 1.8.0),java,Accepted,105,22612,1136,
s384510853,p02982,u193815565,1562554425,C++,C++14 (GCC 5.4.1),cpp,Accepted,1,256,652,
s089428244,p02982,u633402865,1562554392,C++,C++14 (GCC 5.4.1),cpp,Wrong Answer,2,256,651,
s399648048,p02982,u676458682,1562554361,Python,Python (3.4.3),py,Wrong Answer,18,3064,301,
s795873462,p02982,u404629709,1562554352,Python,Python (3.4.3),py,Wrong Answer,17,3064,293,
s711135923,p02982,u766205979,1562554341,C++,C++14 (GCC 5.4.1),cpp,Accepted,1,256,1336,
s135913968,p02982,u100812801,1562554333,C++,C++14 (GCC 5.4.1),cpp,Wrong Answer,3,256,607,
s463881046,p02982,u401900157,1562554320,C++,C++14 (GCC 5.4.1),cpp,Accepted,8,764,506,
s194873298,p02982,u767664985,1562554313,Python,Python (3.4.3),py,Accepted,18,3188,311,
s963564580,p02982,u599925824,1562554293,Python,Python (3.4.3),py,Accepted,150,12504,370,
s635635365,p02982,u401900157,1562554269,C++,C++14 (GCC 5.4.1),cpp,Compile Error,,,505,
s292704411,p02982,u912025537,1562554255,C,C (GCC 5.4.1),c,Wrong Answer,1,128,704,
s855920473,p02982,u816800341,1562554252,C++,C++14 (GCC 5.4.1),cpp,Accepted,1,256,1564,
s659786022,p02982,u306142032,1562554247,C++,C++14 (GCC 5.4.1),cpp,Accepted,1,256,2257,
s433027138,p02982,u194193990,1562554214,C++,C++14 (GCC 5.4.1),cpp,Accepted,1,256,612,
s753351427,p02982,u955881349,1562554207,C,C (GCC 5.4.1),c,Accepted,1,128,572,
s164510512,p02982,u801530021,1562554202,C++,C++14 (GCC 5.4.1),cpp,Wrong Answer,1,256,266,
s053040891,p02982,u770964565,1562554197,C++,C++14 (GCC 5.4.1),cpp,Accepted,1,256,729,
s400638219,p02982,u992424580,1562554188,C++,C++14 (GCC 5.4.1),cpp,Accepted,1,256,1785,
s272432352,p02982,u100812801,1562554182,C++,C++14 (GCC 5.4.1),cpp,Compile Error,,,597,
s271177418,p02982,u676458682,1562554157,Python,Python (3.4.3),py,Accepted,17,3064,319,
s893026221,p02982,u784802858,1562554157,Rust,Rust (1.15.1),rs,Accepted,2,4352,1023,
s650199421,p02982,u100812801,1562554156,C++,C++14 (GCC 5.4.1),cpp,Compile Error,,,597,
s194965124,p02982,u128527648,1562554153,C++,C++14 (GCC 5.4.1),cpp,Accepted,2,256,1333,
s849034066,p02982,u598696606,1562554149,Python,Python (3.4.3),py,Accepted,151,12424,482,
s148651360,p02982,u378750914,1562554145,C++,C++14 (GCC 5.4.1),cpp,Accepted,1,256,716,
s628343173,p02982,u702482655,1562554144,Ruby,Ruby (2.3.3),rb,Accepted,7,1788,163,
s290045004,p02982,u697192564,1562554128,C++,C++14 (GCC 5.4.1),cpp,Accepted,1,128,383,
s251871025,p02982,u147067618,1562554121,C++,C++14 (GCC 5.4.1),cpp,Accepted,1,256,503,
s334685820,p02982,u965840662,1562554114,Python,Python (3.4.3),py,Accepted,17,3064,334,
s690604672,p02982,u425701555,1562554114,C++,C++14 (GCC 5.4.1),cpp,Wrong Answer,1,256,485,
s041900102,p02982,u333404917,1562554110,Python,Python (3.4.3),py,Runtime Error,158,12388,423,
s316527025,p02982,u955881349,1562554110,C,C (GCC 5.4.1),c,Wrong Answer,1,128,571,
s069148019,p02982,u474377871,1562554098,C++,C++14 (GCC 5.4.1),cpp,Accepted,1,256,426,
s285681200,p02982,u728467704,1562554080,C#,C# (Mono 4.6.2.0),cs,Wrong Answer,31,13524,1666,
s317110302,p02982,u880622797,1562554057,C++,C++14 (GCC 5.4.1),cpp,Accepted,3,256,681,
s959131106,p02982,u333404917,1562554050,Python,Python (3.4.3),py,Runtime Error,149,12284,461,
s450897047,p02982,u955881349,1562554031,C,C (GCC 5.4.1),c,Compile Error,,,570,
s195050386,p02982,u021124817,1562554030,JavaScript,JavaScript (node.js v5.12),js,Wrong Answer,55,7756,1670,
s092516062,p02982,u404629709,1562554027,Python,Python (3.4.3),py,Wrong Answer,17,3064,299,
s323897408,p02982,u199574042,1562554024,C++,C++14 (GCC 5.4.1),cpp,Accepted,1,256,915,
s992438726,p02982,u117348081,1562554018,C++,C++14 (GCC 5.4.1),cpp,Accepted,1,256,510,
s208420106,p02982,u334222621,1562554005,Python,Python (3.4.3),py,Wrong Answer,17,3064,765,
s804098877,p02982,u702482655,1562554005,Ruby,Ruby (2.3.3),rb,Runtime Error,7,1788,158,
s273510955,p02982,u175840996,1562553977,PHP,PHP7 (7.0.15),php,Wrong Answer,10,4856,555,
s890802852,p02982,u908039151,1562553950,Java,Java8 (OpenJDK 1.8.0),java,Accepted,99,23764,1280,
s677432289,p02982,u912025537,1562553902,C,C (GCC 5.4.1),c,Wrong Answer,1,128,641,
s478255521,p02982,u053360288,1562553896,C++,C++14 (GCC 5.4.1),cpp,Accepted,2,256,695,
s669436183,p02982,u334222621,1562553870,Python,Python (3.4.3),py,Wrong Answer,17,3064,729,
s507435616,p02982,u831873811,1562553856,C++,C++14 (GCC 5.4.1),cpp,Accepted,1,256,869,
s263506855,p02982,u108617242,1562553844,Python,Python (3.4.3),py,Accepted,17,3060,339,
s014422924,p02982,u681869152,1562553837,C++,C++14 (GCC 5.4.1),cpp,Accepted,1,128,611,
s790269744,p02982,u544532249,1562553834,C++,C++14 (GCC 5.4.1),cpp,Accepted,1,256,825,
s903482684,p02982,u152129372,1562553828,C++,C++14 (GCC 5.4.1),cpp,Accepted,1,256,2216,
s487724551,p02982,u653206280,1562553823,C++,C++14 (GCC 5.4.1),cpp,Accepted,1,256,718,
s105423987,p02982,u200509145,1562553799,C++,C++14 (GCC 5.4.1),cpp,Accepted,1,256,679,
s316575502,p02982,u100812801,1562553796,C++,C++14 (GCC 5.4.1),cpp,Wrong Answer,8,764,725,
s456857978,p02982,u586567203,1562553773,C++,C++14 (GCC 5.4.1),cpp,Accepted,2,256,729,
s357073872,p02982,u728467704,1562553755,C#,C# (Mono 4.6.2.0),cs,Wrong Answer,31,13524,1620,
s294295360,p02982,u676458682,1562553743,Python,Python (3.4.3),py,Wrong Answer,17,3064,286,
s271929983,p02982,u054798759,1562553740,C++,C++14 (GCC 5.4.1),cpp,Accepted,1,256,468,
s331628065,p02982,u605284854,1562553738,C++,C++14 (GCC 5.4.1),cpp,Accepted,1,384,570,
s880152229,p02982,u544532249,1562553735,C++,C++14 (GCC 5.4.1),cpp,Compile Error,,,1803,
s004567318,p02982,u929880800,1562553714,C#,C# (Mono 4.6.2.0),cs,Accepted,22,13268,1862,
s524737687,p02982,u026155812,1562553707,Python,Python (3.4.3),py,Accepted,17,3064,344,
s498399747,p02982,u627427672,1562553705,C++,C++14 (GCC 5.4.1),cpp,Accepted,1,256,854,
s216605199,p02982,u379928983,1562553703,C++,C++14 (GCC 5.4.1),cpp,Wrong Answer,1,256,1759,
s688065979,p02982,u831873811,1562553690,C++,C++14 (GCC 5.4.1),cpp,Wrong Answer,1,256,868,
s952154586,p02982,u570522509,1562553683,C++,C++14 (GCC 5.4.1),cpp,Accepted,1,256,2154,
s940056402,p02982,u155403964,1562553667,Ruby,Ruby (2.3.3),rb,Accepted,8,2172,352,
s381087501,p02982,u054798759,1562553663,C++,C++14 (GCC 5.4.1),cpp,Wrong Answer,2,640,470,
s884784585,p02982,u003516884,1562553658,C++,C++14 (GCC 5.4.1),cpp,Wrong Answer,1,256,562,
s860551158,p02982,u544532249,1562553652,C++,C++14 (GCC 5.4.1),cpp,Compile Error,,,1763,
s545845657,p02982,u855429581,1562553649,C++,C++14 (GCC 5.4.1),cpp,Accepted,1,128,610,
s678340866,p02982,u128646083,1562553645,Python,Python (3.4.3),py,Runtime Error,20,3064,393,
s712083705,p02982,u100812801,1562553645,C++,C++14 (GCC 5.4.1),cpp,Wrong Answer,1,256,698,
s823375657,p02982,u054798759,1562553624,C++,C++14 (GCC 5.4.1),cpp,Compile Error,,,474,
s148801315,p02982,u605284854,1562553623,C++,C++14 (GCC 5.4.1),cpp,Runtime Error,96,256,566,
s188168898,p02982,u379928983,1562553621,C++,C++14 (GCC 5.4.1),cpp,Wrong Answer,1,256,1759,
s995782239,p02982,u423624748,1562553619,C++,C++14 (GCC 5.4.1),cpp,Accepted,1,256,3211,
s964465765,p02982,u627234757,1562553618,Python,Python (3.4.3),py,Wrong Answer,18,3064,451,
s112214821,p02982,u379928983,1562553613,C++,C++14 (GCC 5.4.1),cpp,Wrong Answer,1,256,1759,
s086986537,p02982,u003516884,1562553609,C++,C++14 (GCC 5.4.1),cpp,Wrong Answer,1,256,591,
s871090795,p02982,u376515719,1562553604,Python,Python (3.4.3),py,Wrong Answer,152,12444,418,
s457213984,p02982,u260131566,1562553602,C++,C++14 (GCC 5.4.1),cpp,Compile Error,,,1431,
s844865901,p02982,u705918648,1562553599,C++,C++14 (GCC 5.4.1),cpp,Accepted,1,256,4275,
s953000097,p02982,u270793064,1562553597,JavaScript,JavaScript (node.js v5.12),js,Runtime Error,56,7244,890,
s880579358,p02982,u948694207,1562553595,Java,Java8 (OpenJDK 1.8.0),java,Compile Error,,,1037,
s040971024,p02982,u703214333,1562553594,C++,C++14 (GCC 5.4.1),cpp,Compile Error,,,425,
s854208218,p02982,u816935184,1562553592,Python,Python (3.4.3),py,Wrong Answer,152,12428,347,
s411351931,p02982,u613944332,1562553589,Java,Java8 (OpenJDK 1.8.0),java,Wrong Answer,109,21844,1442,
s407201846,p02982,u404299586,1562553588,C,C (GCC 5.4.1),c,Wrong Answer,1,128,723,
s458431184,p02982,u172337086,1562553587,Python,Python (3.4.3),py,Runtime Error,150,12428,409,
s439937032,p02982,u977062184,1562553583,C,C (GCC 5.4.1),c,Runtime Error,96,128,1046,
s799932717,p02982,u598696606,1562553581,Python,Python (3.4.3),py,Runtime Error,148,12392,456,
s394391325,p02982,u546853743,1562553577,C,C (GCC 5.4.1),c,Runtime Error,2103,5632,316,
s809997129,p02982,u860420407,1562553576,C,C (GCC 5.4.1),c,Wrong Answer,1,128,925,
s796000384,p02982,u128646083,1562553571,Python,Python (3.4.3),py,Runtime Error,17,3064,393,
s916736355,p02982,u734473573,1562553568,C++,C++14 (GCC 5.4.1),cpp,Wrong Answer,1,256,851,
s424796499,p02982,u102871988,1562553562,C++,C++14 (GCC 5.4.1),cpp,Runtime Error,149,256,544,
s622578214,p02982,u499009346,1562553562,C++,C++14 (GCC 5.4.1),cpp,Accepted,1,256,1152,
s756885670,p02982,u054798759,1562553556,C++,C++14 (GCC 5.4.1),cpp,Compile Error,,,470,
s093484918,p02982,u464527162,1562553552,C++,C++14 (GCC 5.4.1),cpp,Runtime Error,97,256,517,
s971888992,p02982,u349365032,1562553549,Python,Python (3.4.3),py,Wrong Answer,18,3064,473,
s897677694,p02982,u294829559,1562553547,C++,C++14 (GCC 5.4.1),cpp,Wrong Answer,2,384,538,
s324454669,p02982,u172337086,1562553546,Python,Python (3.4.3),py,Runtime Error,153,12428,409,
s565328566,p02982,u053360288,1562553546,C++,C++14 (GCC 5.4.1),cpp,Wrong Answer,1,256,827,
s005147164,p02982,u750436322,1562553542,C++,C++14 (GCC 5.4.1),cpp,Accepted,1,256,1088,
s186666783,p02982,u100452936,1562553540,C++,C++14 (GCC 5.4.1),cpp,Wrong Answer,1,256,1034,
s114211590,p02982,u293403071,1562553539,Python,Python (3.4.3),py,Wrong Answer,19,3064,398,
s085635755,p02982,u358043653,1562553533,C++,C++14 (GCC 5.4.1),cpp,Accepted,1,256,419,
s695219131,p02982,u613944332,1562553532,Java,Java8 (OpenJDK 1.8.0),java,Wrong Answer,101,23636,1023,
s376327231,p02982,u102288943,1562553531,JavaScript,JavaScript (node.js v5.12),js,Accepted,53,7372,730,
s602256963,p02982,u770964565,1562553528,C++,C++14 (GCC 5.4.1),cpp,Wrong Answer,1,256,716,
s236814203,p02982,u107519233,1562553527,C,C (GCC 5.4.1),c,Runtime Error,97,128,466,
s711594799,p02982,u816935184,1562553526,Python,Python (3.4.3),py,Runtime Error,149,12484,317,
s442819704,p02982,u379393519,1562553523,C++,C++14 (GCC 5.4.1),cpp,Wrong Answer,1,256,401,
s477617196,p02982,u860420407,1562553520,C,C (GCC 5.4.1),c,Compile Error,,,918,
s970799560,p02982,u131189581,1562553519,C,C (GCC 5.4.1),c,Compile Error,,,913,
s035471021,p02982,u172337086,1562553514,Python,Python (3.4.3),py,Runtime Error,151,12428,409,
s020336053,p02982,u390901416,1562553505,C++,C++14 (GCC 5.4.1),cpp,Accepted,1,256,594,
s345154649,p02982,u054798759,1562553505,C++,C++14 (GCC 5.4.1),cpp,Compile Error,,,463,
s094187729,p02982,u171015617,1562553503,C#,C# (Mono 4.6.2.0),cs,Wrong Answer,21,11220,685,
s557005740,p02982,u775097519,1562553503,C,C (GCC 5.4.1),c,Compile Error,,,538,
s320674676,p02982,u072526305,1562553500,C++,C++14 (GCC 5.4.1),cpp,Wrong Answer,1,256,780,
s058225111,p02982,u298381622,1562553498,C++,C++14 (GCC 5.4.1),cpp,Accepted,1,256,903,
s521764491,p02982,u100812801,1562553493,C++,C++14 (GCC 5.4.1),cpp,Wrong Answer,1,256,735,
s322006781,p02982,u088388404,1562553487,Java,Java8 (OpenJDK 1.8.0),java,Accepted,107,21460,570,
s921166409,p02982,u703214333,1562553474,C++,C++14 (GCC 5.4.1),cpp,Compile Error,,,420,
s271888706,p02982,u392058778,1562553466,C++,C++14 (GCC 5.4.1),cpp,Accepted,1,256,1614,
s411474785,p02982,u831873811,1562553464,C++,C++14 (GCC 5.4.1),cpp,Wrong Answer,1,256,873,
s482353055,p02982,u768638812,1562553457,C++,C++14 (GCC 5.4.1),cpp,Wrong Answer,1,128,541,
s184661075,p02982,u546853743,1562553444,C,C (GCC 5.4.1),c,Runtime Error,2103,5504,317,
s630138824,p02982,u499009346,1562553442,C++,C++14 (GCC 5.4.1),cpp,Wrong Answer,1,256,931,
s286819042,p02982,u509830642,1562553437,Python,Python (3.4.3),py,Runtime Error,160,12492,511,
s079723698,p02982,u270945478,1562553436,C++,C++14 (GCC 5.4.1),cpp,Accepted,1,256,555,
s915890032,p02982,u172337086,1562553426,Python,Python (3.4.3),py,Runtime Error,151,12428,409,
s728237625,p02982,u100812801,1562553422,C++,C++14 (GCC 5.4.1),cpp,Wrong Answer,1,256,731,
s199186437,p02982,u581707881,1562553419,Python,Python (3.4.3),py,Accepted,18,3064,348,
s478277540,p02982,u988031875,1562553415,C,C (GCC 5.4.1),c,Wrong Answer,1,128,826,
s323854790,p02982,u915047926,1562553415,C++,C++14 (GCC 5.4.1),cpp,Accepted,1,256,999,
s130549723,p02982,u546853743,1562553401,C,C (GCC 5.4.1),c,Compile Error,,,315,
s244583257,p02982,u958210291,1562553396,Java,Java8 (OpenJDK 1.8.0),java,Wrong Answer,94,22740,1131,
s258019676,p02982,u142234618,1562553395,C++,C++14 (GCC 5.4.1),cpp,Accepted,1,256,536,
s029281884,p02982,u761720628,1562553395,C++,C++14 (GCC 5.4.1),cpp,Wrong Answer,2,256,974,
s998209543,p02982,u726501606,1562553381,C++,C++14 (GCC 5.4.1),cpp,Accepted,4,384,1497,
s523317162,p02982,u376904820,1562553380,Python,Python (3.4.3),py,Accepted,154,12508,304,
s308860568,p02982,u662729716,1562553378,Java,Java8 (OpenJDK 1.8.0),java,Runtime Error,101,23764,511,
s899404709,p02982,u002547574,1562553376,C++,C++14 (GCC 5.4.1),cpp,Accepted,1,256,737,
s755664710,p02982,u100812801,1562553375,C++,C++14 (GCC 5.4.1),cpp,Wrong Answer,1,256,709,
s512538983,p02982,u985648232,1562553372,Python,Python (3.4.3),py,Wrong Answer,17,3064,436,
s097696707,p02982,u696044072,1562553369,C++,C++14 (GCC 5.4.1),cpp,Accepted,1,256,511,
s749770615,p02982,u629354426,1562553367,C,C (GCC 5.4.1),c,Accepted,1,128,612,
s674840688,p02982,u709304134,1562553363,Python,Python (3.4.3),py,Accepted,301,19364,228,
s143753852,p02982,u199184624,1562553359,C++,C++14 (GCC 5.4.1),cpp,Accepted,1,256,599,
s167645295,p02982,u674812531,1562553358,C,C (GCC 5.4.1),c,Wrong Answer,1,128,676,
s119924395,p02982,u377690042,1562553353,Java,Java8 (OpenJDK 1.8.0),java,Accepted,106,22612,843,
s741172165,p02982,u955881349,1562553352,C,C (GCC 5.4.1),c,Wrong Answer,1,128,593,
s428695129,p02982,u958210291,1562553342,Java,Java8 (OpenJDK 1.8.0),java,Wrong Answer,93,22740,1131,
s433980926,p02982,u991076420,1562553335,Java,Java8 (OpenJDK 1.8.0),java,Accepted,112,21844,857,
s603583503,p02982,u775097519,1562553326,C,C (GCC 5.4.1),c,Compile Error,,,517,
s826283208,p02982,u794477892,1562553324,C++,C++14 (GCC 5.4.1),cpp,Accepted,1,256,1148,
s497326116,p02982,u948694207,1562553322,Java,Java8 (OpenJDK 1.8.0),java,Wrong Answer,100,23380,987,
s891630601,p02982,u891084209,1562553302,JavaScript,JavaScript (node.js v5.12),js,Wrong Answer,53,7372,1067,
s801434909,p02982,u831873811,1562553300,C++,C++14 (GCC 5.4.1),cpp,Wrong Answer,1,256,873,
s664912060,p02982,u425701555,1562553298,C++,C++14 (GCC 5.4.1),cpp,Wrong Answer,1,256,485,
s390416830,p02982,u756693875,1562553295,Python,Python (3.4.3),py,Runtime Error,150,12464,353,
s660933505,p02982,u464527162,1562553290,C++,C++14 (GCC 5.4.1),cpp,Runtime Error,102,256,513,
s486805257,p02982,u172337086,1562553285,Python,Python (3.4.3),py,Wrong Answer,150,12428,407,
s323092420,p02982,u575279726,1562553280,C++,C++14 (GCC 5.4.1),cpp,Accepted,1,256,536,
s283283591,p02982,u059187806,1562553277,C++,C++14 (GCC 5.4.1),cpp,Accepted,1,256,1063,
s959489767,p02982,u915689660,1562553265,C++,C++14 (GCC 5.4.1),cpp,Wrong Answer,3,512,859,
s672846643,p02982,u543569321,1562553264,Java,Java8 (OpenJDK 1.8.0),java,Wrong Answer,110,21844,1029,
s009278756,p02982,u656568465,1562553257,C++,C++14 (GCC 5.4.1),cpp,Wrong Answer,1,256,565,
s545223964,p02982,u084069244,1562553239,Python,Python (3.4.3),py,Accepted,18,3064,454,
s256153260,p02982,u766205979,1562553225,C++,C++14 (GCC 5.4.1),cpp,Runtime Error,99,256,1336,
s071680081,p02982,u019489252,1562553219,Ruby,Ruby (2.3.3),rb,Accepted,7,1788,105,
s610698748,p02982,u831873811,1562553216,C++,C++14 (GCC 5.4.1),cpp,Wrong Answer,1,256,873,
s183219612,p02982,u958210291,1562553213,Java,Java8 (OpenJDK 1.8.0),java,Runtime Error,108,21844,1075,
s702403274,p02982,u199184624,1562553208,C++,C++14 (GCC 5.4.1),cpp,Compile Error,,,582,
s445350626,p02982,u728615412,1562553208,Python,Python (3.4.3),py,Accepted,149,12508,352,
s226959620,p02982,u811612390,1562553194,C,C (GCC 5.4.1),c,Accepted,1,128,545,
s304427964,p02982,u304209389,1562553189,Python,Python (3.4.3),py,Wrong Answer,17,3064,1030,
s764916019,p02982,u698598617,1562553180,C++,C++14 (GCC 5.4.1),cpp,Wrong Answer,1,256,705,
s726935056,p02982,u801812671,1562553177,C++,C++14 (GCC 5.4.1),cpp,Runtime Error,98,256,819,
s936087563,p02982,u120711599,1562553177,C++,C++14 (GCC 5.4.1),cpp,Accepted,1,256,505,
s098707324,p02982,u985648232,1562553176,Python,Python (3.4.3),py,Runtime Error,18,3060,368,
s527606667,p02982,u465133507,1562553174,Kotlin,Kotlin (1.0.0),kt,Accepted,241,37920,681,
s052285952,p02982,u004540546,1562553172,Java,Java8 (OpenJDK 1.8.0),java,Accepted,105,21844,1100,
s803369100,p02982,u270793064,1562553167,JavaScript,JavaScript (node.js v5.12),js,Runtime Error,50,7244,896,
s736620781,p02982,u831873811,1562553166,C++,C++14 (GCC 5.4.1),cpp,Wrong Answer,1,256,872,
s416331413,p02982,u100812801,1562553164,C++,C++14 (GCC 5.4.1),cpp,Wrong Answer,1,256,722,
s087479228,p02982,u695655590,1562553164,Python,Python (3.4.3),py,Accepted,19,3064,504,
s601194630,p02982,u293511800,1562553163,C++,C++14 (GCC 5.4.1),cpp,Accepted,1,256,780,
s543693868,p02982,u269235541,1562553149,Python,Python (3.4.3),py,Wrong Answer,18,3064,403,
s570783158,p02982,u895515293,1562553148,Python,Python (3.4.3),py,Accepted,18,3064,746,
s456273201,p02982,u970690920,1562553141,C++,C++14 (GCC 5.4.1),cpp,Wrong Answer,1,256,483,
s695824354,p02982,u664716463,1562553140,C++,C++14 (GCC 5.4.1),cpp,Wrong Answer,1,256,437,
s805676024,p02982,u485540574,1562553137,Java,Java8 (OpenJDK 1.8.0),java,Accepted,70,21332,1224,
s958881349,p02982,u199184624,1562553134,C++,C++14 (GCC 5.4.1),cpp,Compile Error,,,582,
s468713613,p02982,u000113982,1562553129,C++,C++14 (GCC 5.4.1),cpp,Accepted,1,256,677,
s478657001,p02982,u546853743,1562553125,C,C (GCC 5.4.1),c,Runtime Error,2103,5760,280,
s097312627,p02982,u425701555,1562553120,C++,C++14 (GCC 5.4.1),cpp,Wrong Answer,1,256,485,
s488321173,p02982,u132033278,1562553115,C++,C++14 (GCC 5.4.1),cpp,Accepted,3,256,536,
s693623186,p02982,u275156223,1562553112,C,C (GCC 5.4.1),c,Accepted,1,128,1059,
s970470755,p02982,u483640741,1562553108,Python,Python (3.4.3),py,Accepted,150,14432,445,
s813780249,p02982,u527984786,1562553106,C++,C++14 (GCC 5.4.1),cpp,Accepted,1,256,573,
s134601918,p02982,u199574042,1562553106,C++,C++14 (GCC 5.4.1),cpp,Wrong Answer,1,256,910,
s960244859,p02982,u739589123,1562553106,C,C (GCC 5.4.1),c,Accepted,1,128,537,
s551195562,p02982,u230139835,1562553096,C++,C++14 (GCC 5.4.1),cpp,Accepted,1,256,1130,
s264756402,p02982,u293511800,1562553095,C++,C++14 (GCC 5.4.1),cpp,Wrong Answer,1,256,771,
s591261944,p02982,u546853743,1562553088,C,C (GCC 5.4.1),c,Compile Error,,,280,
s586438789,p02982,u097683098,1562553077,C,C (GCC 5.4.1),c,Accepted,1,128,448,
s842760909,p02982,u728615412,1562553062,Python,Python (3.4.3),py,Wrong Answer,149,12508,352,
s015956953,p02982,u245864231,1562553059,Python,Python (3.4.3),py,Wrong Answer,150,12432,393,
s827397031,p02982,u370945119,1562553058,C,C (GCC 5.4.1),c,Wrong Answer,1,128,797,
s180494814,p02982,u228592109,1562553051,Python,Python (3.4.3),py,Accepted,19,3064,381,
s388789994,p02982,u777137418,1562553049,C++,C++14 (GCC 5.4.1),cpp,Accepted,1,256,1030,
s290909874,p02982,u199184624,1562553046,C++,C++14 (GCC 5.4.1),cpp,Compile Error,,,584,
s077738621,p02982,u416758623,1562553045,Python,Python (3.4.3),py,Wrong Answer,150,12432,446,
s239643247,p02982,u739589123,1562553044,C,C (GCC 5.4.1),c,Wrong Answer,1,128,590,
s364077053,p02982,u958210291,1562553042,Java,Java8 (OpenJDK 1.8.0),java,Runtime Error,106,23892,1074,
s535908370,p02982,u509750017,1562553039,C,C (GCC 5.4.1),c,Accepted,1,128,771,
s773771249,p02982,u685922019,1562553034,C++,C++14 (GCC 5.4.1),cpp,Accepted,1,256,738,
s292966528,p02982,u001566280,1562553033,C++,C++14 (GCC 5.4.1),cpp,Accepted,1,256,1418,
s922642091,p02982,u404299586,1562553032,C,C (GCC 5.4.1),c,Runtime Error,1,128,685,
s945496299,p02982,u811612390,1562553029,C,C (GCC 5.4.1),c,Wrong Answer,1,128,542,
s415933224,p02982,u379254887,1562553019,Perl,Perl (v5.18.2),pl,Accepted,14,1920,774,
s394902293,p02982,u527984786,1562553014,C++,C++14 (GCC 5.4.1),cpp,Wrong Answer,1,256,573,
s016389196,p02982,u531258707,1562552980,Python,Python (3.4.3),py,Accepted,153,12500,671,
s670323339,p02982,u273004731,1562552973,C++,C++14 (GCC 5.4.1),cpp,Accepted,1,256,545,
s987257565,p02982,u084069244,1562552973,Python,Python (3.4.3),py,Wrong Answer,18,3064,454,
s090211766,p02982,u633757735,1562552971,C++,C++14 (GCC 5.4.1),cpp,Accepted,1,384,560,
s394552317,p02982,u741144749,1562552957,C++,C++14 (GCC 5.4.1),cpp,Accepted,1,256,913,
s186425144,p02982,u370945119,1562552955,C,C (GCC 5.4.1),c,Wrong Answer,1,128,795,
s336815398,p02982,u546853743,1562552954,C,C (GCC 5.4.1),c,Runtime Error,2103,5632,277,
s599738139,p02982,u095089755,1562552947,Python,Python (3.4.3),py,Accepted,18,3064,418,
s727881044,p02982,u404299586,1562552946,C,C (GCC 5.4.1),c,Compile Error,,,683,
s466596149,p02982,u084069244,1562552932,Python,Python (3.4.3),py,Wrong Answer,18,3064,466,
s356791096,p02982,u608105024,1562552927,JavaScript,JavaScript (node.js v5.12),js,Accepted,55,7372,523,
s764545173,p02982,u635182517,1562552919,Python,Python (3.4.3),py,Accepted,21,3064,356,
s369831157,p02982,u075367840,1562552919,C,C (GCC 5.4.1),c,Accepted,1,128,725,
s488373319,p02982,u695655590,1562552919,Python,Python (3.4.3),py,Runtime Error,18,3188,505,
s446547312,p02982,u637220270,1562552915,C++,C++14 (GCC 5.4.1),cpp,Wrong Answer,1,256,546,
s353753476,p02982,u401047847,1562552908,Java,Java8 (OpenJDK 1.8.0),java,Accepted,98,22740,1332,
s123053677,p02982,u778204640,1562552907,C#,C# (Mono 4.6.2.0),cs,Accepted,29,13652,7764,
s781562334,p02982,u527984786,1562552906,C++,C++14 (GCC 5.4.1),cpp,Wrong Answer,1,256,572,
s177042634,p02982,u304209389,1562552898,Python,Python (3.4.3),py,Wrong Answer,17,3188,1010,
s917584397,p02982,u425701555,1562552890,C++,C++14 (GCC 5.4.1),cpp,Wrong Answer,1,256,452,
s920552109,p02982,u994695881,1562552887,C++,C++14 (GCC 5.4.1),cpp,Wrong Answer,1,256,647,
s008962547,p02982,u637220270,1562552872,C++,C++14 (GCC 5.4.1),cpp,Compile Error,,,544,
s212031969,p02982,u084069244,1562552867,Python,Python (3.4.3),py,Runtime Error,17,3064,452,
s308537868,p02982,u527984786,1562552855,C++,C++14 (GCC 5.4.1),cpp,Wrong Answer,1,256,572,
s022873624,p02982,u635182517,1562552853,Python,Python (3.4.3),py,Wrong Answer,19,3064,356,
s468782011,p02982,u657610454,1562552851,Go,Go (1.6),go,Accepted,1,640,2050,
s517645582,p02982,u711651016,1562552849,JavaScript,JavaScript (node.js v5.12),js,Wrong Answer,216,21448,1047,
s508154050,p02982,u900267897,1562552847,C++,C++14 (GCC 5.4.1),cpp,Accepted,1,256,872,
s519198673,p02982,u843911000,1562552844,C++,C++14 (GCC 5.4.1),cpp,Accepted,1,640,686,
s367218871,p02982,u777923818,1562552842,Python,Python (3.4.3),py,Accepted,148,12232,689,
s208800625,p02982,u461908112,1562552835,C++,C++14 (GCC 5.4.1),cpp,Accepted,1,256,505,
s575210087,p02982,u852839243,1562552830,C++,C++14 (Clang 3.8.0),cpp,Accepted,1,256,704,
s831988439,p02982,u994695881,1562552828,C++,C++14 (GCC 5.4.1),cpp,Compile Error,,,646,
s603755112,p02982,u349365032,1562552826,Python,PyPy3 (2.4.0),py,Wrong Answer,173,38384,407,
s049240597,p02982,u795990458,1562552824,Java,Java8 (OpenJDK 1.8.0),java,Accepted,109,23764,807,
s223126159,p02982,u546853743,1562552819,C,C (GCC 5.4.1),c,Runtime Error,2103,5632,274,
s556656796,p02982,u824647593,1562552817,Python,Python (3.4.3),py,Accepted,158,12456,408,
s410117226,p02982,u943113504,1562552817,C,C (GCC 5.4.1),c,Accepted,1,128,485,
s043226271,p02982,u984271333,1562552815,Rust,Rust (1.15.1),rs,Accepted,3,4352,10452,
s676661765,p02982,u248874402,1562552802,F#,F# (Mono 4.0),fs,Accepted,51,14300,1221,
s912907751,p02982,u241367243,1562552801,C++,C++14 (GCC 5.4.1),cpp,Accepted,1,256,656,
s223154921,p02982,u245864231,1562552797,Python,Python (3.4.3),py,Wrong Answer,148,12492,389,
s439508742,p02982,u984271333,1562552785,Rust,Rust (1.15.1),rs,Compile Error,,,8817,
s520528491,p02982,u052157238,1562552784,Java,Java7 (OpenJDK 1.7.0),java,Accepted,108,22612,1476,
s891675871,p02982,u043048943,1562552778,Python,PyPy3 (2.4.0),py,Accepted,167,38384,344,
s840654028,p02982,u896734414,1562552775,C,C (GCC 5.4.1),c,Compile Error,,,1374,
s010625066,p02982,u593778400,1562552765,C++,C++14 (GCC 5.4.1),cpp,Wrong Answer,1,256,634,
s470264243,p02982,u777923818,1562552757,Python,PyPy3 (2.4.0),py,Runtime Error,172,38512,689,
s291355522,p02982,u994341534,1562552753,C++,C++14 (GCC 5.4.1),cpp,Accepted,1,128,669,
s054204928,p02982,u984271333,1562552748,Rust,Rust (1.15.1),rs,Compile Error,,,10439,
s251870940,p02982,u522656211,1562552740,Java,Java8 (OpenJDK 1.8.0),java,Accepted,103,21332,1083,
s969567613,p02982,u196432341,1562552733,C++,C++14 (GCC 5.4.1),cpp,Accepted,1,256,2843,
s781398928,p02982,u870416311,1562552726,C++,C++14 (GCC 5.4.1),cpp,Wrong Answer,1,256,711,
s164636857,p02982,u657913472,1562552722,Julia,Julia (0.5.0),jl,Accepted,951,169580,212,
s626036587,p02982,u593778400,1562552720,C++,C++14 (GCC 5.4.1),cpp,Compile Error,,,633,
s201515431,p02982,u629015299,1562552719,C++,C++14 (GCC 5.4.1),cpp,Accepted,1,256,8481,
s385153667,p02982,u873422538,1562552709,Python,Python (3.4.3),py,Runtime Error,284,21416,486,
s177784395,p02982,u526630579,1562552703,C++,C++14 (GCC 5.4.1),cpp,Wrong Answer,1,256,1554,
s183938348,p02982,u740092191,1562552703,C,C (Clang 3.8.0),c,Accepted,1,256,913,
s006868790,p02982,u811612390,1562552703,C,C (GCC 5.4.1),c,Wrong Answer,1,128,550,
s749727940,p02982,u657610454,1562552702,Go,Go (1.6),go,Wrong Answer,1,640,2104,
s789222084,p02982,u636358157,1562552700,C++,C++14 (GCC 5.4.1),cpp,Wrong Answer,1,256,667,
s831654521,p02982,u180133008,1562552695,C++,C++14 (GCC 5.4.1),cpp,Accepted,1,128,591,
s594225975,p02982,u546853743,1562552692,C,C (GCC 5.4.1),c,Compile Error,,,276,
s640329834,p02982,u994341534,1562552689,C++,C++14 (GCC 5.4.1),cpp,Compile Error,,,670,
s173480237,p02982,u760794812,1562552687,Python,Python (3.4.3),py,Accepted,18,3064,398,
s559769710,p02982,u370945119,1562552686,C,C (GCC 5.4.1),c,Wrong Answer,1,128,789,
s605272803,p02982,u535588603,1562552683,Ruby,Ruby (2.3.3),rb,Accepted,7,1788,366,
s675899971,p02982,u084069244,1562552682,Python,Python (3.4.3),py,Wrong Answer,18,3064,419,
s998361354,p02982,u802627598,1562552678,Python,Python (3.4.3),py,Wrong Answer,19,3188,562,
s374073786,p02982,u687173709,1562552676,Python,Python (3.4.3),py,Accepted,17,3064,449,
s403310293,p02982,u321094662,1562552672,C++,C++14 (GCC 5.4.1),cpp,Wrong Answer,1,256,802,
s707279470,p02982,u873422538,1562552671,Python,Python (3.4.3),py,Runtime Error,147,12284,486,
s437161838,p02982,u547487356,1562552667,C++,C++14 (GCC 5.4.1),cpp,Accepted,1,256,786,
s778304805,p02982,u994341534,1562552666,C,C (GCC 5.4.1),c,Compile Error,,,670,
s457054581,p02982,u591717585,1562552664,Java,Java8 (OpenJDK 1.8.0),java,Accepted,70,21076,3482,
s503826072,p02982,u250090834,1562552652,Python,Python (3.4.3),py,Accepted,21,3316,296,
s358981798,p02982,u801812671,1562552650,C++,C++14 (GCC 5.4.1),cpp,Runtime Error,97,256,878,
s083820020,p02982,u798557584,1562552636,C++,C++14 (GCC 5.4.1),cpp,Accepted,1,256,661,
s129314510,p02982,u708618797,1562552629,C++,C++14 (GCC 5.4.1),cpp,Accepted,1,256,2710,
s589643307,p02982,u811612390,1562552626,C,C (GCC 5.4.1),c,Wrong Answer,1,128,542,
s384139159,p02982,u793753969,1562552623,Java,Java8 (OpenJDK 1.8.0),java,Wrong Answer,111,21844,1518,
s406158320,p02982,u904221771,1562552622,C++,C++14 (GCC 5.4.1),cpp,Accepted,1,256,2117,
s562053684,p02982,u994341534,1562552621,C++,C++14 (GCC 5.4.1),cpp,Compile Error,,,670,
s727262582,p02982,u093219895,1562552619,C++,C++14 (GCC 5.4.1),cpp,Accepted,1,256,2696,
s146436468,p02982,u089668660,1562552617,C++,C++14 (Clang 3.8.0),cpp,Accepted,5,256,805,
s192089911,p02982,u852839243,1562552603,C++,C++14 (Clang 3.8.0),cpp,Wrong Answer,2,384,675,
s848387553,p02982,u006403945,1562552602,C,C (GCC 5.4.1),c,Accepted,1,128,965,
s119746539,p02982,u175942555,1562552599,C++,C++14 (GCC 5.4.1),cpp,Wrong Answer,1,256,609,
s348689341,p02982,u687173709,1562552595,Python,Python (3.4.3),py,Wrong Answer,18,3064,610,
s498981531,p02982,u003581113,1562552592,Python,Python (3.4.3),py,Accepted,18,3064,394,
s180200522,p02982,u486151086,1562552591,C++,C++14 (GCC 5.4.1),cpp,Accepted,15,14464,676,
s355983275,p02982,u557168336,1562552587,C++,C++14 (GCC 5.4.1),cpp,Accepted,6,764,942,
s581995959,p02982,u741144749,1562552586,C++,C++14 (GCC 5.4.1),cpp,Runtime Error,129,256,911,
s626997528,p02982,u975039852,1562552577,Python,Python (3.4.3),py,Accepted,149,12508,248,
s549766313,p02982,u899421906,1562552576,Python,Python (3.4.3),py,Accepted,18,3060,332,
s024660250,p02982,u793753969,1562552568,Java,Java8 (OpenJDK 1.8.0),java,Wrong Answer,111,21844,1520,
s872021718,p02982,u695655590,1562552567,Python,Python (3.4.3),py,Runtime Error,18,3064,432,
s335096618,p02982,u852839243,1562552554,C++,C++14 (Clang 3.8.0),cpp,Compile Error,,,670,
s678431294,p02982,u300866293,1562552548,C++,C++14 (GCC 5.4.1),cpp,Accepted,1,256,2009,
s507524431,p02982,u315947928,1562552544,C++,C++14 (GCC 5.4.1),cpp,Accepted,2,256,575,
s300162863,p02982,u761720628,1562552537,C++,C++14 (GCC 5.4.1),cpp,Wrong Answer,1,256,966,
s552422792,p02982,u708618797,1562552534,C++,C++14 (GCC 5.4.1),cpp,Runtime Error,96,256,2709,
s674541214,p02982,u404299586,1562552528,C,C (GCC 5.4.1),c,Wrong Answer,1,128,624,
s104930633,p02982,u994695881,1562552525,C++,C++14 (GCC 5.4.1),cpp,Wrong Answer,1,256,609,
s649384723,p02982,u591322332,1562552524,Python,Python (3.4.3),py,Accepted,18,3064,358,
s775040966,p02982,u795990458,1562552520,Java,Java8 (OpenJDK 1.8.0),java,Runtime Error,97,22608,811,
s967494327,p02982,u268262648,1562552509,Java,Java8 (OpenJDK 1.8.0),java,Accepted,193,26836,776,
s297717496,p02982,u202400524,1562552507,C++,C++14 (GCC 5.4.1),cpp,Wrong Answer,1,256,358,
s675560282,p02982,u673929865,1562552505,C++,C++14 (GCC 5.4.1),cpp,Accepted,1,256,775,
s848236912,p02982,u370945119,1562552502,C,C (GCC 5.4.1),c,Compile Error,,,834,
s201427534,p02982,u070600790,1562552496,C++,C++14 (GCC 5.4.1),cpp,Accepted,1,256,1028,
s340500540,p02982,u644546699,1562552487,C++,C++14 (GCC 5.4.1),cpp,Accepted,1,128,618,
s236985174,p02982,u751960655,1562552482,TypeScript,TypeScript (2.1.6),ts,Wrong Answer,54,7500,723,
s570791577,p02982,u013936801,1562552476,C++,C++14 (GCC 5.4.1),cpp,Accepted,1,256,706,
s422877686,p02982,u829844117,1562552470,C++,C++14 (GCC 5.4.1),cpp,Accepted,3,512,821,
s987248240,p02982,u032566873,1562552469,Python,Python (3.4.3),py,Accepted,18,3064,373,
s222974187,p02982,u670391281,1562552465,C++,C++14 (GCC 5.4.1),cpp,Accepted,1,256,450,
s326021642,p02982,u914135866,1562552464,C++,C++14 (GCC 5.4.1),cpp,Accepted,1,256,931,
s780614055,p02982,u526630579,1562552461,C++,C++14 (GCC 5.4.1),cpp,Compile Error,,,1468,
s752601748,p02982,u465133507,1562552457,Kotlin,Kotlin (1.0.0),kt,Wrong Answer,242,37724,678,
s518110931,p02982,u740900993,1562552457,C,C (GCC 5.4.1),c,Accepted,1,384,506,
s858415866,p02982,u636279017,1562552447,C++,C++14 (GCC 5.4.1),cpp,Accepted,1,256,824,
s864993509,p02982,u150255544,1562552445,C++,C++14 (GCC 5.4.1),cpp,Accepted,1,256,1375,
s332154669,p02982,u612745975,1562552440,C++,C++14 (GCC 5.4.1),cpp,Accepted,1,256,458,
s203047204,p02982,u993688697,1562552440,C++,C++14 (GCC 5.4.1),cpp,Accepted,1,256,824,
s672868600,p02982,u988644208,1562552437,Python,Python (3.4.3),py,Runtime Error,17,3064,359,
s577074641,p02982,u456173040,1562552431,C,C (GCC 5.4.1),c,Accepted,4,512,690,
s521992781,p02982,u683846001,1562552426,C++,C++14 (GCC 5.4.1),cpp,Accepted,1,128,525,
s128512547,p02982,u657610454,1562552424,Go,Go (1.6),go,Wrong Answer,1,640,2091,
s409940682,p02982,u883885514,1562552418,C++,C++14 (GCC 5.4.1),cpp,Compile Error,,,343,
s541238898,p02982,u261965335,1562552413,C++,C++14 (GCC 5.4.1),cpp,Accepted,1,256,806,
s298694878,p02982,u877847737,1562552410,C++,C++14 (GCC 5.4.1),cpp,Accepted,1,256,574,
s601930663,p02982,u497363157,1562552409,JavaScript,JavaScript (node.js v5.12),js,Accepted,54,7500,856,
s241786016,p02982,u181668771,1562552409,Python,Python (3.4.3),py,Accepted,18,3064,369,
s204724680,p02982,u852839243,1562552404,C++,C++14 (Clang 3.8.0),cpp,Wrong Answer,1,256,658,
s964924762,p02982,u359612453,1562552397,C++,C++14 (GCC 5.4.1),cpp,Accepted,1,256,638,
s648431274,p02982,u676323984,1562552393,C++,C++14 (GCC 5.4.1),cpp,Accepted,1,256,484,
s723955817,p02982,u228362200,1562552389,PHP,PHP (5.6.30),php,Accepted,9,3576,448,
s828164701,p02982,u972466553,1562552388,Java,Java8 (OpenJDK 1.8.0),java,Accepted,71,23380,4147,
s931041332,p02982,u548472817,1562552388,C++,C++14 (GCC 5.4.1),cpp,Accepted,1,256,827,
s348220042,p02982,u354666069,1562552381,C++,C++14 (GCC 5.4.1),cpp,Accepted,2,2560,923,
s860421292,p02982,u282652245,1562552376,Python,Python (3.4.3),py,Accepted,19,3064,490,
s283572751,p02982,u809192419,1562552375,Python,Python (3.4.3),py,Accepted,18,3064,400,
s393137962,p02982,u229213815,1562552370,C++,C++14 (GCC 5.4.1),cpp,Accepted,1,384,709,
s918466501,p02982,u036479746,1562552369,Python,Python (3.4.3),py,Accepted,17,3064,316,
s111154503,p02982,u988644208,1562552369,Python,Python (3.4.3),py,Runtime Error,18,3064,355,
s694639195,p02982,u507795624,1562552368,C++,C++14 (GCC 5.4.1),cpp,Accepted,1,256,1151,
s761571618,p02982,u546853743,1562552364,C,C (GCC 5.4.1),c,Wrong Answer,2103,2944,216,
s748464386,p02982,u963399321,1562552351,C++,C++14 (GCC 5.4.1),cpp,Accepted,1,256,416,
s872886247,p02982,u797848138,1562552349,Python,Python (3.4.3),py,Accepted,18,3064,505,
s367795432,p02982,u084069244,1562552342,Python,Python (3.4.3),py,Wrong Answer,19,3064,420,
s076855165,p02982,u569272329,1562552341,C++,C++14 (GCC 5.4.1),cpp,Accepted,1,256,814,
s411306411,p02982,u670180528,1562552340,Python,Python (3.4.3),py,Accepted,18,3064,305,
s573948171,p02982,u859175044,1562552338,JavaScript,JavaScript (node.js v5.12),js,Accepted,53,7500,689,
s365701035,p02982,u037844054,1562552336,C++,C++14 (GCC 5.4.1),cpp,Accepted,3,2944,1489,
s355556509,p02982,u593938737,1562552334,Python,Python (3.4.3),py,Accepted,18,3064,556,
s803899467,p02982,u307028468,1562552331,Python,Python (3.4.3),py,Accepted,18,3064,314,
s336528285,p02982,u988644208,1562552328,Python,Python (3.4.3),py,Runtime Error,17,3064,357,
s650880664,p02982,u751960655,1562552327,TypeScript,TypeScript (2.1.6),ts,Wrong Answer,53,7628,728,
s898620989,p02982,u293523199,1562552326,Python,Python (3.4.3),py,Accepted,18,3064,545,
s946780714,p02982,u281055657,1562552323,C,C (GCC 5.4.1),c,Wrong Answer,11,256,470,
s342060609,p02982,u359612453,1562552320,C++,C++14 (GCC 5.4.1),cpp,Wrong Answer,1,256,635,
s145058665,p02982,u963399321,1562552319,C++,C++14 (GCC 5.4.1),cpp,Compile Error,,,1,
s864879435,p02982,u740900993,1562552319,C,C (GCC 5.4.1),c,Wrong Answer,1,384,506,
s428096630,p02982,u370945119,1562552312,C,C (GCC 5.4.1),c,Wrong Answer,1,128,751,
s217073054,p02982,u825981710,1562552310,Python,Python (3.4.3),py,Accepted,18,3192,661,
s588458607,p02982,u873422538,1562552309,Python,Python (3.4.3),py,Runtime Error,149,12284,486,
s659722735,p02982,u797848138,1562552308,Python,Python (3.4.3),py,Wrong Answer,19,3064,542,
s335513501,p02982,u370945119,1562552306,C,C (GCC 5.4.1),c,Wrong Answer,1,128,751,
s673588988,p02982,u050640422,1562552305,C++,C++14 (GCC 5.4.1),cpp,Accepted,1,128,511,
s543834035,p02982,u877847737,1562552303,C++,C++14 (GCC 5.4.1),cpp,Wrong Answer,1,256,572,
s470331060,p02982,u281055657,1562552279,C,C (GCC 5.4.1),c,Compile Error,,,467,
s365297502,p02982,u300590099,1562552278,C++,C++14 (GCC 5.4.1),cpp,Accepted,1,256,408,
s436570094,p02982,u463630127,1562552277,C,C (GCC 5.4.1),c,Runtime Error,97,128,723,
s281358321,p02982,u761720628,1562552272,C++,C++14 (GCC 5.4.1),cpp,Wrong Answer,1,256,958,
s508089152,p02982,u891084209,1562552271,JavaScript,JavaScript (node.js v5.12),js,Wrong Answer,233,21064,762,
s696067375,p02982,u084069244,1562552269,Python,Python (3.4.3),py,Wrong Answer,18,3064,420,
s616814343,p02982,u348231925,1562552267,C,C (GCC 5.4.1),c,Accepted,1,128,956,
s177466208,p02982,u898925304,1562552260,C,C (GCC 5.4.1),c,Accepted,1,128,825,
s914028345,p02982,u835500878,1562552252,C,C (GCC 5.4.1),c,Wrong Answer,1,128,432,
s897112779,p02982,u314906167,1562552252,Python,Python (3.4.3),py,Accepted,18,3064,388,
s585027913,p02982,u061850718,1562552250,C++,C++14 (GCC 5.4.1),cpp,Accepted,1,256,484,
s256478295,p02982,u741144749,1562552241,C++,C++14 (GCC 5.4.1),cpp,Runtime Error,96,256,909,
s865360429,p02982,u978757093,1562552239,Java,Java8 (OpenJDK 1.8.0),java,Accepted,105,23124,1453,
s465083915,p02982,u084069244,1562552237,Python,Python (3.4.3),py,Runtime Error,20,3064,413,
s727877864,p02982,u681487122,1562552234,C++,C++14 (GCC 5.4.1),cpp,Accepted,1,256,665,
s629784208,p02982,u678594774,1562552234,Python,Python (3.4.3),py,Accepted,18,3064,431,
s089075185,p02982,u530606147,1562552233,C++,C++14 (GCC 5.4.1),cpp,Accepted,1,256,2431,
s745414777,p02982,u549475902,1562552229,C++,C++14 (GCC 5.4.1),cpp,Accepted,1,256,533,
s091760835,p02982,u902693400,1562552223,Python,Python (3.4.3),py,Accepted,17,3064,364,
s037184228,p02982,u978153700,1562552218,Java,Java8 (OpenJDK 1.8.0),java,Accepted,108,21972,950,
s705041965,p02982,u761720628,1562552217,C++,C++14 (GCC 5.4.1),cpp,Compile Error,,,941,
s916046425,p02982,u679071799,1562552215,C++,C++14 (GCC 5.4.1),cpp,Accepted,1,256,965,
s079949938,p02982,u546853743,1562552209,C,C (GCC 5.4.1),c,Compile Error,,,217,
s041246518,p02982,u061597928,1562552196,C++,C++14 (GCC 5.4.1),cpp,Accepted,1,256,594,
s787461809,p02982,u549475902,1562552193,C++,C++14 (GCC 5.4.1),cpp,Wrong Answer,1,256,554,
s788356226,p02982,u105801182,1562552189,C++,C++14 (GCC 5.4.1),cpp,Accepted,1,256,866,
s818518232,p02982,u084069244,1562552183,Python,Python (3.4.3),py,Wrong Answer,17,3064,433,
s548084288,p02982,u761720628,1562552181,C++,C++14 (GCC 5.4.1),cpp,Compile Error,,,958,
s220254416,p02982,u751188586,1562552180,C,C (GCC 5.4.1),c,Accepted,728,128,723,
s266904922,p02982,u488727722,1562552176,C#,C# (Mono 4.6.2.0),cs,Accepted,22,13268,1300,
s960475011,p02982,u319034500,1562552169,Java,Java8 (OpenJDK 1.8.0),java,Accepted,101,23124,843,
s349843454,p02982,u852839243,1562552166,C++,C++14 (Clang 3.8.0),cpp,Wrong Answer,6,888,656,
s795368274,p02982,u579588275,1562552165,C++,C++14 (GCC 5.4.1),cpp,Accepted,1,256,2592,
s899971383,p02982,u795990458,1562552164,Java,Java8 (OpenJDK 1.8.0),java,Wrong Answer,100,21204,713,
s237553987,p02982,u404299586,1562552160,C,C (GCC 5.4.1),c,Wrong Answer,1,128,603,
s966904468,p02982,u876846619,1562552152,Ruby,Ruby (2.3.3),rb,Accepted,7,1788,360,
s214543373,p02982,u291624272,1562552150,Python,Python (3.4.3),py,Accepted,157,12408,246,
s158969058,p02982,u822044226,1562552146,Python,Python (3.4.3),py,Accepted,18,3064,294,
s721255399,p02982,u761720628,1562552144,C++,C++14 (GCC 5.4.1),cpp,Compile Error,,,941,
s979593525,p02982,u936315673,1562552137,C++,C++14 (GCC 5.4.1),cpp,Accepted,1,256,418,
s639986715,p02982,u112698928,1562552133,C,C (GCC 5.4.1),c,Accepted,1,128,619,
s342702067,p02982,u704064492,1562552131,C++,C++14 (GCC 5.4.1),cpp,Wrong Answer,1,256,318,
s690290818,p02982,u879077265,1562552130,Python,Python (3.4.3),py,Accepted,18,3064,407,
s031008500,p02982,u373596024,1562552130,C,C (GCC 5.4.1),c,Accepted,1,128,710,
s516430795,p02982,u477648767,1562552122,C,C (GCC 5.4.1),c,Accepted,1,128,649,
s043115718,p02982,u956941456,1562552121,C++,C++14 (GCC 5.4.1),cpp,Accepted,1,128,798,
s542853954,p02982,u873422538,1562552119,Python,Python (3.4.3),py,Runtime Error,149,12284,486,
s492087847,p02982,u231261695,1562552119,C,C (GCC 5.4.1),c,Accepted,1,128,614,
s620673387,p02982,u551813187,1562552117,C++,C++14 (GCC 5.4.1),cpp,Wrong Answer,1,256,553,
s229235970,p02982,u811202694,1562552110,Python,Python (3.4.3),py,Accepted,17,3064,363,
s124209283,p02982,u264532180,1562552106,C++,C++14 (GCC 5.4.1),cpp,Accepted,1,256,541,
s981700871,p02982,u370945119,1562552105,C,C (GCC 5.4.1),c,Runtime Error,97,128,746,
s024296888,p02982,u657610454,1562552097,Go,Go (1.6),go,Wrong Answer,1,640,2067,
s907052888,p02982,u751960655,1562552095,TypeScript,TypeScript (2.1.6),ts,Wrong Answer,53,11724,721,
s332879865,p02982,u900139929,1562552093,Python,Python (3.4.3),py,Accepted,151,12484,476,
s877587378,p02982,u348231925,1562552082,C,C (GCC 5.4.1),c,Runtime Error,97,128,989,
s617260660,p02982,u546853743,1562552082,C,C (GCC 5.4.1),c,Wrong Answer,2103,2944,216,
s836012566,p02982,u946404093,1562552081,Python,Python (3.4.3),py,Accepted,151,12448,467,
s393424302,p02982,u009286788,1562552074,C,C (GCC 5.4.1),c,Accepted,1,256,640,
s618519122,p02982,u314906167,1562552074,Python,Python (3.4.3),py,Wrong Answer,19,3064,415,
s784838408,p02982,u745685739,1562552062,C++,C++14 (GCC 5.4.1),cpp,Accepted,1,256,429,
s075091007,p02982,u642236814,1562552055,C,C (GCC 5.4.1),c,Accepted,1,128,459,
s452640952,p02982,u503052349,1562552051,C++,C++14 (Clang 3.8.0),cpp,Accepted,3,512,734,
s214091359,p02982,u245864231,1562552048,Python,Python (3.4.3),py,Runtime Error,149,12500,348,
s718602657,p02982,u084069244,1562552048,Python,Python (3.4.3),py,Wrong Answer,18,3064,415,
s702336570,p02982,u795990458,1562552047,Java,Java8 (OpenJDK 1.8.0),java,Runtime Error,100,21716,762,
s571975937,p02982,u873422538,1562552044,Python,Python (3.4.3),py,Runtime Error,148,12284,486,
s477758517,p02982,u726218285,1562552042,Python,Python (3.4.3),py,Accepted,19,3064,367,
s458665852,p02982,u350275011,1562552036,C++,C++14 (GCC 5.4.1),cpp,Accepted,1,256,622,
s891972416,p02982,u464574147,1562552035,C++,C++14 (GCC 5.4.1),cpp,Accepted,2,256,2094,
s885047921,p02982,u546853743,1562552035,C,C (GCC 5.4.1),c,Compile Error,,,215,
s753046096,p02982,u633402865,1562552034,C++,C++14 (GCC 5.4.1),cpp,Wrong Answer,1,256,587,
s786200560,p02982,u694571112,1562552032,Java,Java8 (OpenJDK 1.8.0),java,Accepted,97,23636,1358,
s669462013,p02982,u788341294,1562552021,C++,C++14 (GCC 5.4.1),cpp,Accepted,1,256,1491,
s799297563,p02982,u571075527,1562552011,Python,Python (3.4.3),py,Accepted,152,12400,415,
s962336691,p02982,u841421760,1562552010,C++,C++14 (Clang 3.8.0),cpp,Accepted,1,256,1065,
s321149174,p02982,u859396346,1562552005,C++,C++14 (GCC 5.4.1),cpp,Accepted,1,256,1636,
s578199079,p02982,u795990458,1562552004,Java,Java8 (OpenJDK 1.8.0),java,Compile Error,,,713,
s014357572,p02982,u793753969,1562552003,Java,Java8 (OpenJDK 1.8.0),java,Wrong Answer,109,23764,1472,
s997729757,p02982,u775266130,1562552001,C++,C++14 (GCC 5.4.1),cpp,Accepted,1,256,1112,
s702843276,p02982,u172337086,1562552000,Python,Python (3.4.3),py,Wrong Answer,149,12496,410,
s340271505,p02982,u404299586,1562551997,C,C (GCC 5.4.1),c,Wrong Answer,1,128,601,
s165900356,p02982,u415591191,1562551995,Ruby,Ruby (2.3.3),rb,Accepted,8,3836,412,
s532910913,p02982,u112698928,1562551990,C,C (GCC 5.4.1),c,Wrong Answer,1,128,599,
s447283195,p02982,u828261239,1562551988,Python,Python (3.4.3),py,Accepted,17,3064,379,
s262996702,p02982,u633402865,1562551984,C++,C++14 (GCC 5.4.1),cpp,Compile Error,,,591,
s532478611,p02982,u526854325,1562551977,C++,C++14 (GCC 5.4.1),cpp,Accepted,1,256,1109,
s575446041,p02982,u977642052,1562551972,Python,Python (3.4.3),py,Wrong Answer,18,3064,851,
s650194667,p02982,u958210291,1562551969,Java,Java8 (OpenJDK 1.8.0),java,Runtime Error,112,22612,931,
s801177324,p02982,u009286788,1562551968,C,C (GCC 5.4.1),c,Wrong Answer,1,128,640,
s768761692,p02982,u114366889,1562551966,Python,Python (3.4.3),py,Accepted,18,3064,353,
s287656311,p02982,u375695365,1562551961,C,C (Clang 3.8.0),c,Runtime Error,97,128,737,
s532002432,p02982,u751960655,1562551958,TypeScript,TypeScript (2.1.6),ts,Wrong Answer,53,7372,723,
s245938101,p02982,u741144749,1562551956,C++,C++14 (GCC 5.4.1),cpp,Wrong Answer,1,256,896,
s376229146,p02982,u696046068,1562551955,JavaScript,JavaScript (node.js v5.12),js,Wrong Answer,63,7868,1134,
s131570555,p02982,u938987929,1562551950,C++,C++14 (GCC 5.4.1),cpp,Accepted,1,256,586,
s746743458,p02982,u881037761,1562551948,Java,Java8 (OpenJDK 1.8.0),java,Accepted,104,21972,7619,
s343520879,p02982,u286754585,1562551942,Fortran,Fortran (gfortran v4.8.4),f,Accepted,1,256,599,
s742034305,p02982,u948618130,1562551941,C++,C++14 (GCC 5.4.1),cpp,Accepted,1,256,815,
s767823481,p02982,u539705760,1562551940,Rust,Rust (1.15.1),rs,Compile Error,,,2453,
s295977502,p02982,u882607414,1562551936,C++,C++14 (GCC 5.4.1),cpp,Accepted,1,256,494,
s034901304,p02982,u598150937,1562551931,Ruby,Ruby (2.3.3),rb,Accepted,7,1788,320,
s932090021,p02982,u385086422,1562551924,Python,Python (3.4.3),py,Accepted,151,12428,364,
s466186707,p02982,u189448192,1562551919,C,C (GCC 5.4.1),c,Accepted,1,128,766,
s469282125,p02982,u307124824,1562551919,Python,Python (3.4.3),py,Runtime Error,151,12520,508,
s616572302,p02982,u281055657,1562551918,C,C (GCC 5.4.1),c,Wrong Answer,1,128,449,
s629262266,p02982,u068896454,1562551910,C++,C++14 (GCC 5.4.1),cpp,Runtime Error,98,256,824,
s109106777,p02982,u711651016,1562551908,JavaScript,JavaScript (node.js v5.12),js,Wrong Answer,53,7372,1047,
s890105474,p02982,u317177661,1562551902,C++,C++14 (GCC 5.4.1),cpp,Accepted,3,512,735,
s242187923,p02982,u220212997,1562551893,C++,C++14 (GCC 5.4.1),cpp,Accepted,1,256,852,
s977774723,p02982,u521975232,1562551884,C++,C++14 (GCC 5.4.1),cpp,Accepted,1,256,550,
s003331471,p02982,u148037244,1562551882,C++,C++14 (GCC 5.4.1),cpp,Accepted,1,256,531,
s744477035,p02982,u245864231,1562551881,Python,Python (3.4.3),py,Runtime Error,151,12496,320,
s806631232,p02982,u958210291,1562551880,Java,Java8 (OpenJDK 1.8.0),java,Runtime Error,109,21716,969,
s886071496,p02982,u390712114,1562551877,C++,C++14 (GCC 5.4.1),cpp,Accepted,1,256,2045,
s926909687,p02982,u981040490,1562551868,Python,Python (3.4.3),py,Accepted,18,3064,485,
s108756529,p02982,u107464079,1562551867,C,C (GCC 5.4.1),c,Wrong Answer,1,128,512,
s543399645,p02982,u450904670,1562551866,Python,PyPy3 (2.4.0),py,Accepted,169,38384,345,
s620921268,p02982,u883885514,1562551855,C++,C++14 (GCC 5.4.1),cpp,Compile Error,,,365,
s204677188,p02982,u494514222,1562551854,Python,Python (3.4.3),py,Accepted,18,3188,402,
s388720107,p02982,u962479059,1562551851,Python,Python (3.4.3),py,Accepted,18,3064,385,
s183028755,p02982,u831873811,1562551849,C++,C++14 (GCC 5.4.1),cpp,Wrong Answer,1,256,871,
s718788733,p02982,u885567868,1562551845,C++,C++14 (GCC 5.4.1),cpp,Accepted,1,256,563,
s718260894,p02982,u841421760,1562551842,C++,C++14 (Clang 3.8.0),cpp,Wrong Answer,1,256,1069,
s414810912,p02982,u270220186,1562551840,C++,C++14 (GCC 5.4.1),cpp,Accepted,1,256,715,
s529796009,p02982,u500496265,1562551838,C++,C++14 (GCC 5.4.1),cpp,Compile Error,,,324,
s581931458,p02982,u187052933,1562551837,C++,C++14 (GCC 5.4.1),cpp,Accepted,1,256,611,
s608643202,p02982,u521975232,1562551836,C++,C++14 (GCC 5.4.1),cpp,Wrong Answer,1,256,575,
s525727912,p02982,u696046068,1562551834,JavaScript,JavaScript (node.js v5.12),js,Wrong Answer,213,21448,1133,
s166259036,p02982,u603461744,1562551830,C++,C++14 (GCC 5.4.1),cpp,Accepted,1,256,776,
s817191121,p02982,u321139366,1562551829,C,C (Clang 3.8.0),c,Wrong Answer,1,128,582,
s007422942,p02982,u082337294,1562551827,Python,Python (3.4.3),py,Accepted,18,3064,344,
s024512131,p02982,u009286788,1562551827,C,C (GCC 5.4.1),c,Wrong Answer,1,128,639,
s870399119,p02982,u008992227,1562551817,Java,Java8 (OpenJDK 1.8.0),java,Accepted,113,21844,793,
s454508773,p02982,u891506774,1562551815,Ruby,Ruby (2.3.3),rb,Accepted,15,4604,313,
s657270440,p02982,u597953074,1562551814,C++,C++14 (GCC 5.4.1),cpp,Accepted,1,256,1048,
s102369253,p02982,u609061751,1562551812,Python,Python (3.4.3),py,Accepted,17,3064,374,
s184867395,p02982,u112698928,1562551809,C,C (GCC 5.4.1),c,Wrong Answer,1,128,592,
s716506406,p02982,u300092270,1562551809,C++,C++14 (GCC 5.4.1),cpp,Accepted,1,256,448,
s993124238,p02982,u441470484,1562551806,C,C (GCC 5.4.1),c,Accepted,1,128,515,
s972800140,p02982,u370945119,1562551804,C,C (GCC 5.4.1),c,Runtime Error,97,128,777,
s929808645,p02982,u760571123,1562551804,C++,C++14 (GCC 5.4.1),cpp,Accepted,1,256,743,
s761001477,p02982,u120564432,1562551803,C++,C++14 (Clang 3.8.0),cpp,Accepted,1,256,677,
s090513924,p02982,u585819925,1562551803,Ruby,Ruby (2.3.3),rb,Runtime Error,7,1788,276,
s247576747,p02982,u745852541,1562551798,C++,C++14 (GCC 5.4.1),cpp,Time Limit Exceeded,2103,256,796,
s943147090,p02982,u264104612,1562551797,Haskell,Haskell (GHC 7.10.3),hs,Accepted,2,1020,485,
s307838989,p02982,u978153700,1562551797,Java,Java8 (OpenJDK 1.8.0),java,Wrong Answer,113,21972,920,
s545536094,p02982,u651109406,1562551796,C,C (GCC 5.4.1),c,Accepted,1,128,560,
s130347820,p02982,u494514222,1562551796,Python,Python (3.4.3),py,Wrong Answer,20,3064,395,
s098672668,p02982,u499966353,1562551795,Python,Python (3.4.3),py,Accepted,18,3064,529,
s772313150,p02982,u657610454,1562551793,Go,Go (1.6),go,Wrong Answer,1,640,2067,
s704441624,p02982,u285043842,1562551788,C++,C++ (GCC 5.4.1),cpp,Accepted,1,256,717,
s163178972,p02982,u092312868,1562551780,C++,C++14 (GCC 5.4.1),cpp,Accepted,1,256,1905,
s968851941,p02982,u221582238,1562551779,C++,C++14 (GCC 5.4.1),cpp,Accepted,1,256,680,
s790228210,p02982,u739589123,1562551776,C,C (GCC 5.4.1),c,Runtime Error,97,128,513,
s731514471,p02982,u811004127,1562551772,C++,C++14 (GCC 5.4.1),cpp,Accepted,1,256,2427,
s044267364,p02982,u938987929,1562551759,C++,C++14 (GCC 5.4.1),cpp,Wrong Answer,1,256,583,
s952799799,p02982,u745852541,1562551757,C++,C++14 (GCC 5.4.1),cpp,Compile Error,,,771,
s896899043,p02982,u390901183,1562551750,Python,Python (3.4.3),py,Accepted,20,3064,640,
s485554570,p02982,u948618130,1562551749,C++,C++14 (GCC 5.4.1),cpp,Wrong Answer,1,256,814,
s567466487,p02982,u113827967,1562551744,Java,Java8 (OpenJDK 1.8.0),java,Accepted,108,23892,922,
s416522347,p02982,u971256474,1562551743,C++,C++14 (GCC 5.4.1),cpp,Accepted,1,256,888,
s820937721,p02982,u596451742,1562551735,C++,C++14 (GCC 5.4.1),cpp,Accepted,1,256,819,
s032535013,p02982,u497363157,1562551733,JavaScript,JavaScript (node.js v5.12),js,Runtime Error,313,20936,862,
s879446016,p02982,u903460784,1562551731,Python,Python (3.4.3),py,Accepted,153,12404,355,
s729506054,p02982,u450904670,1562551730,Python,PyPy3 (2.4.0),py,Runtime Error,169,38896,330,
s587696235,p02982,u404299586,1562551727,C,C (GCC 5.4.1),c,Wrong Answer,1,128,543,
s850028498,p02982,u573350339,1562551722,Java,Java8 (OpenJDK 1.8.0),java,Accepted,103,21844,834,
s225849527,p02982,u873422538,1562551717,Python,Python (3.4.3),py,Runtime Error,148,12252,486,
s559327812,p02982,u199347185,1562551715,C++,C++14 (GCC 5.4.1),cpp,Accepted,1,256,578,
s812152778,p02982,u508927589,1562551715,Python,Python (3.4.3),py,Accepted,18,3064,354,
s892509555,p02982,u801812671,1562551710,C++,C++14 (GCC 5.4.1),cpp,Compile Error,,,492,
s266616569,p02982,u052292043,1562551706,C++,C++14 (GCC 5.4.1),cpp,Wrong Answer,1,128,501,
s129747802,p02982,u712259491,1562551706,C++,C++14 (GCC 5.4.1),cpp,Wrong Answer,1,256,1001,
s819225375,p02982,u956941456,1562551705,C++,C++14 (GCC 5.4.1),cpp,Wrong Answer,1,128,753,
s825303464,p02982,u866553607,1562551704,C,C (Clang 3.8.0),c,Accepted,1,128,528,
s203126755,p02982,u493555013,1562551701,Python,Python (3.4.3),py,Wrong Answer,18,3064,334,
s001073063,p02982,u591779169,1562551701,C++,C++14 (GCC 5.4.1),cpp,Accepted,1,256,3354,
s574950839,p02982,u068896454,1562551699,C++,C++14 (GCC 5.4.1),cpp,Runtime Error,99,256,825,
s328942500,p02982,u602481141,1562551692,C++,C++14 (GCC 5.4.1),cpp,Wrong Answer,1,256,672,
s690008758,p02982,u467561544,1562551690,C++,C++14 (GCC 5.4.1),cpp,Accepted,1,256,618,
s658918384,p02982,u464190313,1562551690,C++,C++14 (Clang 3.8.0),cpp,Accepted,1,256,532,
s363028098,p02982,u250090834,1562551690,Python,Python (3.4.3),py,Runtime Error,17,2940,288,
s413614729,p02982,u971256474,1562551687,C++,C++14 (GCC 5.4.1),cpp,Wrong Answer,6,764,887,
s099926338,p02982,u775439650,1562551682,C++,C++14 (GCC 5.4.1),cpp,Accepted,1,256,725,
s753315850,p02982,u396511998,1562551681,Ruby,Ruby (2.3.3),rb,Wrong Answer,7,3836,221,
s292587527,p02982,u645538982,1562551680,Python,Python (3.4.3),py,Wrong Answer,18,3064,603,
s813948163,p02982,u443277273,1562551680,Java,Java8 (OpenJDK 1.8.0),java,Accepted,111,21844,967,
s660129948,p02982,u415591191,1562551679,Ruby,Ruby (2.3.3),rb,Wrong Answer,7,1788,401,
s564108034,p02982,u691533014,1562551666,C++,C++14 (GCC 5.4.1),cpp,Accepted,1,256,1249,
s424773085,p02982,u245864231,1562551661,Python,Python (3.4.3),py,Runtime Error,149,12468,293,
s236611396,p02982,u753736100,1562551656,C++,C++14 (GCC 5.4.1),cpp,Runtime Error,98,256,580,
s233634552,p02982,u983681697,1562551651,C++,C++14 (GCC 5.4.1),cpp,Wrong Answer,1,256,597,
s893969379,p02982,u052292043,1562551651,C++,C++14 (GCC 5.4.1),cpp,Wrong Answer,1,128,504,
s553278358,p02982,u237054088,1562551648,C++,C++14 (GCC 5.4.1),cpp,Accepted,1,256,750,
s842710110,p02982,u956941456,1562551643,C++,C++14 (GCC 5.4.1),cpp,Wrong Answer,1,128,749,
s159026091,p02982,u751960655,1562551635,TypeScript,TypeScript (2.1.6),ts,Wrong Answer,54,7372,704,
s068670600,p02982,u524328258,1562551633,C++,C++14 (GCC 5.4.1),cpp,Accepted,1,256,969,
s312953747,p02982,u739589123,1562551631,C,C (GCC 5.4.1),c,Runtime Error,97,128,511,
s178939755,p02982,u356539385,1562551629,Python,Python (3.4.3),py,Accepted,18,3060,243,
s709911542,p02982,u379393519,1562551628,C++,C++14 (GCC 5.4.1),cpp,Wrong Answer,1,256,405,
s368405091,p02982,u558782626,1562551620,Python,Python (3.4.3),py,Accepted,18,3064,299,
s338103075,p02982,u939726382,1562551616,Go,Go (1.6),go,Accepted,3,512,637,
s157456481,p02982,u245335950,1562551608,C++,C++14 (GCC 5.4.1),cpp,Accepted,1,128,1109,
s169895119,p02982,u071613271,1562551599,C++,C++14 (GCC 5.4.1),cpp,Accepted,1,256,1006,
s877727170,p02982,u847497464,1562551592,Python,Python (3.4.3),py,Accepted,302,19540,293,
s566874614,p02982,u265506056,1562551589,Python,Python (3.4.3),py,Accepted,17,3064,362,
s137161111,p02982,u160281075,1562551584,Java,Java8 (OpenJDK 1.8.0),java,Accepted,70,24532,79266,
s769112804,p02982,u025469035,1562551580,C++,C++14 (GCC 5.4.1),cpp,Wrong Answer,1,256,475,
s572050612,p02982,u370945119,1562551576,C,C (GCC 5.4.1),c,Wrong Answer,1,128,749,
s500465773,p02982,u450904670,1562551575,Python,PyPy3 (2.4.0),py,Runtime Error,169,38640,366,
s097477767,p02982,u494514222,1562551572,Python,Python (3.4.3),py,Wrong Answer,18,3064,483,
s534907960,p02982,u906725217,1562551569,C++,C++14 (GCC 5.4.1),cpp,Accepted,1,256,912,
s745289279,p02982,u444327640,1562551568,C++,C++14 (GCC 5.4.1),cpp,Accepted,1,256,674,
s446119050,p02982,u526630579,1562551567,C++,C++14 (GCC 5.4.1),cpp,Wrong Answer,1,256,1471,
s846442060,p02982,u852130183,1562551566,C++,C++14 (GCC 5.4.1),cpp,Accepted,1,256,566,
s474028340,p02982,u291278680,1562551565,Python,Python (3.4.3),py,Accepted,150,13664,415,
s849912543,p02982,u052292043,1562551565,C++,C++14 (GCC 5.4.1),cpp,Wrong Answer,3,256,510,
s302513769,p02982,u065025264,1562551562,Python,Python (3.4.3),py,Accepted,160,12444,494,
s529336498,p02982,u725069695,1562551557,C++,C++14 (Clang 3.8.0),cpp,Accepted,1,256,898,
s004462200,p02982,u396071074,1562551553,C++,C++14 (GCC 5.4.1),cpp,Runtime Error,101,256,477,
s806537059,p02982,u598710706,1562551548,C++,C++14 (GCC 5.4.1),cpp,Accepted,1,256,626,
s783591577,p02982,u844703694,1562551546,C++,C++14 (GCC 5.4.1),cpp,Accepted,1,256,844,
s539691231,p02982,u370945119,1562551545,C,C (GCC 5.4.1),c,Compile Error,,,748,
s996321834,p02982,u345136423,1562551544,Python,Python (3.4.3),py,Wrong Answer,17,3064,449,
s062450823,p02982,u739589123,1562551543,C,C (GCC 5.4.1),c,Runtime Error,96,128,501,
s392557641,p02982,u286696556,1562551542,C++,C++14 (GCC 5.4.1),cpp,Accepted,1,256,550,
s718630578,p02982,u684822781,1562551542,C++,C++14 (GCC 5.4.1),cpp,Accepted,1,256,430,
s650694156,p02982,u842596864,1562551534,C++,C++14 (GCC 5.4.1),cpp,Accepted,1,256,665,
s499752823,p02982,u942850310,1562551526,C,C (GCC 5.4.1),c,Accepted,1,128,663,
s493034777,p02982,u696046068,1562551510,JavaScript,JavaScript (node.js v5.12),js,Runtime Error,50,7244,1133,
s073978458,p02982,u245960901,1562551506,Python,Python (3.4.3),py,Accepted,152,12396,381,
s466244446,p02982,u401902038,1562551506,C++,C++14 (GCC 5.4.1),cpp,Wrong Answer,2,256,519,
s762849321,p02982,u866553607,1562551505,C,C (Clang 3.8.0),c,Wrong Answer,1,128,529,
s942122769,p02982,u628597699,1562551504,C++,C++14 (GCC 5.4.1),cpp,Accepted,1,256,635,
s310106499,p02982,u438583134,1562551504,C++,C++14 (GCC 5.4.1),cpp,Accepted,2,256,1758,
s268308043,p02982,u245864231,1562551494,Python,Python (3.4.3),py,Runtime Error,150,12468,285,
s264801930,p02982,u018916376,1562551490,Java,Java8 (OpenJDK 1.8.0),java,Accepted,101,23380,1092,
s141231354,p02982,u120564432,1562551488,C++,C++14 (Clang 3.8.0),cpp,Wrong Answer,6,888,678,
s111033185,p02982,u926416331,1562551487,C++,C++14 (GCC 5.4.1),cpp,Accepted,1,256,567,
s633551596,p02982,u980869590,1562551478,C,C (GCC 5.4.1),c,Accepted,1,128,600,
s250125985,p02982,u086582039,1562551474,C++,C++14 (GCC 5.4.1),cpp,Accepted,1,256,775,
s305463197,p02982,u988644208,1562551462,Python,Python (3.4.3),py,Runtime Error,17,2940,360,
s187955935,p02982,u656330736,1562551456,C++,C++14 (GCC 5.4.1),cpp,Accepted,1,256,501,
s630999361,p02982,u756399469,1562551454,Python,Python (3.4.3),py,Accepted,18,3064,315,
s493082832,p02982,u025534127,1562551452,C++,C++14 (GCC 5.4.1),cpp,Accepted,1,256,658,
s969351082,p02982,u370945119,1562551447,C,C (GCC 5.4.1),c,Wrong Answer,1,128,715,
s013729178,p02982,u444327640,1562551445,C++,C++14 (GCC 5.4.1),cpp,Compile Error,,,657,
s512292838,p02982,u577902321,1562551444,Python,Python (3.4.3),py,Accepted,17,3064,643,
s267933918,p02982,u660258448,1562551440,C++,C++14 (GCC 5.4.1),cpp,Accepted,1,256,525,
s021544751,p02982,u014079196,1562551436,Java,Java8 (OpenJDK 1.8.0),java,Accepted,108,21844,881,
s070869668,p02982,u798475526,1562551434,Python,Python (3.4.3),py,Accepted,19,3064,353,
s863014432,p02982,u497363157,1562551432,JavaScript,JavaScript (node.js v5.12),js,Runtime Error,200,20936,1051,
s906680567,p02982,u010732047,1562551431,C++,C++14 (GCC 5.4.1),cpp,Accepted,1,256,649,
s057521509,p02982,u644546699,1562551431,C,C (GCC 5.4.1),c,Wrong Answer,2,256,649,
s797194053,p02982,u245864231,1562551429,Python,Python (3.4.3),py,Runtime Error,149,12468,285,
s121750614,p02982,u802627598,1562551427,Python,Python (3.4.3),py,Wrong Answer,17,3064,533,
s147861425,p02982,u893048163,1562551424,C++,C++14 (GCC 5.4.1),cpp,Accepted,2,256,821,
s710117054,p02982,u234973476,1562551421,C++,C++14 (GCC 5.4.1),cpp,Wrong Answer,1,384,640,
s077506220,p02982,u191597746,1562551418,C++,C++14 (GCC 5.4.1),cpp,Accepted,1,256,993,
s493667619,p02982,u192280767,1562551415,C++,C++14 (GCC 5.4.1),cpp,Accepted,1,256,754,
s282120157,p02982,u576357314,1562551413,C++,C++14 (GCC 5.4.1),cpp,Accepted,1,256,484,
s013563448,p02982,u023461939,1562551408,C++,C++14 (GCC 5.4.1),cpp,Accepted,1,256,793,
s740701213,p02982,u753736100,1562551401,C++,C++14 (GCC 5.4.1),cpp,Runtime Error,96,256,570,
s339423458,p02982,u199768991,1562551400,C++,C++ (GCC 5.4.1),cpp,Accepted,1,256,565,
s584501471,p02982,u861337693,1562551400,C++,C++14 (GCC 5.4.1),cpp,Accepted,3,256,487,
s621552395,p02982,u846084461,1562551400,PHP,PHP7 (7.0.15),php,Accepted,9,4604,610,
s754609630,p02982,u295032726,1562551399,C++,C++14 (GCC 5.4.1),cpp,Accepted,1,256,424,
s564776958,p02982,u017881341,1562551395,C++,C++14 (GCC 5.4.1),cpp,Wrong Answer,1,256,631,
s579242364,p02982,u273355214,1562551395,C++,C++14 (GCC 5.4.1),cpp,Accepted,1,256,699,
s279197204,p02982,u348231925,1562551389,C,C (GCC 5.4.1),c,Runtime Error,97,128,878,
s044682293,p02982,u591779169,1562551386,C++,C++14 (GCC 5.4.1),cpp,Wrong Answer,1,256,3060,
s535299138,p02982,u684822781,1562551383,C++,C++14 (GCC 5.4.1),cpp,Wrong Answer,1,256,430,
s180098626,p02982,u852978989,1562551383,C++,C++14 (GCC 5.4.1),cpp,Accepted,1,256,556,
s465757093,p02982,u334545058,1562551381,C++,C++14 (GCC 5.4.1),cpp,Accepted,1,256,748,
s850333807,p02982,u470189643,1562551381,Python,Python (3.4.3),py,Accepted,151,12508,529,
s173091567,p02982,u739589123,1562551381,C,C (GCC 5.4.1),c,Compile Error,,,465,
s625375410,p02982,u912048901,1562551373,C++,C++14 (GCC 5.4.1),cpp,Accepted,1,256,604,
s977237888,p02982,u805132843,1562551368,Java,Java8 (OpenJDK 1.8.0),java,Accepted,105,21844,1347,
s955585485,p02982,u561437761,1562551368,C++,C++14 (GCC 5.4.1),cpp,Accepted,1,256,503,
s959137075,p02982,u105801182,1562551367,C++,C++14 (GCC 5.4.1),cpp,Wrong Answer,5,640,869,
s040911215,p02982,u983681697,1562551367,C++,C++14 (GCC 5.4.1),cpp,Wrong Answer,1,256,596,
s912514611,p02982,u834239089,1562551367,C++,C++14 (GCC 5.4.1),cpp,Accepted,1,256,708,
s519604930,p02982,u281055657,1562551360,C,C (GCC 5.4.1),c,Wrong Answer,1,128,419,
s378920839,p02982,u686989171,1562551354,Python,Python (3.4.3),py,Accepted,150,12384,398,
s120387547,p02982,u913604515,1562551353,C++,C++14 (GCC 5.4.1),cpp,Accepted,2,504,818,
s448414569,p02982,u191597746,1562551351,C++,C++14 (GCC 5.4.1),cpp,Wrong Answer,1,256,991,
s932958525,p02982,u630941334,1562551349,C++,C++14 (Clang 3.8.0),cpp,Accepted,7,888,1857,
s317873433,p02982,u690576712,1562551348,Python,Python (3.4.3),py,Accepted,18,3064,303,
s163875402,p02982,u301843562,1562551345,C++,C++14 (GCC 5.4.1),cpp,Accepted,2,4480,2104,
s896137174,p02982,u801812671,1562551344,C++,C++14 (GCC 5.4.1),cpp,Runtime Error,130,256,469,
s544886497,p02982,u250090834,1562551343,Python,Python (3.4.3),py,Runtime Error,17,2940,290,
s381241368,p02982,u120564432,1562551341,C++,C++14 (Clang 3.8.0),cpp,Wrong Answer,1,256,670,
s117606741,p02982,u667300358,1562551340,Python,Python (3.4.3),py,Accepted,18,3064,413,
s156092486,p02982,u107464079,1562551332,C,C (GCC 5.4.1),c,Wrong Answer,1,128,516,
s581998303,p02982,u281055657,1562551330,C,C (GCC 5.4.1),c,Compile Error,,,419,
s042060740,p02982,u017881341,1562551327,C++,C++14 (GCC 5.4.1),cpp,Wrong Answer,1,256,576,
s283229969,p02982,u142946678,1562551324,C++,C++14 (GCC 5.4.1),cpp,Accepted,1,256,731,
s706075802,p02982,u146240825,1562551322,C++,C++ (GCC 5.4.1),cpp,Accepted,1,256,431,
s213837032,p02982,u645538982,1562551321,Python,Python (3.4.3),py,Wrong Answer,19,3064,618,
s070309674,p02982,u474442742,1562551313,C,C (Clang 3.8.0),c,Wrong Answer,1,128,653,
s152309686,p02982,u057857059,1562551311,C++,C++14 (GCC 5.4.1),cpp,Accepted,1,256,586,
s824934048,p02982,u199768991,1562551307,C++,C++ (GCC 5.4.1),cpp,Wrong Answer,1,256,565,
s405309492,p02982,u204800924,1562551305,Python,Python (3.4.3),py,Accepted,17,3064,318,
s526078405,p02982,u801530021,1562551304,C++,C++14 (GCC 5.4.1),cpp,Accepted,1,256,626,
s641100331,p02982,u704064492,1562551301,C++,C++14 (GCC 5.4.1),cpp,Accepted,1,256,615,
s578986045,p02982,u127194462,1562551300,C++,C++14 (GCC 5.4.1),cpp,Accepted,1,256,629,
s234089856,p02982,u317715099,1562551292,C++,C++14 (GCC 5.4.1),cpp,Accepted,1,256,840,
s576804572,p02982,u771420313,1562551291,Python,Python (3.4.3),py,Accepted,148,12420,403,
s896351826,p02982,u375695365,1562551291,C,C (Clang 3.8.0),c,Runtime Error,98,128,726,
s735796665,p02982,u481187938,1562551288,Python,PyPy3 (2.4.0),py,Accepted,209,39152,1459,
s104284801,p02982,u497326082,1562551287,Python,Python (3.4.3),py,Accepted,17,3064,369,
s305758414,p02982,u913604515,1562551286,C++,C++14 (GCC 5.4.1),cpp,Wrong Answer,2,504,816,
s220040325,p02982,u208362438,1562551286,Ruby,Ruby (2.3.3),rb,Accepted,7,3836,365,
s986324676,p02982,u521039434,1562551286,Python,Python (3.4.3),py,Accepted,18,3064,399,
s976730713,p02982,u159491650,1562551280,C++,C++14 (GCC 5.4.1),cpp,Accepted,1,256,663,
s992306893,p02982,u983681697,1562551275,C++,C++14 (GCC 5.4.1),cpp,Wrong Answer,1,256,596,
s531044928,p02982,u778668639,1562551273,C++,C++14 (GCC 5.4.1),cpp,Wrong Answer,1,256,994,
s870552445,p02982,u052292043,1562551258,C++,C++14 (GCC 5.4.1),cpp,Wrong Answer,1,128,502,
s876005295,p02982,u338355100,1562551253,C++,C++14 (GCC 5.4.1),cpp,Accepted,1,256,532,
s934462308,p02982,u893048163,1562551253,C++,C++14 (GCC 5.4.1),cpp,Runtime Error,140,256,821,
s930576749,p02982,u107464079,1562551241,C,C (GCC 5.4.1),c,Wrong Answer,1,128,515,
s228405384,p02982,u293403071,1562551235,Python,Python (3.4.3),py,Wrong Answer,18,3064,393,
s191951591,p02982,u354638986,1562551234,C++,C++14 (GCC 5.4.1),cpp,Accepted,1,256,662,
s104941235,p02982,u543933043,1562551229,Go,Go (1.6),go,Accepted,1,640,919,
s656176379,p02982,u955881349,1562551226,C,C (GCC 5.4.1),c,Wrong Answer,1,128,595,
s217376352,p02982,u778668639,1562551224,C++,C++14 (GCC 5.4.1),cpp,Wrong Answer,2,256,992,
s982618017,p02982,u028973125,1562551222,Python,Python (2.7.6),py,Accepted,278,17772,595,
s173823067,p02982,u102131583,1562551221,C++,C++14 (GCC 5.4.1),cpp,Accepted,1,256,694,
s776005569,p02982,u860420407,1562551219,C,C (GCC 5.4.1),c,Wrong Answer,1,128,551,
s401774412,p02982,u630933326,1562551215,Java,Java8 (OpenJDK 1.8.0),java,Accepted,72,21332,1849,
s741781479,p02982,u656330736,1562551213,C++,C++14 (GCC 5.4.1),cpp,Wrong Answer,2,384,492,
s073256603,p02982,u364124935,1562551213,Java,Java8 (OpenJDK 1.8.0),java,Accepted,124,21076,657,
s675154489,p02982,u325768739,1562551208,C++,C++14 (GCC 5.4.1),cpp,Accepted,1,256,716,
s514922439,p02982,u068896454,1562551208,C++,C++14 (GCC 5.4.1),cpp,Runtime Error,99,256,933,
s992827057,p02982,u464527162,1562551207,C++,C++14 (GCC 5.4.1),cpp,Runtime Error,96,256,524,
s158960275,p02982,u201246919,1562551192,Visual Basic,Visual Basic (Mono 4.0.1),vb,Accepted,22,13268,894,
s942053739,p02982,u795990458,1562551190,Java,Java8 (OpenJDK 1.8.0),java,Runtime Error,105,21716,626,
s555110095,p02982,u342129174,1562551188,C++,C++14 (GCC 5.4.1),cpp,Accepted,3,640,712,
s865641138,p02982,u435108403,1562551176,Python,Python (3.4.3),py,Accepted,18,3064,497,
s289040905,p02982,u675757825,1562551175,Python,Python (3.4.3),py,Accepted,19,3060,339,
s197479158,p02982,u724880258,1562551175,C++,C++14 (GCC 5.4.1),cpp,Accepted,1,256,759,
s086675413,p02982,u805132843,1562551174,Java,Java8 (OpenJDK 1.8.0),java,Wrong Answer,107,21716,1539,
s067044239,p02982,u985041094,1562551172,Python,Python (3.4.3),py,Accepted,17,3064,317,
s385692163,p02982,u457792945,1562551168,C++,C++14 (GCC 5.4.1),cpp,Accepted,1,256,616,
s098651730,p02982,u335219695,1562551168,C#,C# (Mono 4.6.2.0),cs,Accepted,23,13140,1221,
s627047150,p02982,u281055657,1562551168,C,C (GCC 5.4.1),c,Compile Error,,,432,
s717563354,p02982,u801812671,1562551167,C++,C++14 (GCC 5.4.1),cpp,Runtime Error,98,256,539,
s503797669,p02982,u699731638,1562551159,C++,C++14 (GCC 5.4.1),cpp,Accepted,1,256,661,
s993284372,p02982,u897799922,1562551141,C,C (GCC 5.4.1),c,Accepted,1,128,608,
s117184467,p02982,u167590247,1562551136,C++,C++14 (GCC 5.4.1),cpp,Accepted,1,256,787,
s886643848,p02982,u222602662,1562551128,C++,C++14 (GCC 5.4.1),cpp,Accepted,1,256,15494,
s884343031,p02982,u459317879,1562551127,C++,C++14 (GCC 5.4.1),cpp,Wrong Answer,1,256,834,
s343916638,p02982,u199768991,1562551126,C++,C++ (GCC 5.4.1),cpp,Wrong Answer,1,256,563,
s634856742,p02982,u866187137,1562551119,Python,Python (3.4.3),py,Accepted,17,3064,358,
s655950901,p02982,u812146724,1562551119,PHP,PHP (5.6.30),php,Accepted,12,3828,731,
s696585367,p02982,u636578047,1562551115,Python,Python (3.4.3),py,Accepted,18,3064,327,
s643612842,p02982,u383109869,1562551115,Python,Python (3.4.3),py,Accepted,18,3064,352,
s100013495,p02982,u933341648,1562551113,Python,Python (3.4.3),py,Accepted,17,3064,318,
s238515229,p02982,u835467030,1562551111,Python,Python (3.4.3),py,Accepted,18,3064,391,
s453091821,p02982,u741144749,1562551109,C++,C++14 (GCC 5.4.1),cpp,Wrong Answer,1,256,789,
s156897335,p02982,u172337086,1562551107,Python,Python (3.4.3),py,Wrong Answer,150,12500,381,
s331367517,p02982,u703877026,1562551105,C,C (GCC 5.4.1),c,Wrong Answer,1,128,435,
s962185980,p02982,u514652247,1562551103,Python,Python (3.4.3),py,Accepted,148,12396,317,
s472123015,p02982,u371381963,1562551102,C++,C++14 (GCC 5.4.1),cpp,Wrong Answer,1,256,615,
s950593078,p02982,u165405062,1562551100,C++,C++14 (GCC 5.4.1),cpp,Accepted,1,256,732,
s414110809,p02982,u041662998,1562551099,C++,C++14 (GCC 5.4.1),cpp,Accepted,1,256,855,
s801348830,p02982,u930561195,1562551088,C++,C++14 (GCC 5.4.1),cpp,Wrong Answer,1,256,484,
s516214133,p02982,u509327994,1562551084,C,C (Clang 3.8.0),c,Accepted,1,128,1328,
s783282837,p02982,u468647389,1562551079,C++,C++14 (GCC 5.4.1),cpp,Accepted,1,256,601,
s146631416,p02982,u435108403,1562551076,Python,Python (3.4.3),py,Wrong Answer,18,3064,492,
s217515584,p02982,u517935400,1562551076,C++,C++14 (GCC 5.4.1),cpp,Accepted,1,256,419,
s188476545,p02982,u913395020,1562551075,Python,Python (3.4.3),py,Accepted,35,3064,443,
s269214401,p02982,u857408368,1562551074,Python,Python (3.4.3),py,Accepted,18,3064,532,
s712733058,p02982,u389061943,1562551073,C++,C++14 (GCC 5.4.1),cpp,Accepted,1,256,668,
s655830584,p02982,u454826990,1562551071,C++,C++14 (GCC 5.4.1),cpp,Accepted,1,256,453,
s217738254,p02982,u835467030,1562551068,Python,Python (3.4.3),py,Wrong Answer,20,3188,414,
s253591252,p02982,u554106628,1562551067,C++,C++14 (GCC 5.4.1),cpp,Accepted,1,256,900,
s206388111,p02982,u317715099,1562551057,C++,C++14 (GCC 5.4.1),cpp,Wrong Answer,1,256,839,
s665617795,p02982,u917452040,1562551053,C,C (GCC 5.4.1),c,Accepted,1,128,1046,
s022795880,p02982,u918659922,1562551050,C++,C++14 (GCC 5.4.1),cpp,Accepted,1,256,605,
s683120941,p02982,u965943031,1562551049,C++,C++14 (GCC 5.4.1),cpp,Accepted,1,256,5312,
s496541140,p02982,u311379832,1562551048,Python,Python (3.4.3),py,Accepted,20,3064,451,
s273021838,p02982,u854243627,1562551047,C++,C++14 (GCC 5.4.1),cpp,Accepted,1,256,885,
s541157454,p02982,u455876837,1562551046,Ruby,Ruby (2.3.3),rb,Wrong Answer,7,1788,394,
s835304562,p02982,u334446683,1562551044,C++,C++14 (GCC 5.4.1),cpp,Accepted,1,256,771,
s242823056,p02982,u439333767,1562551038,C++,C++14 (GCC 5.4.1),cpp,Accepted,1,384,569,
s787436349,p02982,u673625102,1562551036,Python,Python (3.4.3),py,Accepted,18,3064,415,
s385999543,p02982,u276204978,1562551035,Python,Python (3.4.3),py,Accepted,150,12504,294,
s423019475,p02982,u350201286,1562551034,C++,C++14 (GCC 5.4.1),cpp,Accepted,1,256,977,
s138512109,p02982,u924885571,1562551029,C++,C++14 (GCC 5.4.1),cpp,Accepted,1,256,570,
s177991075,p02982,u835467030,1562551028,Python,Python (3.4.3),py,Wrong Answer,18,3060,415,
s317135532,p02982,u415400221,1562551015,Ruby,Ruby (2.3.3),rb,Accepted,7,1788,319,
s286339504,p02982,u105801182,1562551015,C++,C++14 (GCC 5.4.1),cpp,Wrong Answer,1,256,875,
s549871465,p02982,u915078431,1562551015,Python,Python (3.4.3),py,Accepted,18,3064,410,
s882643142,p02982,u376859266,1562551014,C++,C++14 (GCC 5.4.1),cpp,Accepted,2,384,658,
s106821680,p02982,u399754648,1562551013,Python,Python (3.4.3),py,Accepted,152,12500,430,
s967827910,p02982,u844503366,1562551011,Python,Python (3.4.3),py,Accepted,149,12508,416,
s694809561,p02982,u639592190,1562551008,Python,Python (3.4.3),py,Accepted,19,3064,377,
s624240290,p02982,u452180488,1562551004,C++,C++14 (GCC 5.4.1),cpp,Accepted,1,256,740,
s726238980,p02982,u644546699,1562551002,C,C (GCC 5.4.1),c,Runtime Error,95,256,612,
s734064797,p02982,u756399469,1562551002,Python,Python (3.4.3),py,Wrong Answer,20,3064,315,
s459586999,p02982,u731646494,1562551001,Ruby,Ruby (2.3.3),rb,Accepted,7,1788,157,
s474603913,p02982,u192280767,1562551000,C++,C++14 (GCC 5.4.1),cpp,Wrong Answer,1,256,747,
s793020236,p02982,u358859892,1562550999,C++,C++14 (GCC 5.4.1),cpp,Accepted,2,256,583,
s349152874,p02982,u036444122,1562550994,C++,C++14 (GCC 5.4.1),cpp,Wrong Answer,1,256,1300,
s729277465,p02982,u164474813,1562550992,Python,Python (3.4.3),py,Accepted,152,12428,478,
s498590512,p02982,u744470124,1562550986,C#,C# (Mono 4.6.2.0),cs,Wrong Answer,21,13140,2074,
s343831443,p02982,u134461646,1562550983,C++,C++14 (GCC 5.4.1),cpp,Accepted,2,256,653,
s976407832,p02982,u109925697,1562550982,PHP,PHP7 (7.0.15),php,Wrong Answer,19,4984,543,
s577962575,p02982,u994341534,1562550975,C++,C++14 (GCC 5.4.1),cpp,Wrong Answer,1,128,676,
s875423229,p02982,u805332733,1562550973,Python,Python (3.4.3),py,Accepted,299,19440,360,
s067844359,p02982,u813102292,1562550968,Python,Python (3.4.3),py,Accepted,20,3064,329,
s038481648,p02982,u102131583,1562550964,C++,C++14 (GCC 5.4.1),cpp,Wrong Answer,1,256,621,
s743576737,p02982,u938650438,1562550957,Kotlin,Kotlin (1.0.0),kt,Accepted,211,35596,597,
s112451833,p02982,u521975232,1562550953,C++,C++14 (GCC 5.4.1),cpp,Wrong Answer,3,256,554,
s011394685,p02982,u639592190,1562550952,Python,Python (3.4.3),py,Wrong Answer,18,3064,390,
s839455216,p02982,u974620347,1562550952,Python,Python (3.4.3),py,Accepted,20,3064,460,
s395399657,p02982,u281055657,1562550952,C,C (GCC 5.4.1),c,Compile Error,,,429,
s546735490,p02982,u358859892,1562550951,C++,C++14 (GCC 5.4.1),cpp,Wrong Answer,2,256,607,
s253432412,p02982,u535773602,1562550948,C++,C++14 (GCC 5.4.1),cpp,Accepted,1,256,680,
s180503651,p02982,u543034659,1562550946,C++,C++14 (GCC 5.4.1),cpp,Accepted,1,256,457,
s703353423,p02982,u052292043,1562550945,C++,C++14 (GCC 5.4.1),cpp,Wrong Answer,1,128,505,
s491731000,p02982,u399754648,1562550943,Python,Python (3.4.3),py,Wrong Answer,147,12388,402,
s455043364,p02982,u041662998,1562550940,C++,C++14 (GCC 5.4.1),cpp,Wrong Answer,1,256,853,
s931027232,p02982,u238801602,1562550939,Python,Python (3.4.3),py,Accepted,154,12448,357,
s286620469,p02982,u913395020,1562550938,Python,Python (3.4.3),py,Wrong Answer,35,3064,465,
s477557480,p02982,u390712114,1562550937,C++,C++14 (GCC 5.4.1),cpp,Runtime Error,99,256,2044,
s752496755,p02982,u374974389,1562550935,Python,Python (3.4.3),py,Accepted,19,3064,414,
s727370829,p02982,u342042786,1562550934,C++,C++14 (GCC 5.4.1),cpp,Accepted,2,256,647,
s404055896,p02982,u535588603,1562550934,Ruby,Ruby (2.3.3),rb,Wrong Answer,7,3836,560,
s412006174,p02982,u910900288,1562550932,C++,C++14 (GCC 5.4.1),cpp,Accepted,1,256,607,
s064282579,p02982,u558782626,1562550928,Python,Python (3.4.3),py,Wrong Answer,20,3064,294,
s164400271,p02982,u392319141,1562550920,Python,Python (3.4.3),py,Accepted,18,3064,377,
s036477818,p02982,u398659810,1562550919,C++,C++14 (GCC 5.4.1),cpp,Accepted,1,256,1062,
s362121091,p02982,u159228113,1562550915,Python,PyPy3 (2.4.0),py,Accepted,172,38256,326,
s865233958,p02982,u317223944,1562550908,C++,C++14 (GCC 5.4.1),cpp,Accepted,1,256,686,
s464319913,p02982,u258062175,1562550905,C++,C++14 (GCC 5.4.1),cpp,Accepted,1,256,649,
s561893164,p02982,u210543511,1562550904,Python,Python (3.4.3),py,Accepted,148,12448,310,
s258587875,p02982,u822738981,1562550900,Python,Python (3.4.3),py,Accepted,17,2940,297,
s217452884,p02982,u074208040,1562550900,Ruby,Ruby (2.3.3),rb,Accepted,15,2684,259,
s861096465,p02982,u379393519,1562550900,C++,C++14 (GCC 5.4.1),cpp,Wrong Answer,1,256,405,
s220440628,p02982,u057671932,1562550899,Java,Java8 (OpenJDK 1.8.0),java,Accepted,107,22868,620,
s623541095,p02982,u089142196,1562550898,Python,Python (3.4.3),py,Accepted,17,3064,304,
s266639658,p02982,u564969604,1562550896,Python,Python (3.4.3),py,Accepted,18,3064,324,
s097626571,p02982,u023958502,1562550894,Python,Python (3.4.3),py,Accepted,17,3064,339,
s379589017,p02982,u350203904,1562550893,C++,C++14 (GCC 5.4.1),cpp,Accepted,1,256,550,
s082884578,p02982,u554106628,1562550892,C++,C++14 (GCC 5.4.1),cpp,Wrong Answer,1,256,968,
s882409940,p02982,u805332733,1562550886,Python,Python (3.4.3),py,Runtime Error,18,3064,363,
s986717506,p02982,u334222621,1562550884,Python,Python (3.4.3),py,Wrong Answer,19,3064,830,
s408399296,p02982,u755134895,1562550884,C++,C++14 (GCC 5.4.1),cpp,Accepted,1,256,2601,
s604237972,p02982,u778668639,1562550881,C++,C++14 (GCC 5.4.1),cpp,Wrong Answer,1,256,958,
s813800094,p02982,u288257826,1562550881,C++,C++14 (GCC 5.4.1),cpp,Accepted,1,256,472,
s169872889,p02982,u469451657,1562550879,C++,C++14 (GCC 5.4.1),cpp,Accepted,1,256,744,
s038482553,p02982,u131625544,1562550878,Python,Python (3.4.3),py,Accepted,18,3064,499,
s330452558,p02982,u231261695,1562550876,C,C (GCC 5.4.1),c,Runtime Error,2103,128,666,
s541097780,p02982,u642587369,1562550865,Python,Python (3.4.3),py,Accepted,17,3064,612,
s711006681,p02982,u089142196,1562550864,Python,Python (3.4.3),py,Wrong Answer,17,3064,314,
s059881516,p02982,u167647458,1562550863,C++,C++14 (GCC 5.4.1),cpp,Accepted,1,256,462,
s427821490,p02982,u093941965,1562550863,C++,C++14 (GCC 5.4.1),cpp,Accepted,1,384,649,
s684936942,p02982,u801812671,1562550862,C++,C++14 (GCC 5.4.1),cpp,Runtime Error,98,256,556,
s430483986,p02982,u430681166,1562550859,C++,C++14 (GCC 5.4.1),cpp,Accepted,1,256,773,
s749927608,p02982,u165405062,1562550859,C++,C++14 (GCC 5.4.1),cpp,Wrong Answer,1,256,755,
s051622071,p02982,u473430959,1562550856,Python,Python (3.4.3),py,Accepted,148,12412,291,
s105928602,p02982,u511379665,1562550851,C++,C++14 (GCC 5.4.1),cpp,Accepted,1,256,2110,
s505005749,p02982,u171274148,1562550849,C++,C++14 (GCC 5.4.1),cpp,Accepted,1,256,705,
s407261646,p02982,u530845504,1562550846,C,C (Clang 3.8.0),c,Wrong Answer,1,128,475,
s734993817,p02982,u114954806,1562550846,Python,Python (3.4.3),py,Accepted,20,3316,334,
s220489476,p02982,u961523950,1562550843,C++,C++14 (GCC 5.4.1),cpp,Accepted,1,256,494,
s838598299,p02982,u771621892,1562550839,C++,C++14 (GCC 5.4.1),cpp,Accepted,2,640,888,
s218021762,p02982,u701318346,1562550836,Python,Python (3.4.3),py,Accepted,18,3064,394,
s579958608,p02982,u883323885,1562550833,C++,C++14 (GCC 5.4.1),cpp,Accepted,2,256,850,
s447596009,p02982,u810067811,1562550828,Python,Python (3.4.3),py,Accepted,17,3064,405,
s773703923,p02982,u174265495,1562550827,C++,C++14 (GCC 5.4.1),cpp,Accepted,1,256,822,
s190849075,p02982,u900615460,1562550826,Python,PyPy3 (2.4.0),py,Accepted,171,38256,691,
s508402490,p02982,u038841188,1562550819,C++,C++14 (GCC 5.4.1),cpp,Accepted,1,256,553,
s534062121,p02982,u623402808,1562550816,Ruby,Ruby (2.3.3),rb,Accepted,7,1788,333,
s304807074,p02982,u089885969,1562550813,C++,C++14 (GCC 5.4.1),cpp,Accepted,1,256,814,
s761384289,p02982,u647474992,1562550808,C++,C++14 (GCC 5.4.1),cpp,Accepted,1,256,612,
s172910181,p02982,u750378652,1562550804,Python,Python (3.4.3),py,Accepted,18,3060,357,
s769195246,p02982,u918659922,1562550800,C++,C++14 (GCC 5.4.1),cpp,Compile Error,,,610,
s689047823,p02982,u906208439,1562550798,C++,C++14 (GCC 5.4.1),cpp,Accepted,1,256,868,
s515954395,p02982,u401902038,1562550796,C++,C++14 (GCC 5.4.1),cpp,Compile Error,,,523,
s465343462,p02982,u717315282,1562550794,C++,C++14 (GCC 5.4.1),cpp,Wrong Answer,1,256,1827,
s639797023,p02982,u018776180,1562550792,Python,Python (3.4.3),py,Accepted,17,3064,375,
s290975769,p02982,u832153770,1562550791,Java,Java8 (OpenJDK 1.8.0),java,Accepted,101,23508,613,
s045637044,p02982,u052292043,1562550791,C++,C++14 (GCC 5.4.1),cpp,Wrong Answer,1,128,493,
s910998240,p02982,u537235757,1562550787,Java,Java8 (OpenJDK 1.8.0),java,Accepted,109,21204,926,
s560676978,p02982,u949620431,1562550784,Python,Python (3.4.3),py,Accepted,20,3064,456,
s716934807,p02982,u727652622,1562550783,C++,C++14 (GCC 5.4.1),cpp,Accepted,1,256,369,
s552669378,p02982,u476534289,1562550782,C++,C++14 (GCC 5.4.1),cpp,Accepted,1,256,1029,
s237203274,p02982,u281055657,1562550780,C,C (GCC 5.4.1),c,Compile Error,,,420,
s003252054,p02982,u644546699,1562550780,C,C (GCC 5.4.1),c,Runtime Error,96,384,601,
s514923294,p02982,u404299586,1562550777,C,C (GCC 5.4.1),c,Time Limit Exceeded,2103,128,535,
s710548894,p02982,u819967376,1562550776,Haskell,Haskell (GHC 7.10.3),hs,Accepted,2,1020,466,
s370014383,p02982,u635538726,1562550773,Python,Python (3.4.3),py,Accepted,19,3064,548,
s215635491,p02982,u552074963,1562550764,C++,C++14 (GCC 5.4.1),cpp,Accepted,1,256,433,
s062008004,p02982,u927943691,1562550760,C++,C++14 (GCC 5.4.1),cpp,Accepted,1,256,1466,
s873433818,p02982,u430681166,1562550760,C++,C++14 (GCC 5.4.1),cpp,Compile Error,,,757,
s746341240,p02982,u649757801,1562550758,C++,C++14 (GCC 5.4.1),cpp,Accepted,1,256,691,
s343390187,p02982,u165405062,1562550758,C++,C++14 (GCC 5.4.1),cpp,Wrong Answer,1,256,768,
s603388939,p02982,u038841188,1562550757,C++,C++14 (GCC 5.4.1),cpp,Wrong Answer,1,256,581,
s549467034,p02982,u635208249,1562550753,C++,C++14 (GCC 5.4.1),cpp,Accepted,1,256,912,
s640133615,p02982,u388783188,1562550752,Scheme,Scheme (Gauche 0.9.3.3),scm,Accepted,61,8156,825,
s911057032,p02982,u334222621,1562550750,Python,Python (3.4.3),py,Wrong Answer,19,3064,826,
s156886875,p02982,u697232864,1562550750,C++,C++14 (GCC 5.4.1),cpp,Accepted,1,256,1068,
s395195213,p02982,u251828455,1562550749,C++,C++14 (GCC 5.4.1),cpp,Accepted,1,256,488,
s690826542,p02982,u391630195,1562550747,Python,PyPy3 (2.4.0),py,Accepted,182,40496,492,
s677667608,p02982,u898714404,1562550745,C++,C++14 (GCC 5.4.1),cpp,Accepted,1,256,1227,
s879583326,p02982,u350697094,1562550744,Python,Python (3.4.3),py,Accepted,18,3064,354,
s156416478,p02982,u390712114,1562550743,C++,C++14 (GCC 5.4.1),cpp,Runtime Error,102,256,2040,
s635784075,p02982,u441250130,1562550742,C++,C++14 (GCC 5.4.1),cpp,Accepted,4,256,664,
s104130404,p02982,u895240845,1562550741,Java,Java8 (OpenJDK 1.8.0),java,Accepted,108,21972,693,
s629064251,p02982,u167755809,1562550740,C++,C++14 (GCC 5.4.1),cpp,Accepted,1,256,876,
s809373442,p02982,u745561510,1562550740,Python,Python (3.4.3),py,Accepted,17,3188,400,
s914690227,p02982,u252828980,1562550738,Python,Python (3.4.3),py,Accepted,18,3064,422,
s156860412,p02982,u467507627,1562550737,C++,C++14 (GCC 5.4.1),cpp,Accepted,1,256,758,
s579512374,p02982,u250090834,1562550735,Python,Python (3.4.3),py,Runtime Error,17,2940,269,
s225598239,p02982,u820164965,1562550727,C++,C++14 (GCC 5.4.1),cpp,Accepted,3,640,823,
s656133274,p02982,u925836726,1562550727,Python,Python (3.4.3),py,Accepted,150,12396,580,
s436927887,p02982,u782426050,1562550726,Python,Python (3.4.3),py,Accepted,17,3064,420,
s852288756,p02982,u958984779,1562550726,C++,C++14 (GCC 5.4.1),cpp,Wrong Answer,1,256,573,
s055251596,p02982,u976940619,1562550726,C++,C++14 (GCC 5.4.1),cpp,Accepted,1,256,1254,
s355627576,p02982,u281055657,1562550725,C,C (GCC 5.4.1),c,Compile Error,,,420,
s525450993,p02982,u883323885,1562550721,C++,C++14 (GCC 5.4.1),cpp,Wrong Answer,1,256,847,
s080906694,p02982,u829406396,1562550720,Python,Python (3.4.3),py,Accepted,18,3064,337,
s760289511,p02982,u530845504,1562550719,C,C (GCC 5.4.1),c,Wrong Answer,1,128,475,
s818904129,p02982,u018776180,1562550716,Python,Python (3.4.3),py,Runtime Error,18,3064,363,
s234181191,p02982,u549475902,1562550715,C++,C++14 (GCC 5.4.1),cpp,Wrong Answer,1,256,532,
s412043119,p02982,u725712446,1562550713,C++,C++14 (GCC 5.4.1),cpp,Accepted,8,1920,583,
s410179492,p02982,u770423799,1562550712,Java,Java8 (OpenJDK 1.8.0),java,Accepted,106,21844,789,
s169794900,p02982,u052292043,1562550710,C++,C++14 (GCC 5.4.1),cpp,Wrong Answer,1,128,491,
s378822691,p02982,u370945119,1562550710,C,C (GCC 5.4.1),c,Wrong Answer,1,128,715,
s804705791,p02982,u930561195,1562550710,C++,C++14 (GCC 5.4.1),cpp,Wrong Answer,1,256,459,
s307295840,p02982,u802772880,1562550709,Python,Python (3.4.3),py,Accepted,17,3064,433,
s492754976,p02982,u745561510,1562550707,Python,Python (3.4.3),py,Wrong Answer,18,3064,423,
s841212569,p02982,u448655578,1562550707,Python,Python (3.4.3),py,Accepted,17,3064,379,
s024091518,p02982,u600896094,1562550704,C++,C++14 (GCC 5.4.1),cpp,Accepted,1,256,834,
s100738488,p02982,u102288943,1562550703,JavaScript,JavaScript (node.js v5.12),js,Runtime Error,50,7244,686,
s175191182,p02982,u599444495,1562550702,Nim,Nim (0.13.0),nim,Accepted,1,256,522,
s936413189,p02982,u461896927,1562550700,C++,C++14 (GCC 5.4.1),cpp,Accepted,1,256,835,
s701916365,p02982,u109497000,1562550695,C++,C++14 (GCC 5.4.1),cpp,Accepted,1,256,540,
s548780606,p02982,u777283665,1562550693,Python,Python (3.4.3),py,Accepted,17,3064,302,
s879589353,p02982,u749816033,1562550692,Python,PyPy3 (2.4.0),py,Accepted,167,38384,295,
s994214472,p02982,u096359533,1562550688,Python,Python (3.4.3),py,Accepted,18,3064,430,
s452696723,p02982,u012694084,1562550688,Python,Python (3.4.3),py,Accepted,18,3064,430,
s539780212,p02982,u258907785,1562550686,C++,C++14 (GCC 5.4.1),cpp,Accepted,1,256,1563,
s814625990,p02982,u809458301,1562550682,C++,C++14 (GCC 5.4.1),cpp,Accepted,1,256,1450,
s160681882,p02982,u703999673,1562550676,C++,C++14 (GCC 5.4.1),cpp,Accepted,1,256,2482,
s535399636,p02982,u062706707,1562550675,Python,Python (3.4.3),py,Accepted,18,3064,353,
s254999529,p02982,u957204897,1562550674,C++,C++14 (GCC 5.4.1),cpp,Accepted,1,256,829,
s479275746,p02982,u944905289,1562550673,C++,C++14 (GCC 5.4.1),cpp,Accepted,1,256,654,
s605581130,p02982,u110653681,1562550672,C++,C++14 (GCC 5.4.1),cpp,Accepted,1,256,769,
s296229461,p02982,u761676084,1562550666,Python,Python (3.4.3),py,Accepted,150,12412,462,
s612979489,p02982,u404299586,1562550662,C,C (GCC 5.4.1),c,Time Limit Exceeded,2103,128,535,
s761388680,p02982,u288257826,1562550662,C++,C++14 (GCC 5.4.1),cpp,Wrong Answer,1,256,476,
s083730960,p02982,u186359321,1562550660,C++,C++14 (GCC 5.4.1),cpp,Accepted,1,256,1067,
s885125243,p02982,u898714404,1562550656,C++,C++14 (GCC 5.4.1),cpp,Wrong Answer,1,256,1221,
s120420295,p02982,u770423799,1562550654,Java,Java8 (OpenJDK 1.8.0),java,Runtime Error,87,25300,810,
s012531727,p02982,u260009060,1562550654,Python,Python (3.4.3),py,Accepted,18,3192,2486,
s502024664,p02982,u644546699,1562550653,C,C (GCC 5.4.1),c,Runtime Error,98,384,649,
s337105474,p02982,u843175622,1562550649,C++,C++14 (GCC 5.4.1),cpp,Accepted,1,256,1142,
s423027853,p02982,u356489231,1562550646,C++,C++14 (GCC 5.4.1),cpp,Accepted,1,256,1154,
s341472598,p02982,u685629265,1562550639,C,C (GCC 5.4.1),c,Accepted,1,128,650,
s757012719,p02982,u549475902,1562550639,C++,C++14 (GCC 5.4.1),cpp,Wrong Answer,1,256,553,
s577311221,p02982,u370945119,1562550635,C,C (GCC 5.4.1),c,Wrong Answer,1,128,653,
s422720112,p02982,u491990150,1562550635,C++,C++14 (GCC 5.4.1),cpp,Accepted,1,256,730,
s719201792,p02982,u201777482,1562550632,C,C (GCC 5.4.1),c,Accepted,1,128,579,
s508054767,p02982,u334222621,1562550626,Python,Python (3.4.3),py,Wrong Answer,18,3064,818,
s822709494,p02982,u662513110,1562550626,C++,C++14 (GCC 5.4.1),cpp,Accepted,1,256,592,
s976748328,p02982,u018807058,1562550625,C++,C++14 (GCC 5.4.1),cpp,Accepted,3,384,575,
s940743511,p02982,u383416302,1562550619,Python,Python (3.4.3),py,Accepted,149,12452,496,
s493139755,p02982,u726218285,1562550619,Python,Python (3.4.3),py,Runtime Error,17,2940,392,
s149386933,p02982,u845148770,1562550617,C,C (GCC 5.4.1),c,Accepted,1,128,982,
s032101810,p02982,u249118956,1562550616,C++,C++14 (GCC 5.4.1),cpp,Accepted,2,384,872,
s180866297,p02982,u694810977,1562550616,Python,Python (3.4.3),py,Accepted,17,3064,447,
s347178438,p02982,u727652622,1562550615,C++,C++14 (GCC 5.4.1),cpp,Wrong Answer,1,256,383,
s309849998,p02982,u817999507,1562550615,C++,C++14 (GCC 5.4.1),cpp,Accepted,1,256,767,
s605745457,p02982,u283869437,1562550615,C++,C++14 (GCC 5.4.1),cpp,Accepted,1,256,10876,
s881513525,p02982,u046105273,1562550614,Kotlin,Kotlin (1.0.0),kt,Accepted,190,29604,694,
s012824633,p02982,u042605975,1562550614,C++,C++14 (GCC 5.4.1),cpp,Accepted,1,256,1017,
s607885807,p02982,u015875086,1562550612,C,C (GCC 5.4.1),c,Wrong Answer,1,128,717,
s679778496,p02982,u046585946,1562550611,Python,Python (3.4.3),py,Accepted,18,3064,289,
s733231750,p02982,u545978247,1562550602,C,C (GCC 5.4.1),c,Accepted,1,128,1099,
s104039514,p02982,u382169668,1562550601,Python,Python (3.4.3),py,Accepted,17,3064,357,
s713037629,p02982,u065446124,1562550599,Python,Python (3.4.3),py,Accepted,18,3188,261,
s689544806,p02982,u703472020,1562550599,C++,C++14 (GCC 5.4.1),cpp,Accepted,1,256,907,
s566840969,p02982,u958984779,1562550597,C++,C++14 (GCC 5.4.1),cpp,Wrong Answer,1,256,571,
s748126987,p02982,u913604515,1562550596,C++,C++14 (GCC 5.4.1),cpp,Wrong Answer,1,256,808,
s042237337,p02982,u547167033,1562550595,Java,Java8 (OpenJDK 1.8.0),java,Accepted,109,21844,716,
s120328794,p02982,u609061751,1562550593,Python,Python (3.4.3),py,Runtime Error,17,2940,133,
s466533532,p02982,u882276885,1562550592,C++,C++14 (GCC 5.4.1),cpp,Accepted,1,256,357,
s106878112,p02982,u852861896,1562550585,Swift,Swift (swift-2.2-RELEASE),swift,Wrong Answer,62,7908,765,
s771836427,p02982,u012694084,1562550583,Python,PyPy3 (2.4.0),py,Accepted,175,38384,430,
s260986971,p02982,u859765185,1562550582,C++,C++14 (GCC 5.4.1),cpp,Accepted,1,256,927,
s239962664,p02982,u776086908,1562550576,C++,C++14 (GCC 5.4.1),cpp,Accepted,1,128,730,
s646916971,p02982,u646921304,1562550574,C++,C++14 (GCC 5.4.1),cpp,Wrong Answer,1,256,789,
s765146437,p02982,u057671932,1562550574,Java,Java8 (OpenJDK 1.8.0),java,Wrong Answer,109,21844,622,
s361854708,p02982,u334222621,1562550572,Python,Python (3.4.3),py,Wrong Answer,18,3064,821,
s819651943,p02982,u783219225,1562550571,Python,Python (3.4.3),py,Accepted,17,3064,258,
s174406271,p02982,u913604515,1562550568,C++,C++14 (GCC 5.4.1),cpp,Wrong Answer,2,504,806,
s777183526,p02982,u379136995,1562550564,C,C (GCC 5.4.1),c,Wrong Answer,1,128,686,
s125760748,p02982,u018434698,1562550562,C++,C++14 (GCC 5.4.1),cpp,Accepted,1,256,605,
s140133587,p02982,u443277273,1562550556,Java,Java8 (OpenJDK 1.8.0),java,Wrong Answer,108,24020,879,
s412487672,p02982,u958984779,1562550556,C++,C++14 (GCC 5.4.1),cpp,Compile Error,,,571,
s976963758,p02982,u600896094,1562550555,C++,C++14 (GCC 5.4.1),cpp,Wrong Answer,1,256,809,
s542410878,p02982,u115838990,1562550555,C++,C++14 (GCC 5.4.1),cpp,Accepted,1,256,648,
s922051029,p02982,u543167400,1562550555,C++,C++14 (GCC 5.4.1),cpp,Accepted,1,256,2097,
s692502981,p02982,u368384385,1562550554,C++,C++14 (GCC 5.4.1),cpp,Accepted,1,256,587,
s866533216,p02982,u131944095,1562550550,Python,Python (3.4.3),py,Accepted,18,3064,329,
s132536302,p02982,u911474573,1562550549,C++,C++14 (GCC 5.4.1),cpp,Accepted,1,256,500,
s703003714,p02982,u569690172,1562550548,C++,C++14 (GCC 5.4.1),cpp,Accepted,1,256,955,
s387534007,p02982,u859987056,1562550547,Python,Python (3.4.3),py,Accepted,151,12512,334,
s449369730,p02982,u495166526,1562550547,Python,Python (3.4.3),py,Accepted,20,3064,369,
s230114573,p02982,u951141003,1562550545,C++,C++14 (GCC 5.4.1),cpp,Accepted,1,256,974,
s065649888,p02982,u587857074,1562550540,C++,C++14 (GCC 5.4.1),cpp,Accepted,1,256,1134,
s423104654,p02982,u189245176,1562550534,C#,C# (Mono 4.6.2.0),cs,Accepted,22,11220,1857,
s368877325,p02982,u704651206,1562550534,Java,Java8 (OpenJDK 1.8.0),java,Accepted,113,24660,713,
s147636818,p02982,u776864893,1562550526,Python,Python (3.4.3),py,Accepted,149,12444,475,
s571738297,p02982,u863507492,1562550525,C++,C++14 (GCC 5.4.1),cpp,Accepted,1,256,676,
s296607254,p02982,u364490560,1562550522,C++,C++ (GCC 5.4.1),cpp,Accepted,1,256,1516,
s963015969,p02982,u348109388,1562550519,C++,C++14 (GCC 5.4.1),cpp,Accepted,1,256,600,
s847697979,p02982,u873134970,1562550516,Python,Python (3.4.3),py,Accepted,150,12468,311,
s013573799,p02982,u557831058,1562550515,C++,C++14 (GCC 5.4.1),cpp,Accepted,6,1792,584,
s700629741,p02982,u734589227,1562550515,Python,Python (3.4.3),py,Accepted,150,12424,344,
s065496151,p02982,u018434698,1562550515,C++,C++14 (GCC 5.4.1),cpp,Wrong Answer,1,256,638,
s811857990,p02982,u751741878,1562550510,C++,C++14 (GCC 5.4.1),cpp,Accepted,1,256,371,
s434611612,p02982,u958984779,1562550505,C++,C++14 (GCC 5.4.1),cpp,Compile Error,,,558,
s720507775,p02982,u801994553,1562550503,C++,C++14 (GCC 5.4.1),cpp,Accepted,1,256,994,
s571393093,p02982,u637918426,1562550499,Python,Python (3.4.3),py,Accepted,18,3064,381,
s761575156,p02982,u062865912,1562550494,C,C (GCC 5.4.1),c,Accepted,1,128,551,
s820458811,p02982,u768327203,1562550493,C++,C++14 (GCC 5.4.1),cpp,Accepted,1,256,815,
s168805543,p02982,u801916231,1562550492,C++,C++14 (GCC 5.4.1),cpp,Accepted,1,256,553,
s573267404,p02982,u305422591,1562550491,Python,Python (3.4.3),py,Accepted,17,3064,367,
s695682271,p02982,u748311048,1562550485,Python,Python (3.4.3),py,Accepted,18,3064,283,
s694660740,p02982,u108272327,1562550482,Kotlin,Kotlin (1.0.0),kt,Accepted,240,35952,506,
s671952690,p02982,u325573017,1562550478,C++,C++14 (GCC 5.4.1),cpp,Wrong Answer,1,256,579,
s572216613,p02982,u156266692,1562550476,Kotlin,Kotlin (1.0.0),kt,Accepted,240,35964,1655,
s454704067,p02982,u796269639,1562550474,C++,C++14 (GCC 5.4.1),cpp,Accepted,1,256,1752,
s310198861,p02982,u430797067,1562550473,C++,C++14 (GCC 5.4.1),cpp,Accepted,1,256,1214,
s425017863,p02982,u064100484,1562550472,Ruby,Ruby (2.3.3),rb,Accepted,7,1788,212,
s976929611,p02982,u329400445,1562550471,Python,Python (3.4.3),py,Runtime Error,219,14912,921,
s267442715,p02982,u820351940,1562550468,Python,Python (3.4.3),py,Accepted,162,12424,281,
s342885168,p02982,u600896094,1562550463,C++,C++14 (GCC 5.4.1),cpp,Compile Error,,,789,
s493005537,p02982,u696046068,1562550462,JavaScript,JavaScript (node.js v5.12),js,Runtime Error,50,7372,966,
s236723142,p02982,u623954643,1562550462,C++,C++14 (GCC 5.4.1),cpp,Accepted,1,256,480,
s017091662,p02982,u749062112,1562550462,C++,C++14 (GCC 5.4.1),cpp,Wrong Answer,3,384,602,
s967905793,p02982,u522598953,1562550462,C++,C++14 (GCC 5.4.1),cpp,Accepted,1,256,981,
s782228943,p02982,u359612453,1562550462,C++,C++14 (GCC 5.4.1),cpp,Wrong Answer,1,256,585,
s456817819,p02982,u495166526,1562550461,Python,Python (3.4.3),py,Wrong Answer,18,3064,392,
s612698338,p02982,u566264434,1562550460,Python,Python (3.4.3),py,Accepted,149,12432,297,
s694557897,p02982,u335921722,1562550458,C++,C++14 (GCC 5.4.1),cpp,Accepted,1,256,732,
s577205002,p02982,u799948134,1562550458,C++,C++14 (GCC 5.4.1),cpp,Accepted,1,256,1463,
s469703732,p02982,u107464079,1562550457,C,C (GCC 5.4.1),c,Wrong Answer,1,128,513,
s560385646,p02982,u778113870,1562550457,Python,Python (3.4.3),py,Accepted,17,3064,489,
s459617801,p02982,u295946532,1562550457,Go,Go (1.6),go,Accepted,1,640,2742,
s487195636,p02982,u911147723,1562550456,C++,C++14 (GCC 5.4.1),cpp,Accepted,1,256,517,
s582872443,p02982,u573154728,1562550454,Perl,Perl (v5.18.2),pl,Accepted,5,768,220,
s637129637,p02982,u910830417,1562550450,Python,Python (3.4.3),py,Accepted,18,3064,360,
s216336762,p02982,u820351940,1562550444,Python,PyPy3 (2.4.0),py,Runtime Error,167,38640,281,
s818751279,p02982,u512857550,1562550442,C,C (GCC 5.4.1),c,Accepted,1,128,555,
s068304453,p02982,u076512055,1562550438,Python,Python (3.4.3),py,Accepted,19,3064,344,
s055533167,p02982,u045767587,1562550436,C,C (GCC 5.4.1),c,Accepted,1,128,698,
s494647422,p02982,u531752502,1562550433,C++,C++14 (GCC 5.4.1),cpp,Accepted,3,640,748,
s836932740,p02982,u111773061,1562550433,Ruby,Ruby (2.3.3),rb,Accepted,7,3836,318,
s187191797,p02982,u396511998,1562550430,Ruby,Ruby (2.3.3),rb,Accepted,17,2684,228,
s997902802,p02982,u094365516,1562550427,C++,C++14 (GCC 5.4.1),cpp,Accepted,729,122112,1399,
s112217561,p02982,u192954470,1562550425,Java,Java8 (OpenJDK 1.8.0),java,Accepted,95,22100,993,
s184888343,p02982,u288247962,1562550422,C#,C# (Mono 4.6.2.0),cs,Accepted,22,13268,1549,
s320862963,p02982,u926501437,1562550420,Rust,Rust (1.15.1),rs,Accepted,2,4352,1120,
s969785442,p02982,u888749301,1562550417,C,C (GCC 5.4.1),c,Wrong Answer,1,128,813,
s844650320,p02982,u139031151,1562550416,C++,C++14 (GCC 5.4.1),cpp,Accepted,1,256,3012,
s217303352,p02982,u683846001,1562550416,C++,C++14 (GCC 5.4.1),cpp,Wrong Answer,1,128,512,
s530862258,p02982,u746206084,1562550415,Python,Python (3.4.3),py,Accepted,149,12504,440,
s499300095,p02982,u307752464,1562550415,C++,C++14 (GCC 5.4.1),cpp,Accepted,1,256,829,
s893938182,p02982,u378545912,1562550413,Java,Java8 (OpenJDK 1.8.0),java,Accepted,107,21844,774,
s274530156,p02982,u103915901,1562550412,Java,Java8 (OpenJDK 1.8.0),java,Accepted,107,21844,911,
s952954125,p02982,u971089878,1562550412,C++,C++14 (GCC 5.4.1),cpp,Accepted,1,256,687,
s519506841,p02982,u304104630,1562550411,C++,C++14 (GCC 5.4.1),cpp,Accepted,1,256,507,
s108090199,p02982,u157855911,1562550409,Python,Python (3.4.3),py,Accepted,19,3188,703,
s923607706,p02982,u787972656,1562550409,C++,C++14 (GCC 5.4.1),cpp,Accepted,1,256,574,
s969202214,p02982,u510175787,1562550408,C++,C++14 (GCC 5.4.1),cpp,Accepted,1,256,853,
s745341271,p02982,u853900545,1562550408,Python,Python (3.4.3),py,Accepted,18,3188,349,
s208714482,p02982,u959149013,1562550401,Python,Python (3.4.3),py,Accepted,149,12424,312,
s054303183,p02982,u294738119,1562550400,C++,C++14 (GCC 5.4.1),cpp,Accepted,1,256,589,
s723864718,p02982,u168804403,1562550398,C#,C# (Mono 4.6.2.0),cs,Accepted,29,13524,1340,
s374900768,p02982,u153335839,1562550398,Python,Python (3.4.3),py,Accepted,17,3064,517,
s343291894,p02982,u334222621,1562550397,Python,Python (3.4.3),py,Wrong Answer,18,3064,812,
s849217872,p02982,u888749301,1562550397,C,C (GCC 5.4.1),c,Runtime Error,1,128,815,
s787261804,p02982,u703503553,1562550395,C++,C++14 (GCC 5.4.1),cpp,Accepted,1,256,661,
s843644578,p02982,u596565163,1562550394,C++,C++14 (GCC 5.4.1),cpp,Accepted,1,256,495,
s593761253,p02982,u161823208,1562550394,Python,Python (3.4.3),py,Accepted,18,3064,453,
s206551012,p02982,u285680715,1562550392,C++,C++14 (GCC 5.4.1),cpp,Accepted,1,256,522,
s507428839,p02982,u156266692,1562550390,Kotlin,Kotlin (1.0.0),kt,Compile Error,,,1598,
s430124869,p02982,u229148215,1562550390,C++,C++14 (GCC 5.4.1),cpp,Accepted,1,256,911,
s320838175,p02982,u406237526,1562550389,C++,C++14 (GCC 5.4.1),cpp,Accepted,1,256,979,
s784188427,p02982,u958984779,1562550389,C++,C++14 (GCC 5.4.1),cpp,Wrong Answer,1,256,624,
s970479771,p02982,u994910167,1562550385,Python,Python (3.4.3),py,Accepted,150,14436,318,
s804129375,p02982,u169501420,1562550383,Python,Python (3.4.3),py,Accepted,151,12484,610,
s516977466,p02982,u617779302,1562550383,Python,Python (3.4.3),py,Accepted,19,3064,369,
s940956354,p02982,u581122825,1562550382,C++,C++14 (GCC 5.4.1),cpp,Accepted,1,256,813,
s024543460,p02982,u276682785,1562550381,C++,C++14 (GCC 5.4.1),cpp,Accepted,1,256,881,
s820238979,p02982,u288257826,1562550381,C++,C++14 (GCC 5.4.1),cpp,Wrong Answer,1,256,474,
s742245610,p02982,u486151086,1562550381,C++,C++14 (GCC 5.4.1),cpp,Runtime Error,129,256,628,
s181347370,p02982,u098700286,1562550381,C++,C++14 (GCC 5.4.1),cpp,Accepted,1,256,647,
s562115069,p02982,u241345538,1562550378,C++,C++14 (GCC 5.4.1),cpp,Wrong Answer,1,128,462,
s096736132,p02982,u177053419,1562550378,C,C (GCC 5.4.1),c,Accepted,2,256,562,
s700871224,p02982,u137430888,1562550372,Python,Python (3.4.3),py,Accepted,17,3064,433,
s597499775,p02982,u074208040,1562550371,Ruby,Ruby (2.3.3),rb,Runtime Error,7,1788,227,
s071690671,p02982,u364123307,1562550370,C++,C++14 (GCC 5.4.1),cpp,Accepted,1,256,559,
s217126560,p02982,u005570675,1562550370,C++,C++ (GCC 5.4.1),cpp,Accepted,2,512,960,
s184598413,p02982,u125205981,1562550369,Python,Python (3.4.3),py,Accepted,18,3064,758,
s750302123,p02982,u240010800,1562550366,C++,C++14 (GCC 5.4.1),cpp,Accepted,1,384,890,
s352874090,p02982,u106635407,1562550363,C++,C++14 (GCC 5.4.1),cpp,Accepted,1,256,619,
s675298474,p02982,u959835031,1562550361,C++,C++14 (GCC 5.4.1),cpp,Accepted,1,128,715,
s843502530,p02982,u495166526,1562550359,Python,Python (3.4.3),py,Wrong Answer,18,3316,396,
s614254898,p02982,u824326335,1562550358,Python,Python (3.4.3),py,Accepted,17,3064,383,
s182102753,p02982,u144474330,1562550356,C++,C++14 (GCC 5.4.1),cpp,Accepted,1,256,1009,
s367975356,p02982,u319945100,1562550353,C++,C++14 (GCC 5.4.1),cpp,Accepted,1,256,665,
s880582585,p02982,u542932305,1562550352,Python,Python (3.4.3),py,Accepted,20,3064,468,
s574222534,p02982,u748854630,1562550352,C++,C++14 (GCC 5.4.1),cpp,Accepted,1,256,857,
s520415473,p02982,u103600314,1562550348,Go,Go (1.6),go,Accepted,2,640,7870,
s914766626,p02982,u052292043,1562550347,C++,C++14 (GCC 5.4.1),cpp,Wrong Answer,1,128,478,
s185383407,p02982,u612481724,1562550347,Python,Python (3.4.3),py,Accepted,17,3060,354,
s911913406,p02982,u885932660,1562550347,C++,C++14 (GCC 5.4.1),cpp,Accepted,1,256,707,
s441883069,p02982,u169501420,1562550345,Python,PyPy3 (2.4.0),py,Runtime Error,177,38640,610,
s062239832,p02982,u245864231,1562550344,Python,Python (3.4.3),py,Runtime Error,149,12472,276,
s930190129,p02982,u209193252,1562550344,Java,Java8 (OpenJDK 1.8.0),java,Accepted,75,23252,1198,
s312665234,p02982,u102305348,1562550343,Python,PyPy3 (2.4.0),py,Accepted,172,39408,390,
s832619426,p02982,u117615163,1562550343,C++,C++14 (GCC 5.4.1),cpp,Accepted,1,256,697,
s685569453,p02982,u512524057,1562550343,Ruby,Ruby (2.3.3),rb,Accepted,8,1788,481,
s088523048,p02982,u752699869,1562550341,Haskell,Haskell (GHC 7.10.3),hs,Accepted,2,1020,599,
s085869065,p02982,u733145119,1562550341,Python,Python (3.4.3),py,Accepted,18,3064,332,
s349941077,p02982,u602677143,1562550340,Python,Python (3.4.3),py,Accepted,17,3064,379,
s821225122,p02982,u984271333,1562550338,Rust,Rust (1.15.1),rs,Wrong Answer,2,4352,9746,
s060600164,p02982,u222602662,1562550337,C++,C++14 (GCC 5.4.1),cpp,Wrong Answer,4,2560,15488,
s019192493,p02982,u622088062,1562550336,Python,Python (3.4.3),py,Accepted,20,3316,550,
s539553259,p02982,u960317355,1562550334,Python,Python (3.4.3),py,Accepted,18,3064,482,
s836238849,p02982,u820451342,1562550334,Java,Java8 (OpenJDK 1.8.0),java,Accepted,109,23764,686,
s631855751,p02982,u542932305,1562550332,Python,Python (3.4.3),py,Runtime Error,17,3064,455,
s252671916,p02982,u855985627,1562550332,C++,C++14 (GCC 5.4.1),cpp,Accepted,1,256,607,
s042603395,p02982,u653206280,1562550331,C++,C++14 (GCC 5.4.1),cpp,Wrong Answer,1,256,698,
s165086465,p02982,u676623545,1562550331,C++,C++14 (GCC 5.4.1),cpp,Accepted,1,256,723,
s335766172,p02982,u152105410,1562550327,JavaScript,JavaScript (node.js v5.12),js,Accepted,206,21064,1282,
s414654352,p02982,u231261695,1562550326,C,C (GCC 5.4.1),c,Runtime Error,96,128,648,
s392120894,p02982,u480816516,1562550326,C++,C++14 (GCC 5.4.1),cpp,Accepted,1,256,637,
s250365568,p02982,u188000196,1562550325,C++,C++14 (GCC 5.4.1),cpp,Accepted,1,256,785,
s799175471,p02982,u296264105,1562550318,C++,C++14 (GCC 5.4.1),cpp,Accepted,1,256,737,
s978761637,p02982,u830054172,1562550315,Python,Python (3.4.3),py,Accepted,18,3064,399,
s018449361,p02982,u321094662,1562550311,C++,C++14 (GCC 5.4.1),cpp,Wrong Answer,1,256,802,
s767130534,p02982,u928212448,1562550310,Python,Python (3.4.3),py,Accepted,17,3064,800,
s429041332,p02982,u518524265,1562550309,Python,Python (3.4.3),py,Accepted,18,3064,361,
s005568836,p02982,u612481724,1562550309,Python,Python (3.4.3),py,Wrong Answer,17,3060,373,
s275531360,p02982,u960317355,1562550306,Python,Python (3.4.3),py,Wrong Answer,17,3064,491,
s414002219,p02982,u062706707,1562550306,Python,Python (3.4.3),py,Runtime Error,18,3064,340,
s104957119,p02982,u969617556,1562550304,C++,C++14 (Clang 3.8.0),cpp,Accepted,2,256,639,
s514127323,p02982,u964192034,1562550301,C,C (GCC 5.4.1),c,Accepted,1,128,526,
s085108852,p02982,u698000453,1562550297,Java,Java8 (OpenJDK 1.8.0),java,Accepted,107,22612,770,
s129310254,p02982,u052292043,1562550296,C++,C++14 (GCC 5.4.1),cpp,Compile Error,,,476,
s422059165,p02982,u277253335,1562550292,C++,C++14 (GCC 5.4.1),cpp,Wrong Answer,1,256,627,
s200204963,p02982,u466143662,1562550290,Python,Python (3.4.3),py,Accepted,18,3064,549,
s360611928,p02982,u866553607,1562550287,C,C (Clang 3.8.0),c,Wrong Answer,1,128,635,
s098689251,p02982,u183896397,1562550283,Python,Python (3.4.3),py,Accepted,151,12448,479,
s602534757,p02982,u869153175,1562550280,C++,C++14 (GCC 5.4.1),cpp,Accepted,1,128,791,
s483434725,p02982,u084069244,1562550276,Python,Python (3.4.3),py,Wrong Answer,18,3064,414,
s157291965,p02982,u020812754,1562550275,Python,Python (3.4.3),py,Accepted,17,3064,437,
s889416674,p02982,u622088062,1562550275,Python,Python (3.4.3),py,Wrong Answer,21,3316,567,
s573662820,p02982,u509680664,1562550275,C++,C++14 (GCC 5.4.1),cpp,Accepted,1,256,2018,
s298585240,p02982,u543954314,1562550272,Python,Python (3.4.3),py,Accepted,17,3064,308,
s700927520,p02982,u513900235,1562550271,C#,C# (Mono 4.6.2.0),cs,Accepted,24,13396,1722,
s085758899,p02982,u208348294,1562550271,Python,Python (3.4.3),py,Accepted,149,12476,383,
s207906765,p02982,u790922244,1562550269,Python,Python (3.4.3),py,Accepted,18,3188,321,
s117131579,p02982,u917013605,1562550268,C++,C++ (GCC 5.4.1),cpp,Accepted,1,256,1281,
s167326029,p02982,u802772880,1562550266,Python,Python (3.4.3),py,Wrong Answer,18,3064,462,
s170101602,p02982,u653206280,1562550259,C++,C++14 (GCC 5.4.1),cpp,Wrong Answer,1,256,717,
s428309300,p02982,u979172476,1562550257,C++,C++14 (GCC 5.4.1),cpp,Accepted,2,384,694,
s701930145,p02982,u241345538,1562550256,C++,C++14 (GCC 5.4.1),cpp,Wrong Answer,1,128,550,
s241627301,p02982,u031034560,1562550252,C++,C++14 (GCC 5.4.1),cpp,Accepted,1,256,571,
s590109934,p02982,u998379501,1562550251,C++,C++14 (GCC 5.4.1),cpp,Accepted,1,256,528,
s214811238,p02982,u246975555,1562550251,Python,Python (3.4.3),py,Accepted,18,3064,381,
s455194443,p02982,u576712004,1562550250,C++,C++14 (GCC 5.4.1),cpp,Accepted,1,256,1004,
s447475652,p02982,u222602662,1562550250,C++,C++14 (GCC 5.4.1),cpp,Wrong Answer,4,2560,15484,
s433560009,p02982,u598755311,1562550246,C++,C++14 (GCC 5.4.1),cpp,Accepted,1,256,2190,
s594746594,p02982,u426506117,1562550245,C++,C++14 (GCC 5.4.1),cpp,Accepted,1,256,703,
s443101618,p02982,u294549908,1562550242,C++,C++14 (GCC 5.4.1),cpp,Accepted,1,256,651,
s912627616,p02982,u466266920,1562550241,Ruby,Ruby (2.3.3),rb,Accepted,7,1788,333,
s640250384,p02982,u240010800,1562550239,C++,C++14 (GCC 5.4.1),cpp,Wrong Answer,1,256,889,
s417700370,p02982,u355941009,1562550238,C#,C# (Mono 4.6.2.0),cs,Accepted,21,11220,1480,
s965372995,p02982,u673625102,1562550235,Python,Python (3.4.3),py,Wrong Answer,18,3064,471,
s063603229,p02982,u245335950,1562550233,C++,C++14 (GCC 5.4.1),cpp,Wrong Answer,1,128,957,
s951807859,p02982,u674052481,1562550233,C++,C++14 (GCC 5.4.1),cpp,Accepted,1,256,595,
s699978542,p02982,u820451342,1562550232,Java,Java8 (OpenJDK 1.8.0),java,Wrong Answer,109,21844,686,
s848213930,p02982,u154756110,1562550232,C++,C++14 (GCC 5.4.1),cpp,Accepted,1,256,458,
s888196771,p02982,u204415375,1562550228,Python,Python (3.4.3),py,Accepted,18,3064,692,
s293090743,p02982,u094365516,1562550226,C++,C++14 (GCC 5.4.1),cpp,Wrong Answer,731,121984,1362,
s633692569,p02982,u760425207,1562550225,C++,C++14 (GCC 5.4.1),cpp,Accepted,1,256,2306,
s817803687,p02982,u564902833,1562550225,Python,PyPy3 (2.4.0),py,Accepted,184,39664,307,
s425484966,p02982,u169678167,1562550221,Python,Python (3.4.3),py,Accepted,17,3064,402,
s983039743,p02982,u856772183,1562550218,Java,Java8 (OpenJDK 1.8.0),java,Accepted,108,20936,680,
s907889510,p02982,u639592190,1562550216,Python,Python (3.4.3),py,Runtime Error,17,3064,313,
s993638483,p02982,u787001579,1562550216,C++,C++14 (GCC 5.4.1),cpp,Accepted,1,256,508,
s178716280,p02982,u117980998,1562550216,Python,PyPy3 (2.4.0),py,Accepted,173,38480,486,
s841779659,p02982,u606290975,1562550215,C++,C++14 (GCC 5.4.1),cpp,Accepted,1,256,894,
s743735139,p02982,u071692456,1562550214,C++,C++14 (GCC 5.4.1),cpp,Accepted,2,2560,922,
s162715467,p02982,u562400059,1562550211,Python,Python (3.4.3),py,Accepted,18,3064,369,
s569319753,p02982,u755134895,1562550209,C++,C++14 (GCC 5.4.1),cpp,Wrong Answer,1,256,2611,
s954506708,p02982,u698000453,1562550207,Java,Java8 (OpenJDK 1.8.0),java,Wrong Answer,106,23124,768,
s572103940,p02982,u709752172,1562550206,C++,C++14 (GCC 5.4.1),cpp,Accepted,1,256,527,
s411591472,p02982,u212000416,1562550203,Python,Python (3.4.3),py,Accepted,17,3064,416,
s340732027,p02982,u835467030,1562550202,Python,Python (3.4.3),py,Wrong Answer,17,3060,342,
s667337912,p02982,u388142887,1562550200,C++,C++14 (GCC 5.4.1),cpp,Accepted,1,256,825,
s169482073,p02982,u909601929,1562550200,C++,C++14 (GCC 5.4.1),cpp,Accepted,1,256,1709,
s565967287,p02982,u329058683,1562550198,Python,Python (3.4.3),py,Wrong Answer,18,3064,339,
s600441644,p02982,u878138257,1562550195,Python,Python (3.4.3),py,Accepted,18,3064,338,
s423258493,p02982,u264332171,1562550194,Perl,Perl (v5.18.2),pl,Accepted,5,768,653,
s962063306,p02982,u094365516,1562550190,C++,C++14 (GCC 5.4.1),cpp,Compile Error,,,1362,
s353548161,p02982,u734484183,1562550189,C++,C++14 (GCC 5.4.1),cpp,Accepted,1,256,605,
s250389586,p02982,u256901785,1562550189,C++,C++14 (GCC 5.4.1),cpp,Accepted,1,256,550,
s374668802,p02982,u675876401,1562550189,Scala,Scala (2.11.7),scala,Accepted,333,25524,421,
s174490991,p02982,u015875086,1562550188,C,C (GCC 5.4.1),c,Wrong Answer,1,128,679,
s128514774,p02982,u453526259,1562550186,Python,Python (3.4.3),py,Accepted,19,3064,713,
s061768707,p02982,u161376245,1562550183,Java,Java8 (OpenJDK 1.8.0),java,Accepted,110,22868,932,
s976575524,p02982,u245864231,1562550181,Python,Python (3.4.3),py,Runtime Error,150,12472,243,
s513441748,p02982,u112698928,1562550179,C,C (GCC 5.4.1),c,Wrong Answer,1,128,592,
s620550143,p02982,u536560967,1562550179,Python,Python (3.4.3),py,Accepted,18,3064,414,
s023158742,p02982,u969559338,1562550178,C,C (GCC 5.4.1),c,Accepted,1,128,691,
s658120582,p02982,u134857688,1562550173,C++,C++14 (GCC 5.4.1),cpp,Accepted,1,256,780,
s287314935,p02982,u010708243,1562550168,C++,C++14 (GCC 5.4.1),cpp,Accepted,1,256,722,
s094578297,p02982,u851205244,1562550167,C++,C++14 (GCC 5.4.1),cpp,Accepted,1,256,924,
s823422811,p02982,u802772880,1562550167,Python,Python (3.4.3),py,Wrong Answer,18,3064,439,
s605202149,p02982,u241345538,1562550165,C++,C++14 (GCC 5.4.1),cpp,Wrong Answer,1,128,545,
s168319141,p02982,u694711153,1562550163,C++,C++14 (GCC 5.4.1),cpp,Accepted,1,256,693,
s186260188,p02982,u921518222,1562550161,Python,PyPy3 (2.4.0),py,Accepted,177,38256,389,
s964067350,p02982,u921830178,1562550160,Python,Python (3.4.3),py,Accepted,18,3064,380,
s772594192,p02982,u559645647,1562550160,C++,C++14 (GCC 5.4.1),cpp,Accepted,1,256,993,
s981223774,p02982,u117980998,1562550159,Python,PyPy3 (2.4.0),py,Wrong Answer,164,38256,486,
s793662637,p02982,u277253335,1562550157,C++,C++14 (GCC 5.4.1),cpp,Wrong Answer,1,256,625,
s195188621,p02982,u300527426,1562550151,Python,Python (2.7.6),py,Accepted,11,2568,340,
s783511267,p02982,u209053759,1562550148,C++,C++14 (GCC 5.4.1),cpp,Accepted,1,256,630,
s357432385,p02982,u156266692,1562550148,Kotlin,Kotlin (1.0.0),kt,Compile Error,,,1155,
s026121321,p02982,u960802024,1562550146,Java,Java8 (OpenJDK 1.8.0),java,Accepted,103,21972,1431,
s251082754,p02982,u165952242,1562550143,Python,Python (3.4.3),py,Runtime Error,17,3064,330,
s989994190,p02982,u381626581,1562550139,C++,C++14 (GCC 5.4.1),cpp,Accepted,2,2560,2877,
s964574045,p02982,u819939299,1562550138,Ruby,Ruby (2.3.3),rb,Wrong Answer,7,3836,296,
s708787519,p02982,u047756993,1562550137,C++,C++14 (GCC 5.4.1),cpp,Accepted,1,256,1129,
s325462298,p02982,u108540384,1562550135,C,C (GCC 5.4.1),c,Accepted,3,128,767,
s039772176,p02982,u866169813,1562550132,Python,Python (3.4.3),py,Accepted,18,3064,458,
s665505475,p02982,u096359533,1562550132,Python,Python (3.4.3),py,Wrong Answer,17,3064,382,
s481140142,p02982,u442810826,1562550132,Python,Python (2.7.6),py,Accepted,212,16260,417,
s486118245,p02982,u652609504,1562550132,C++,C++14 (GCC 5.4.1),cpp,Accepted,1,256,778,
s314880119,p02982,u675509234,1562550127,C++,C++14 (GCC 5.4.1),cpp,Wrong Answer,1,256,402,
s555678035,p02982,u246975555,1562550125,Python,Python (3.4.3),py,Wrong Answer,18,3188,386,
s307834846,p02982,u639592190,1562550124,Python,Python (3.4.3),py,Runtime Error,17,2940,313,
s745775968,p02982,u938650438,1562550124,Kotlin,Kotlin (1.0.0),kt,Runtime Error,242,36136,586,
s796172864,p02982,u084069244,1562550123,Python,Python (3.4.3),py,Runtime Error,18,3064,374,
s431691854,p02982,u447034594,1562550122,C++,C++14 (GCC 5.4.1),cpp,Accepted,1,256,965,
s050372862,p02982,u379993235,1562550121,C++,C++14 (GCC 5.4.1),cpp,Accepted,1,256,2194,
s807305821,p02982,u094365516,1562550119,C++,C++14 (GCC 5.4.1),cpp,Wrong Answer,2,384,1362,
s784638345,p02982,u052292043,1562550116,C++,C++14 (GCC 5.4.1),cpp,Wrong Answer,2,384,424,
s734403947,p02982,u432998668,1562550114,C++,C++14 (GCC 5.4.1),cpp,Accepted,1,256,1447,
s416655518,p02982,u662449766,1562550113,Python,Python (3.4.3),py,Accepted,18,3064,435,
s923503712,p02982,u273540356,1562550110,Python,Python (3.4.3),py,Accepted,148,12508,414,
s260815207,p02982,u630933326,1562550108,Java,Java8 (OpenJDK 1.8.0),java,Runtime Error,78,21588,1884,
s296035149,p02982,u483645888,1562550108,Python,Python (3.4.3),py,Accepted,151,12496,326,
s656841122,p02982,u121243942,1562550104,C++,C++14 (GCC 5.4.1),cpp,Accepted,1,256,2041,
s724170847,p02982,u734548018,1562550103,Python,PyPy3 (2.4.0),py,Accepted,184,38384,433,
s700287501,p02982,u202400524,1562550103,C++,C++14 (GCC 5.4.1),cpp,Accepted,1,256,705,
s166118613,p02982,u866553607,1562550099,C,C (Clang 3.8.0),c,Wrong Answer,3,256,729,
s531362529,p02982,u328259252,1562550096,Python,Python (3.4.3),py,Accepted,17,3064,356,
s034081438,p02982,u272156237,1562550094,C++,C++14 (GCC 5.4.1),cpp,Accepted,1,256,756,
s286771410,p02982,u356929542,1562550094,C++,C++14 (GCC 5.4.1),cpp,Accepted,1,256,433,
s725861603,p02982,u296264105,1562550092,C++,C++14 (GCC 5.4.1),cpp,Wrong Answer,1,256,722,
s367903219,p02982,u820451342,1562550091,Java,Java8 (OpenJDK 1.8.0),java,Wrong Answer,111,22996,685,
s909281961,p02982,u921518222,1562550089,Python,PyPy3 (2.4.0),py,Wrong Answer,166,38384,389,
s731548326,p02982,u270342249,1562550088,C++,C++14 (GCC 5.4.1),cpp,Accepted,1,256,731,
s437800700,p02982,u360765331,1562550087,Go,Go (1.6),go,Accepted,1,512,502,
s985941253,p02982,u130900604,1562550081,Python,Python (3.4.3),py,Accepted,18,3188,348,
s887480132,p02982,u165952242,1562550080,Python,Python (3.4.3),py,Runtime Error,17,2940,340,
s712630844,p02982,u746206084,1562550079,Python,Python (3.4.3),py,Wrong Answer,150,12504,360,
s367883634,p02982,u785155821,1562550079,C#,C# (Mono 4.6.2.0),cs,Accepted,21,13268,2482,
s991761867,p02982,u370270364,1562550078,Go,Go (1.6),go,Accepted,1,512,515,
s767659085,p02982,u379136995,1562550077,C,C (GCC 5.4.1),c,Runtime Error,97,128,636,
s151896832,p02982,u208219327,1562550076,Python,Python (3.4.3),py,Accepted,149,12504,287,
s914840509,p02982,u960513073,1562550074,Python,Python (3.4.3),py,Accepted,17,3060,396,
s855297086,p02982,u606290975,1562550072,C++,C++14 (GCC 5.4.1),cpp,Accepted,1,256,830,
s137451125,p02982,u717315282,1562550071,C++,C++14 (GCC 5.4.1),cpp,Wrong Answer,1,256,1682,
s554647353,p02982,u703503553,1562550066,C++,C++14 (GCC 5.4.1),cpp,Wrong Answer,1,256,677,
s576604935,p02982,u313007881,1562550062,C++,C++14 (GCC 5.4.1),cpp,Wrong Answer,1,256,808,
s462330254,p02982,u800100718,1562550059,C++,C++14 (GCC 5.4.1),cpp,Accepted,1,256,678,
s945271708,p02982,u924144079,1562550057,Python,Python (3.4.3),py,Accepted,153,12500,547,
s562657939,p02982,u492373312,1562550055,C++,C++14 (GCC 5.4.1),cpp,Accepted,2,768,1356,
s365098881,p02982,u223172354,1562550054,C++,C++14 (GCC 5.4.1),cpp,Accepted,1,256,778,
s865830493,p02982,u625258197,1562550053,C++,C++14 (GCC 5.4.1),cpp,Accepted,1,384,675,
s262120335,p02982,u799443198,1562550052,C++,C++14 (GCC 5.4.1),cpp,Accepted,1,256,1169,
s595087013,p02982,u218036413,1562550051,C++,C++14 (GCC 5.4.1),cpp,Accepted,1,256,643,
s517438056,p02982,u082245101,1562550051,C,C (GCC 5.4.1),c,Accepted,1,128,652,
s794637487,p02982,u577393547,1562550050,C++,C++14 (GCC 5.4.1),cpp,Accepted,1,256,646,
s479941743,p02982,u367086854,1562550049,Python,PyPy2 (5.6.0),py,Accepted,37,28396,372,
s120362015,p02982,u734548018,1562550048,Python,PyPy3 (2.4.0),py,Wrong Answer,164,38384,432,
s883837349,p02982,u605748139,1562550044,Python,Python (3.4.3),py,Accepted,17,3064,422,
s216951078,p02982,u359465883,1562550040,Python,Python (3.4.3),py,Accepted,148,12504,317,
s588801668,p02982,u388134182,1562550038,C++,C++14 (GCC 5.4.1),cpp,Accepted,1,256,689,
s415500255,p02982,u821416900,1562550038,C++,C++14 (GCC 5.4.1),cpp,Accepted,1,256,455,
s714479248,p02982,u298823169,1562550037,Java,Java8 (OpenJDK 1.8.0),java,Accepted,109,21844,861,
s309333622,p02982,u945641805,1562550037,Python,Python (3.4.3),py,Accepted,17,3188,410,
s994823516,p02982,u548303713,1562550037,Python,Python (3.4.3),py,Accepted,17,3064,731,
s685152504,p02982,u246975555,1562550035,Python,Python (3.4.3),py,Wrong Answer,18,3064,404,
s299354291,p02982,u381713448,1562550035,Python,Python (3.4.3),py,Accepted,17,3064,286,
s314838039,p02982,u277253335,1562550033,C++,C++14 (GCC 5.4.1),cpp,Compile Error,,,625,
s731171318,p02982,u307752464,1562550033,C++,C++14 (GCC 5.4.1),cpp,Wrong Answer,1,256,822,
s241511920,p02982,u681869152,1562550033,C++,C++14 (GCC 5.4.1),cpp,Wrong Answer,1,256,997,
s706454487,p02982,u718541390,1562550031,C++,C++14 (GCC 5.4.1),cpp,Accepted,1,256,640,
s016114762,p02982,u269235541,1562550029,Python,Python (3.4.3),py,Wrong Answer,19,3188,383,
s178747073,p02982,u345136423,1562550029,Python,Python (3.4.3),py,Runtime Error,20,3188,354,
s497830785,p02982,u222866518,1562550027,C++,C++14 (GCC 5.4.1),cpp,Accepted,1,256,574,
s000715643,p02982,u266344698,1562550026,C,C (GCC 5.4.1),c,Accepted,1,128,831,
s161080505,p02982,u947426792,1562550026,C++,C++14 (GCC 5.4.1),cpp,Accepted,1,256,453,
s580876923,p02982,u657610454,1562550025,Go,Go (1.6),go,Wrong Answer,1,640,2050,
s646028163,p02982,u017460970,1562550024,Kotlin,Kotlin (1.0.0),kt,Accepted,235,37784,658,
s634386768,p02982,u493221626,1562550023,Python,Python (3.4.3),py,Accepted,17,3064,333,
s104085337,p02982,u639592190,1562550023,Python,Python (3.4.3),py,Runtime Error,17,2940,308,
s877720067,p02982,u671787293,1562550023,Python,Python (3.4.3),py,Accepted,149,12500,360,
s451913706,p02982,u812587837,1562550020,Python,Python (3.4.3),py,Accepted,149,12504,393,
s860020947,p02982,u822064637,1562550019,C#,C# (Mono 4.6.2.0),cs,Accepted,23,13396,1327,
s164348762,p02982,u772588522,1562550016,Python,Python (3.4.3),py,Accepted,17,3064,403,
s395308552,p02982,u063404629,1562550014,C++,C++14 (GCC 5.4.1),cpp,Accepted,1,256,2323,
s256001712,p02982,u821416900,1562550014,C++,C++14 (GCC 5.4.1),cpp,Compile Error,,,454,
s553249073,p02982,u686615670,1562550012,Python,Python (3.4.3),py,Accepted,18,3064,625,
s187330657,p02982,u758813047,1562550011,C#,C# (Mono 4.6.2.0),cs,Accepted,21,13140,883,
s455009881,p02982,u449175559,1562550011,C++,C++14 (GCC 5.4.1),cpp,Accepted,1,256,683,
s147114275,p02982,u277253335,1562550010,C++,C++14 (GCC 5.4.1),cpp,Compile Error,,,623,
s622599934,p02982,u479800705,1562550009,C#,C# (Mono 4.6.2.0),cs,Accepted,23,13396,967,
s676605789,p02982,u307752464,1562550009,C++,C++14 (GCC 5.4.1),cpp,Wrong Answer,1,256,857,
s897164385,p02982,u118211443,1562550007,Python,Python (3.4.3),py,Accepted,18,3064,392,
s622171530,p02982,u197078193,1562550007,Python,Python (3.4.3),py,Accepted,19,3064,446,
s862156820,p02982,u025463382,1562550006,Python,Python (3.4.3),py,Accepted,18,3064,362,
s249561462,p02982,u235231201,1562550004,C,C (GCC 5.4.1),c,Accepted,1,128,892,
s141145257,p02982,u394973531,1562550004,C++,C++14 (GCC 5.4.1),cpp,Accepted,1,256,958,
s793389258,p02982,u507749492,1562550001,C++,C++14 (GCC 5.4.1),cpp,Accepted,1,256,579,
s859127886,p02982,u203927510,1562550001,C++,C++14 (GCC 5.4.1),cpp,Accepted,1,256,586,
s606419633,p02982,u321094662,1562550000,C++,C++14 (GCC 5.4.1),cpp,Wrong Answer,1,256,673,
s547352912,p02982,u819939299,1562550000,Ruby,Ruby (2.3.3),rb,Wrong Answer,7,1916,267,
s842455181,p02982,u695644361,1562549997,Python,Python (3.4.3),py,Accepted,17,3060,239,
s109797968,p02982,u392569193,1562549995,C++,C++14 (GCC 5.4.1),cpp,Wrong Answer,1,256,702,
s815693121,p02982,u962942039,1562549995,C++,C++14 (GCC 5.4.1),cpp,Accepted,1,256,610,
s238567267,p02982,u979038517,1562549995,Python,Python (3.4.3),py,Accepted,17,3064,464,
s161311240,p02982,u060694763,1562549994,Python,Python (3.4.3),py,Accepted,158,12396,298,
s638544523,p02982,u431475157,1562549991,C++,C++14 (GCC 5.4.1),cpp,Compile Error,,,739,
s655712172,p02982,u060469111,1562549990,Java,Java8 (OpenJDK 1.8.0),java,Accepted,81,23252,2448,
s650316093,p02982,u222509161,1562549985,C++,C++14 (GCC 5.4.1),cpp,Accepted,1,256,761,
s426849181,p02982,u533104775,1562549984,C++,C++14 (GCC 5.4.1),cpp,Accepted,1,256,1327,
s200900786,p02982,u451507303,1562549983,Python,Python (3.4.3),py,Accepted,19,3064,405,
s059487060,p02982,u325802917,1562549982,Haskell,Haskell (GHC 7.10.3),hs,Accepted,1,508,621,
s557865927,p02982,u859566721,1562549981,C++,C++14 (GCC 5.4.1),cpp,Accepted,1,256,623,
s467522199,p02982,u277253335,1562549980,C++,C++14 (GCC 5.4.1),cpp,Compile Error,,,619,
s476508159,p02982,u788997230,1562549977,Python,Python (3.4.3),py,Accepted,149,12496,581,
s308582818,p02982,u390712114,1562549976,C++,C++14 (GCC 5.4.1),cpp,Runtime Error,97,256,2000,
s396210294,p02982,u634967948,1562549976,C++,C++14 (GCC 5.4.1),cpp,Wrong Answer,1,256,600,
s516609060,p02982,u787456042,1562549975,Python,Python (3.4.3),py,Accepted,150,12492,259,
s821700838,p02982,u017143931,1562549975,Pascal,Pascal (FPC 2.6.2),pas,Accepted,0,128,438,
s435611144,p02982,u325573017,1562549970,C++,C++14 (GCC 5.4.1),cpp,Wrong Answer,1,256,568,
s056177960,p02982,u272156237,1562549968,C++,C++14 (GCC 5.4.1),cpp,Wrong Answer,1,256,756,
s313576255,p02982,u614320306,1562549968,Python,Python (3.4.3),py,Accepted,157,12464,340,
s072313193,p02982,u717315282,1562549968,C++,C++14 (GCC 5.4.1),cpp,Wrong Answer,1,256,1712,
s562694839,p02982,u057993957,1562549966,Python,Python (3.4.3),py,Accepted,149,12508,357,
s285688719,p02982,u606290975,1562549965,C++,C++14 (GCC 5.4.1),cpp,Wrong Answer,1,256,832,
s242680159,p02982,u459584010,1562549964,C++,C++14 (GCC 5.4.1),cpp,Time Limit Exceeded,2103,256,1529,
s496586868,p02982,u565795452,1562549962,C++,C++14 (GCC 5.4.1),cpp,Accepted,1,256,746,
s762957917,p02982,u621100542,1562549962,Python,PyPy3 (2.4.0),py,Accepted,165,38384,381,
s398959690,p02982,u947426792,1562549961,C++,C++14 (GCC 5.4.1),cpp,Wrong Answer,1,256,458,
s490063565,p02982,u222602662,1562549956,C++,C++14 (GCC 5.4.1),cpp,Wrong Answer,4,2560,15482,
s427045901,p02982,u536712674,1562549955,C++,C++14 (GCC 5.4.1),cpp,Accepted,1,256,1060,
s477649623,p02982,u635221013,1562549952,Haskell,Haskell (GHC 7.10.3),hs,Accepted,2,1020,244,
s888312120,p02982,u269235541,1562549952,Python,Python (3.4.3),py,Wrong Answer,19,3188,403,
s355086258,p02982,u084549125,1562549951,C++,C++14 (GCC 5.4.1),cpp,Accepted,1,256,866,
s480484806,p02982,u686615670,1562549950,Python,Python (3.4.3),py,Wrong Answer,18,3064,621,
s214671172,p02982,u277253335,1562549949,C++,C++14 (GCC 5.4.1),cpp,Compile Error,,,618,
s986472474,p02982,u919992484,1562549948,C++,C++14 (GCC 5.4.1),cpp,Accepted,2,384,604,
s935336381,p02982,u752907799,1562549948,Java,Java8 (OpenJDK 1.8.0),java,Accepted,71,22612,2059,
s243149069,p02982,u994147425,1562549945,Python,Python (3.4.3),py,Accepted,150,12504,423,
s967799575,p02982,u231261695,1562549943,C,C (GCC 5.4.1),c,Runtime Error,98,128,650,
s304730079,p02982,u925836726,1562549941,Python,PyPy3 (2.4.0),py,Runtime Error,170,38444,542,
s267343703,p02982,u433531943,1562549941,Java,Java8 (OpenJDK 1.8.0),java,Accepted,102,21972,1429,
s319821815,p02982,u032566873,1562549940,Python,Python (3.4.3),py,Wrong Answer,18,3064,377,
s719417633,p02982,u636489589,1562549939,Python,Python (3.4.3),py,Accepted,153,12396,295,
s175355235,p02982,u941606493,1562549937,Python,Python (3.4.3),py,Accepted,18,3064,600,
s904933490,p02982,u028358201,1562549933,C++,C++14 (GCC 5.4.1),cpp,Accepted,1,256,639,
s054624759,p02982,u216849520,1562549933,C++,C++14 (GCC 5.4.1),cpp,Accepted,1,256,814,
s270054223,p02982,u897329068,1562549932,Python,PyPy3 (2.4.0),py,Accepted,195,38384,402,
s272258299,p02982,u644360640,1562549932,Python,Python (3.4.3),py,Accepted,17,3060,305,
s666767984,p02982,u507414360,1562549931,C++,C++14 (GCC 5.4.1),cpp,Accepted,1,256,601,
s065660153,p02982,u982773337,1562549930,Java,Java8 (OpenJDK 1.8.0),java,Accepted,71,21204,4473,
s250457213,p02982,u916743460,1562549930,C++,C++14 (GCC 5.4.1),cpp,Accepted,5,640,879,
s892023800,p02982,u196471026,1562549928,C++,C++14 (GCC 5.4.1),cpp,Accepted,1,256,664,
s923032618,p02982,u264729421,1562549927,Java,Java8 (OpenJDK 1.8.0),java,Accepted,113,21844,713,
s724371515,p02982,u771621892,1562549927,C++,C++14 (GCC 5.4.1),cpp,Wrong Answer,3,512,921,
s549123478,p02982,u469953228,1562549926,C++,C++14 (GCC 5.4.1),cpp,Accepted,1,256,516,
s655559353,p02982,u296264105,1562549925,C++,C++14 (GCC 5.4.1),cpp,Wrong Answer,1,256,698,
s130959104,p02982,u827410726,1562549924,Ruby,Ruby (2.3.3),rb,Accepted,7,1788,434,
s095989645,p02982,u657610454,1562549922,Go,Go (1.6),go,Wrong Answer,1,640,2050,
s341669622,p02982,u013750540,1562549922,C++,C++14 (GCC 5.4.1),cpp,Accepted,1,256,2476,
s435895730,p02982,u100932207,1562549922,Lisp,Common Lisp (SBCL 1.1.14),l,Accepted,140,15972,716,
s642944151,p02982,u235231201,1562549921,C,C (GCC 5.4.1),c,Wrong Answer,1,128,890,
s412545157,p02982,u535810324,1562549921,C++,C++14 (GCC 5.4.1),cpp,Accepted,1,256,1302,
s770248891,p02982,u710135612,1562549919,C++,C++14 (GCC 5.4.1),cpp,Accepted,1,256,610,
s396712186,p02982,u394973531,1562549916,C++,C++14 (GCC 5.4.1),cpp,Wrong Answer,1,256,928,
s156616636,p02982,u647656433,1562549916,Python,Python (3.4.3),py,Accepted,19,3064,372,
s079271127,p02982,u897060163,1562549914,Haskell,Haskell (GHC 7.10.3),hs,Accepted,2,508,883,
s967871244,p02982,u669461113,1562549913,C++,C++14 (GCC 5.4.1),cpp,Accepted,1,256,701,
s010180411,p02982,u873134970,1562549912,Python,Python (3.4.3),py,Runtime Error,150,12424,314,
s554460602,p02982,u723590269,1562549908,Python,Python (3.4.3),py,Accepted,18,3064,419,
s381368082,p02982,u222866518,1562549902,C++,C++14 (GCC 5.4.1),cpp,Wrong Answer,1,256,558,
s815888202,p02982,u674787906,1562549901,Java,Java8 (OpenJDK 1.8.0),java,Accepted,115,21844,801,
s861948102,p02982,u565711859,1562549899,Python,Python (3.4.3),py,Accepted,17,3060,283,
s260776741,p02982,u111949210,1562549898,Python,Python (3.4.3),py,Accepted,17,3064,710,
s605286362,p02982,u970002663,1562549898,Python,Python (3.4.3),py,Accepted,17,3064,324,
s273657166,p02982,u455505352,1562549897,C++,C++14 (GCC 5.4.1),cpp,Accepted,2,256,1270,
s117274254,p02982,u947426792,1562549896,C++,C++14 (GCC 5.4.1),cpp,Wrong Answer,1,256,444,
s194162212,p02982,u708067384,1562549895,C++,C++ (GCC 5.4.1),cpp,Accepted,2,256,739,
s002867057,p02982,u933129390,1562549895,Python,Python (3.4.3),py,Wrong Answer,17,3064,422,
s789055443,p02982,u635221013,1562549892,Haskell,Haskell (GHC 7.10.3),hs,Wrong Answer,2,1020,244,
s901054297,p02982,u510887956,1562549890,Ruby,Ruby (2.3.3),rb,Accepted,8,1916,394,
s891661873,p02982,u556060450,1562549888,Python,Python (3.4.3),py,Accepted,17,3064,314,
s014988530,p02982,u823558173,1562549887,C++,C++14 (GCC 5.4.1),cpp,Accepted,1,128,359,
s830291436,p02982,u137667583,1562549886,Python,Python (3.4.3),py,Accepted,17,3064,313,
s400356334,p02982,u795978684,1562549886,Java,Java8 (OpenJDK 1.8.0),java,Accepted,108,21844,769,
s875577567,p02982,u918117985,1562549885,Python,Python (3.4.3),py,Accepted,18,3188,353,
s813952365,p02982,u833295869,1562549881,C++,C++14 (GCC 5.4.1),cpp,Accepted,1,256,517,
s317111994,p02982,u126404727,1562549879,Java,Java8 (OpenJDK 1.8.0),java,Accepted,100,23252,669,
s056280082,p02982,u605748139,1562549878,Python,Python (3.4.3),py,Wrong Answer,17,3064,425,
s539121961,p02982,u874723578,1562549877,Python,PyPy3 (2.4.0),py,Accepted,164,38384,438,
s352340534,p02982,u283779141,1562549877,C++,C++14 (GCC 5.4.1),cpp,Accepted,1,256,745,
s845472225,p02982,u671787293,1562549875,Python,Python (3.4.3),py,Runtime Error,148,12500,385,
s418549177,p02982,u072080927,1562549874,C++,C++14 (GCC 5.4.1),cpp,Accepted,1,256,467,
s622521265,p02982,u704651206,1562549874,Java,Java8 (OpenJDK 1.8.0),java,Wrong Answer,121,25172,798,
s581891043,p02982,u884682365,1562549871,Python,Python (3.4.3),py,Accepted,18,3064,329,
s084523607,p02982,u769569814,1562549871,C++,C++14 (GCC 5.4.1),cpp,Accepted,1,256,579,
s980269285,p02982,u754953809,1562549869,C,C (GCC 5.4.1),c,Accepted,1,128,475,
s955207046,p02982,u425858059,1562549867,C++,C++14 (GCC 5.4.1),cpp,Accepted,1,256,516,
s374699384,p02982,u182321487,1562549862,C++,C++14 (GCC 5.4.1),cpp,Accepted,1,256,1043,
s791308897,p02982,u292209746,1562549862,C++,C++14 (GCC 5.4.1),cpp,Accepted,1,256,585,
s634647445,p02982,u635221013,1562549859,Haskell,Haskell (GHC 7.10.3),hs,Wrong Answer,2,1020,243,
s371728140,p02982,u100280611,1562549859,C++,C++14 (GCC 5.4.1),cpp,Accepted,1,256,841,
s657900040,p02982,u947426792,1562549857,C++,C++14 (GCC 5.4.1),cpp,Wrong Answer,1,256,444,
s269263057,p02982,u383416302,1562549856,Python,Python (3.4.3),py,Wrong Answer,149,12444,464,
s571744704,p02982,u818498408,1562549854,Java,Java8 (OpenJDK 1.8.0),java,Accepted,115,22100,785,
s613256312,p02982,u456376495,1562549854,Python,Python (3.4.3),py,Accepted,18,3064,312,
s451197439,p02982,u606290975,1562549854,C++,C++14 (GCC 5.4.1),cpp,Wrong Answer,1,256,896,
s404115315,p02982,u331916533,1562549852,C#,C# (Mono 4.6.2.0),cs,Accepted,21,11092,1650,
s845667116,p02982,u806657856,1562549850,C,C (GCC 5.4.1),c,Accepted,1,128,619,
s681793925,p02982,u703503553,1562549849,C++,C++14 (GCC 5.4.1),cpp,Wrong Answer,2,256,649,
s117793974,p02982,u798647946,1562549846,C++,C++14 (GCC 5.4.1),cpp,Accepted,1,256,943,
s162453119,p02982,u269235541,1562549845,Python,Python (3.4.3),py,Wrong Answer,18,3064,382,
s706813349,p02982,u223028888,1562549844,C++,C++14 (GCC 5.4.1),cpp,Accepted,1,256,741,
s602055362,p02982,u877283726,1562549843,Python,Python (3.4.3),py,Accepted,19,3064,428,
s722645285,p02982,u734484183,1562549843,C++,C++14 (GCC 5.4.1),cpp,Compile Error,,,554,
s782941629,p02982,u842046626,1562549843,Go,Go (1.6),go,Accepted,1,512,559,
s568197517,p02982,u488078009,1562549841,C++,C++14 (GCC 5.4.1),cpp,Accepted,1,256,711,
s283129346,p02982,u708067384,1562549841,C++,C++ (GCC 5.4.1),cpp,Wrong Answer,1,128,727,
s447278049,p02982,u852988862,1562549839,C,C (GCC 5.4.1),c,Accepted,1,128,556,
s628983664,p02982,u545368057,1562549835,Python,Python (3.4.3),py,Accepted,23,3064,432,
s666020640,p02982,u709583164,1562549834,C++,C++14 (GCC 5.4.1),cpp,Wrong Answer,1,256,886,
s186886736,p02982,u426649993,1562549833,Python,Python (3.4.3),py,Accepted,18,3064,402,
s445302981,p02982,u671787293,1562549833,Python,Python (3.4.3),py,Runtime Error,149,14448,377,
s361984290,p02982,u238353279,1562549833,C++,C++14 (GCC 5.4.1),cpp,Accepted,1,256,760,
s487737252,p02982,u269192587,1562549830,C++,C++14 (GCC 5.4.1),cpp,Accepted,1,256,484,
s861799068,p02982,u227641731,1562549830,Python,Python (3.4.3),py,Accepted,18,3064,386,
s876156447,p02982,u013594089,1562549829,Python,Python (3.4.3),py,Accepted,17,3064,426,
s618428886,p02982,u189487046,1562549827,Python,Python (3.4.3),py,Runtime Error,18,3064,388,
s188169139,p02982,u687375220,1562549824,C,C (Clang 3.8.0),c,Wrong Answer,1,128,238,
s153830123,p02982,u046482892,1562549819,Java,Java8 (OpenJDK 1.8.0),java,Accepted,109,21844,772,
s638648182,p02982,u629367908,1562549819,Python,PyPy3 (2.4.0),py,Accepted,170,38384,442,
s383537900,p02982,u711117514,1562549818,Python,Python (3.4.3),py,Accepted,18,3064,412,
s568963150,p02982,u216849520,1562549818,C++,C++14 (GCC 5.4.1),cpp,Wrong Answer,1,256,812,
s376908800,p02982,u227189389,1562549812,Kotlin,Kotlin (1.0.0),kt,Accepted,244,37920,526,
s190362793,p02982,u521056877,1562549811,C#,C# (Mono 4.6.2.0),cs,Accepted,21,13140,635,
s325784783,p02982,u032566873,1562549809,Python,Python (3.4.3),py,Runtime Error,17,2940,373,
s276269123,p02982,u428229036,1562549809,C++,C++14 (GCC 5.4.1),cpp,Accepted,1,256,556,
s909275397,p02982,u535589138,1562549807,C++,C++14 (GCC 5.4.1),cpp,Accepted,1,256,922,
s767826925,p02982,u616468898,1562549805,Python,Python (3.4.3),py,Accepted,149,12396,285,
s802694966,p02982,u668705838,1562549803,Python,Python (3.4.3),py,Accepted,150,12408,283,
s123022481,p02982,u023175040,1562549802,Python,Python (3.4.3),py,Accepted,18,3060,530,
s303517516,p02982,u125051909,1562549802,C++,C++14 (GCC 5.4.1),cpp,Accepted,1,256,668,
s824796029,p02982,u982773337,1562549801,Java,Java8 (OpenJDK 1.8.0),java,Compile Error,,,4469,
s220803904,p02982,u983681697,1562549801,C++,C++14 (GCC 5.4.1),cpp,Wrong Answer,1,256,579,
s072202674,p02982,u052292043,1562549800,C++,C++14 (GCC 5.4.1),cpp,Wrong Answer,1,128,421,
s011457263,p02982,u734484183,1562549799,C++,C++14 (GCC 5.4.1),cpp,Compile Error,,,554,
s981283118,p02982,u735186902,1562549798,Python,Python (3.4.3),py,Accepted,300,22728,304,
s426441019,p02982,u731291894,1562549798,Python,Python (3.4.3),py,Accepted,17,3064,426,
s664375025,p02982,u537852947,1562549793,C++,C++14 (GCC 5.4.1),cpp,Accepted,1,128,513,
s101883255,p02982,u717943620,1562549791,Go,Go (1.6),go,Accepted,1,512,723,
s649361784,p02982,u710190793,1562549787,Go,Go (1.6),go,Accepted,2,640,823,
s777149196,p02982,u179778090,1562549784,C,C (GCC 5.4.1),c,Accepted,1,128,566,
s837636967,p02982,u551066908,1562549784,Python,Python (3.4.3),py,Accepted,18,3064,455,
s263551274,p02982,u703503553,1562549783,C++,C++14 (GCC 5.4.1),cpp,Wrong Answer,1,256,643,
s390248625,p02982,u863841238,1562549779,C++,C++14 (GCC 5.4.1),cpp,Accepted,1,256,520,
s386969851,p02982,u843722521,1562549779,Go,Go (1.6),go,Accepted,1,512,717,
s048105222,p02982,u970899068,1562549779,Python,Python (3.4.3),py,Accepted,18,3188,342,
s407151801,p02982,u712259491,1562549778,C++,C++14 (GCC 5.4.1),cpp,Wrong Answer,1,256,990,
s953751007,p02982,u351285200,1562549776,C,C (GCC 5.4.1),c,Accepted,1,128,498,
s175689818,p02982,u546441021,1562549775,Ruby,Ruby (2.3.3),rb,Accepted,7,1788,360,
s872931779,p02982,u661143301,1562549772,Python,Python (3.4.3),py,Accepted,17,3064,531,
s509095608,p02982,u192675031,1562549772,Rust,Rust (1.15.1),rs,Accepted,3,4352,2655,
s022429986,p02982,u019425382,1562549770,Rust,Rust (1.15.1),rs,Accepted,2,4352,2380,
s966320673,p02982,u851436193,1562549762,Python,Python (3.4.3),py,Accepted,170,12872,405,
s033222913,p02982,u833295869,1562549762,C++,C++14 (GCC 5.4.1),cpp,Wrong Answer,1,256,515,
s256114210,p02982,u947426792,1562549761,C++,C++14 (GCC 5.4.1),cpp,Wrong Answer,1,256,439,
s516127888,p02982,u054295507,1562549761,C++,C++14 (GCC 5.4.1),cpp,Accepted,1,256,590,
s884695696,p02982,u709583164,1562549760,C++,C++14 (GCC 5.4.1),cpp,Wrong Answer,1,256,885,
s656484280,p02982,u366934151,1562549760,C++,C++14 (GCC 5.4.1),cpp,Accepted,1,256,929,
s287969418,p02982,u431381247,1562549759,Python,Python (3.4.3),py,Accepted,17,3064,350,
s504604936,p02982,u107464079,1562549758,C,C (GCC 5.4.1),c,Wrong Answer,1,128,513,
s794846519,p02982,u084069244,1562549757,Python,Python (3.4.3),py,Wrong Answer,17,3064,297,
s911931352,p02982,u708067384,1562549755,C++,C++ (GCC 5.4.1),cpp,Wrong Answer,1,128,725,
s506599787,p02982,u785213188,1562549754,Python,Python (3.4.3),py,Accepted,18,3060,341,
s074710739,p02982,u522598953,1562549753,C++,C++14 (GCC 5.4.1),cpp,Wrong Answer,2,256,1076,
s911980080,p02982,u539409184,1562549753,Python,Python (3.4.3),py,Accepted,17,3064,417,
s668871282,p02982,u555125997,1562549752,C++,C++14 (GCC 5.4.1),cpp,Accepted,1,256,2364,
s731953500,p02982,u490045217,1562549752,Python,Python (3.4.3),py,Accepted,18,3064,344,
s969966468,p02982,u913604515,1562549750,C++,C++14 (GCC 5.4.1),cpp,Wrong Answer,1,256,676,
s971002182,p02982,u601444374,1562549750,C,C (GCC 5.4.1),c,Accepted,1,128,471,
s472212546,p02982,u993332272,1562549749,C++,C++14 (GCC 5.4.1),cpp,Accepted,1,256,606,
s657738870,p02982,u448863865,1562549749,Java,Java8 (OpenJDK 1.8.0),java,Accepted,109,23764,643,
s755177192,p02982,u124589361,1562549746,C++,C++14 (GCC 5.4.1),cpp,Accepted,1,256,736,
s858666516,p02982,u383416302,1562549745,Python,Python (3.4.3),py,Runtime Error,17,3064,445,
s219446013,p02982,u216962796,1562549744,C++,C++14 (GCC 5.4.1),cpp,Accepted,1,512,2270,
s804033075,p02982,u285043842,1562549744,C++,C++ (GCC 5.4.1),cpp,Wrong Answer,3,384,737,
s123619118,p02982,u966097196,1562549741,C++,C++14 (GCC 5.4.1),cpp,Accepted,3,768,1145,
s359877309,p02982,u245335950,1562549738,C++,C++14 (GCC 5.4.1),cpp,Wrong Answer,1,128,721,
s724267266,p02982,u769569814,1562549738,C++,C++14 (GCC 5.4.1),cpp,Wrong Answer,1,256,582,
s412118477,p02982,u508571192,1562549732,C++,C++14 (GCC 5.4.1),cpp,Accepted,1,256,1623,
s062258288,p02982,u917972976,1562549730,C++,C++14 (Clang 3.8.0),cpp,Accepted,1,256,547,
s166769130,p02982,u304756372,1562549730,C++,C++14 (GCC 5.4.1),cpp,Accepted,1,256,396,
s907824449,p02982,u595276801,1562549725,C++,C++14 (GCC 5.4.1),cpp,Accepted,1,256,528,
s811925573,p02982,u001609307,1562549725,Python,Python (3.4.3),py,Accepted,17,3064,407,
s530679153,p02982,u594377503,1562549725,C#,C# (Mono 4.6.2.0),cs,Accepted,22,11220,1606,
s681270549,p02982,u590000849,1562549724,C++,C++14 (GCC 5.4.1),cpp,Accepted,1,256,638,
s750005635,p02982,u306033313,1562549723,Python,Python (3.4.3),py,Accepted,18,3064,471,
s726243641,p02982,u594803920,1562549721,C++,C++14 (GCC 5.4.1),cpp,Accepted,1,256,860,
s695926001,p02982,u897536433,1562549720,Python,Python (3.4.3),py,Accepted,18,3064,378,
s191097338,p02982,u749816033,1562549720,Python,PyPy3 (2.4.0),py,Runtime Error,177,38604,253,
s110042622,p02982,u524568016,1562549719,C++,C++14 (GCC 5.4.1),cpp,Accepted,1,256,611,
s484180218,p02982,u947426792,1562549719,C++,C++14 (GCC 5.4.1),cpp,Compile Error,,,438,
s803452889,p02982,u661143301,1562549719,Python,Python (3.4.3),py,Wrong Answer,18,3064,550,
s549310459,p02982,u185896732,1562549719,Python,PyPy3 (2.4.0),py,Accepted,168,38256,277,
s532378814,p02982,u774986209,1562549717,C++,C++14 (GCC 5.4.1),cpp,Accepted,4,384,3300,
s255605033,p02982,u401373764,1562549714,C++,C++14 (GCC 5.4.1),cpp,Accepted,1,256,1091,
s515046863,p02982,u769569814,1562549713,C++,C++14 (GCC 5.4.1),cpp,Runtime Error,124,256,580,
s646103299,p02982,u364124935,1562549711,Java,Java8 (OpenJDK 1.8.0),java,Wrong Answer,110,23764,640,
s115409170,p02982,u547844563,1562549711,C++,C++14 (GCC 5.4.1),cpp,Accepted,1,256,920,
s732462454,p02982,u111718424,1562549711,Kotlin,Kotlin (1.0.0),kt,Accepted,227,35876,885,
s202179216,p02982,u550297915,1562549708,C++,C++14 (GCC 5.4.1),cpp,Accepted,1,256,543,
s602808772,p02982,u764744362,1562549708,C++,C++14 (GCC 5.4.1),cpp,Accepted,1,256,565,
s425466033,p02982,u609061751,1562549707,Python,Python (3.4.3),py,Wrong Answer,17,3064,357,
s577282953,p02982,u134533139,1562549705,Ruby,Ruby (2.3.3),rb,Accepted,7,1788,522,
s206107508,p02982,u449473917,1562549705,Python,Python (3.4.3),py,Accepted,162,13188,352,
s534994668,p02982,u572532976,1562549704,C++,C++14 (GCC 5.4.1),cpp,Accepted,1,256,1107,
s126662242,p02982,u597953074,1562549704,C++,C++14 (GCC 5.4.1),cpp,Wrong Answer,1,256,927,
s109407358,p02982,u212632225,1562549703,PHP,PHP (5.6.30),php,Accepted,13,3828,464,
s183130921,p02982,u415400221,1562549702,Ruby,Ruby (2.3.3),rb,Wrong Answer,7,1788,315,
s878219850,p02982,u772673086,1562549700,C++,C++14 (GCC 5.4.1),cpp,Accepted,1,256,876,
s971288204,p02982,u703503553,1562549699,C++,C++14 (GCC 5.4.1),cpp,Wrong Answer,1,256,645,
s502202369,p02982,u568419568,1562549698,C++,C++14 (GCC 5.4.1),cpp,Accepted,1,256,564,
s272012714,p02982,u266054689,1562549696,Python,Python (3.4.3),py,Accepted,17,3188,453,
s091727872,p02982,u052292043,1562549696,C++,C++14 (GCC 5.4.1),cpp,Compile Error,,,397,
s924964731,p02982,u913604515,1562549696,C++,C++14 (GCC 5.4.1),cpp,Compile Error,,,658,
s052602239,p02982,u746206084,1562549695,Python,Python (3.4.3),py,Runtime Error,17,2940,325,
s056193279,p02982,u897060163,1562549694,Haskell,Haskell (GHC 7.10.3),hs,Wrong Answer,1,508,883,
s480355704,p02982,u965118468,1562549693,C++,C++14 (GCC 5.4.1),cpp,Accepted,1,256,864,
s095357028,p02982,u298768617,1562549692,C++,C++14 (GCC 5.4.1),cpp,Accepted,1,256,423,
s433798505,p02982,u723383064,1562549690,Go,Go (1.6),go,Accepted,1,640,970,
s819639005,p02982,u595276801,1562549689,C++,C++14 (GCC 5.4.1),cpp,Wrong Answer,1,256,555,
s567656198,p02982,u139458416,1562549688,C++,C++14 (GCC 5.4.1),cpp,Accepted,2,512,2146,
s122304599,p02982,u336694829,1562549687,C++,C++14 (GCC 5.4.1),cpp,Accepted,1,256,716,
s589996090,p02982,u514602572,1562549686,C++,C++14 (GCC 5.4.1),cpp,Accepted,1,256,542,
s877340479,p02982,u483331319,1562549685,Python,PyPy3 (2.4.0),py,Accepted,172,38624,313,
s773476176,p02982,u685726857,1562549685,C++,C++14 (GCC 5.4.1),cpp,Accepted,1,256,616,
s029528017,p02982,u635221013,1562549685,Haskell,Haskell (GHC 7.10.3),hs,Wrong Answer,2,1020,243,
s347168309,p02982,u692336506,1562549684,C++,C++14 (GCC 5.4.1),cpp,Accepted,2,256,2712,
s161804211,p02982,u596101798,1562549684,C++,C++14 (GCC 5.4.1),cpp,Accepted,1,256,608,
s792418423,p02982,u922317157,1562549682,C++,C++14 (GCC 5.4.1),cpp,Accepted,1,256,495,
s363741943,p02982,u788734639,1562549681,Python,Python (3.4.3),py,Accepted,277,18492,413,
s098316647,p02982,u390762553,1562549679,Java,Java8 (OpenJDK 1.8.0),java,Accepted,109,21972,843,
s776942835,p02982,u704216644,1562549677,Python,Python (3.4.3),py,Accepted,150,14436,329,
s529118202,p02982,u941705222,1562549674,C++,C++14 (GCC 5.4.1),cpp,Compile Error,,,531,
s162101351,p02982,u963399321,1562549673,C++,C++14 (GCC 5.4.1),cpp,Accepted,1,256,416,
s574500409,p02982,u999214715,1562549673,Java,Java8 (OpenJDK 1.8.0),java,Accepted,112,22228,1303,
s890298833,p02982,u625092455,1562549672,C++,C++14 (Clang 3.8.0),cpp,Accepted,6,888,3911,
s797290521,p02982,u915689660,1562549671,C++,C++14 (GCC 5.4.1),cpp,Wrong Answer,3,512,660,
s394021763,p02982,u410736938,1562549669,C,C (GCC 5.4.1),c,Accepted,1,128,520,
s132190848,p02982,u947426792,1562549668,C++,C++14 (GCC 5.4.1),cpp,Compile Error,,,438,
s890519499,p02982,u568419568,1562549667,C++,C++14 (GCC 5.4.1),cpp,Wrong Answer,1,256,563,
s997407140,p02982,u428229036,1562549666,C++,C++14 (GCC 5.4.1),cpp,Wrong Answer,1,256,555,
s755940856,p02982,u136427605,1562549662,Java,Java8 (OpenJDK 1.8.0),java,Accepted,107,22612,709,
s919029810,p02982,u219503971,1562549660,Python,Python (3.4.3),py,Wrong Answer,18,3064,272,
s733804797,p02982,u469936083,1562549659,C++,C++14 (GCC 5.4.1),cpp,Accepted,1,256,816,
s649079607,p02982,u897060163,1562549658,Haskell,Haskell (GHC 7.10.3),hs,Compile Error,,,882,
s090439622,p02982,u329400445,1562549657,Python,Python (3.4.3),py,Runtime Error,214,12916,806,
s601898825,p02982,u177143886,1562549657,C++,C++14 (GCC 5.4.1),cpp,Accepted,1,256,2076,
s191868182,p02982,u765556930,1562549654,C++,C++14 (GCC 5.4.1),cpp,Accepted,1,256,794,
s760073888,p02982,u719156378,1562549651,C++,C++14 (GCC 5.4.1),cpp,Accepted,1,256,404,
s162048588,p02982,u725109307,1562549649,C++,C++14 (GCC 5.4.1),cpp,Accepted,1,256,897,
s390249051,p02982,u409569205,1562549648,C++,C++14 (GCC 5.4.1),cpp,Accepted,1,256,647,
s173853141,p02982,u436591599,1562549647,Scheme,Scheme (Gauche 0.9.3.3),scm,Accepted,87,9292,891,
s656339423,p02982,u567820249,1562549647,C++,C++14 (GCC 5.4.1),cpp,Accepted,1,384,794,
s795378443,p02982,u929258317,1562549647,Ruby,Ruby (2.3.3),rb,Accepted,7,1788,412,
s991695771,p02982,u405256066,1562549646,Python,Python (3.4.3),py,Accepted,148,13728,489,
s981012957,p02982,u850779832,1562549644,Fortran,Fortran (gfortran v4.8.4),f,Accepted,1,256,294,
s577452363,p02982,u281662621,1562549642,Ruby,Ruby (2.3.3),rb,Accepted,7,1788,426,
s165008374,p02982,u474442742,1562549640,C,C (Clang 3.8.0),c,Wrong Answer,1,128,649,
s942152522,p02982,u771621892,1562549640,C++,C++14 (GCC 5.4.1),cpp,Compile Error,,,829,
s765326982,p02982,u597953074,1562549639,C++,C++14 (GCC 5.4.1),cpp,Wrong Answer,1,256,925,
s446033994,p02982,u878292572,1562549638,C,C (GCC 5.4.1),c,Accepted,1,256,547,
s898505989,p02982,u816462023,1562549637,Python,Python (3.4.3),py,Accepted,18,3064,379,
s249863497,p02982,u329731898,1562549637,C++,C++14 (GCC 5.4.1),cpp,Accepted,1,256,660,
s691230332,p02982,u122034453,1562549637,C++,C++14 (GCC 5.4.1),cpp,Accepted,1,256,539,
s165439178,p02982,u825385578,1562549636,Python,Python (3.4.3),py,Accepted,18,3064,569,
s292966720,p02982,u336650912,1562549636,Python,Python (3.4.3),py,Accepted,18,3064,381,
s537397184,p02982,u084069244,1562549636,Python,Python (3.4.3),py,Runtime Error,17,3064,301,
s942987407,p02982,u052292043,1562549636,C++,C++14 (GCC 5.4.1),cpp,Compile Error,,,395,
s883509946,p02982,u425858059,1562549635,C++,C++14 (GCC 5.4.1),cpp,Wrong Answer,2,256,516,
s929104570,p02982,u431001086,1562549635,C++,C++14 (GCC 5.4.1),cpp,Accepted,1,256,1756,
s618341199,p02982,u100932207,1562549634,Lisp,Common Lisp (SBCL 1.1.14),l,Wrong Answer,121,15716,707,
s615287100,p02982,u220428866,1562549633,C++,C++14 (GCC 5.4.1),cpp,Accepted,1,256,639,
s310566435,p02982,u776194115,1562549633,C++,C++14 (GCC 5.4.1),cpp,Accepted,1,256,1263,
s711712771,p02982,u364124935,1562549631,Java,Java8 (OpenJDK 1.8.0),java,Wrong Answer,110,21844,638,
s582002360,p02982,u965103758,1562549631,C++,C++14 (GCC 5.4.1),cpp,Accepted,1,256,562,
s388023728,p02982,u720483676,1562549630,C++,C++14 (GCC 5.4.1),cpp,Accepted,1,256,511,
s652235743,p02982,u189487046,1562549629,Python,Python (3.4.3),py,Runtime Error,18,3064,387,
s618396016,p02982,u112858619,1562549627,C++,C++14 (GCC 5.4.1),cpp,Accepted,1,256,1005,
s921725978,p02982,u769569814,1562549626,C++,C++14 (GCC 5.4.1),cpp,Runtime Error,127,256,590,
s705113895,p02982,u893048163,1562549625,C++,C++14 (GCC 5.4.1),cpp,Runtime Error,100,256,742,
s273951777,p02982,u027406156,1562549624,Python,Python (3.4.3),py,Accepted,17,3064,364,
s227279352,p02982,u494514222,1562549624,Python,Python (3.4.3),py,Wrong Answer,17,3064,422,
s316094374,p02982,u699121329,1562549623,Ruby,Ruby (2.3.3),rb,Accepted,7,1788,351,
s642122443,p02982,u873134970,1562549622,Python,Python (3.4.3),py,Runtime Error,151,12504,310,
s042234305,p02982,u802772880,1562549622,Python,Python (3.4.3),py,Wrong Answer,17,3064,393,
s615889133,p02982,u139112688,1562549622,C++,C++14 (GCC 5.4.1),cpp,Accepted,1,256,651,
s072315799,p02982,u704064492,1562549621,C++,C++14 (GCC 5.4.1),cpp,Wrong Answer,1,256,617,
s850856468,p02982,u534868423,1562549618,C++,C++14 (GCC 5.4.1),cpp,Accepted,1,256,546,
s908722320,p02982,u704651206,1562549617,Java,Java8 (OpenJDK 1.8.0),java,Wrong Answer,119,22996,774,
s943255645,p02982,u286486951,1562549616,Python,Python (3.4.3),py,Accepted,151,12500,307,
s683745557,p02982,u096717230,1562549615,C++,C++14 (GCC 5.4.1),cpp,Accepted,1,256,605,
s509195412,p02982,u513736711,1562549612,C++,C++14 (GCC 5.4.1),cpp,Accepted,1,256,727,
s182446440,p02982,u619558971,1562549612,C++,C++14 (GCC 5.4.1),cpp,Accepted,1,256,744,
s639503893,p02982,u691896522,1562549611,Python,Python (3.4.3),py,Accepted,18,3064,386,
s898345605,p02982,u992218377,1562549607,C++,C++14 (GCC 5.4.1),cpp,Accepted,1,256,922,
s404601241,p02982,u142032032,1562549607,Java,Java8 (OpenJDK 1.8.0),java,Accepted,105,23764,821,
s324838127,p02982,u363146889,1562549604,Python,Python (3.4.3),py,Accepted,18,3064,509,
s960117522,p02982,u183509493,1562549604,Java,Java8 (OpenJDK 1.8.0),java,Accepted,199,26708,5021,
s255247821,p02982,u112698928,1562549603,C,C (GCC 5.4.1),c,Wrong Answer,1,128,630,
s978008532,p02982,u210718367,1562549603,C++,C++14 (GCC 5.4.1),cpp,Accepted,1,256,707,
s329936605,p02982,u409831002,1562549602,Python,Python (3.4.3),py,Accepted,18,3060,328,
s080352824,p02982,u594377503,1562549600,C#,C# (Mono 4.6.2.0),cs,Wrong Answer,23,13268,1589,
s698542759,p02982,u919017918,1562549598,Python,Python (3.4.3),py,Accepted,18,3064,388,
s887232663,p02982,u166060166,1562549597,C++,C++14 (GCC 5.4.1),cpp,Accepted,1,256,566,
s559343780,p02982,u312004378,1562549596,Ruby,Ruby (2.3.3),rb,Accepted,7,3836,355,
s061652425,p02982,u045767587,1562549596,C,C (GCC 5.4.1),c,Wrong Answer,1,128,901,
s088212461,p02982,u874996917,1562549596,C++,C++14 (GCC 5.4.1),cpp,Accepted,1,256,2599,
s996534581,p02982,u183479807,1562549595,C++,C++14 (GCC 5.4.1),cpp,Accepted,2,256,406,
s660323019,p02982,u438583134,1562549594,C++,C++14 (GCC 5.4.1),cpp,Wrong Answer,1,256,1756,
s858216469,p02982,u162911102,1562549593,Python,Python (3.4.3),py,Accepted,154,12500,369,
s346288550,p02982,u115597223,1562549593,Python,Python (3.4.3),py,Accepted,18,3060,324,
s864963429,p02982,u513290715,1562549593,C++,C++14 (GCC 5.4.1),cpp,Wrong Answer,2,384,2332,
s710763525,p02982,u816462023,1562549591,Python,Python (3.4.3),py,Wrong Answer,18,3064,379,
s142622345,p02982,u826986938,1562549589,Python,Python (3.4.3),py,Accepted,39,3064,561,
s926140665,p02982,u957338785,1562549588,Python,Python (3.4.3),py,Accepted,149,12240,427,
s054854236,p02982,u891585287,1562549587,C++,C++14 (GCC 5.4.1),cpp,Accepted,1,256,798,
s988409672,p02982,u486302731,1562549587,C#,C# (Mono 4.6.2.0),cs,Accepted,22,11220,817,
s455150302,p02982,u664394831,1562549586,C++,C++14 (Clang 3.8.0),cpp,Accepted,2,384,874,
s007555598,p02982,u314559067,1562549585,Java,Java8 (OpenJDK 1.8.0),java,Accepted,108,21972,1415,
s316828053,p02982,u572609857,1562549584,Python,Python (3.4.3),py,Accepted,17,3064,365,
s693591263,p02982,u549475902,1562549583,C++,C++14 (GCC 5.4.1),cpp,Wrong Answer,1,256,537,
s757075533,p02982,u133959444,1562549581,C,C (GCC 5.4.1),c,Accepted,1,128,482,
s170786654,p02982,u312913211,1562549580,Python,Python (3.4.3),py,Runtime Error,17,3064,434,
s364405951,p02982,u394115537,1562549579,C++,C++14 (GCC 5.4.1),cpp,Accepted,1,256,771,
s794076673,p02982,u911222357,1562549579,C++,C++14 (GCC 5.4.1),cpp,Accepted,1,256,1123,
s629497273,p02982,u495166526,1562549578,Python,Python (3.4.3),py,Wrong Answer,18,3064,344,
s177936363,p02982,u938512271,1562549576,C++,C++14 (GCC 5.4.1),cpp,Accepted,1,256,711,
s154300611,p02982,u136762671,1562549576,C,C (GCC 5.4.1),c,Accepted,1,128,526,
s916611921,p02982,u556070294,1562549576,Python,Python (3.4.3),py,Accepted,17,3060,357,
s816442051,p02982,u114139438,1562549574,Python,Python (3.4.3),py,Accepted,18,3064,351,
s136299132,p02982,u088419780,1562549574,Python,Python (3.4.3),py,Accepted,18,3064,1003,
s773479165,p02982,u068695365,1562549573,Python,Python (3.4.3),py,Accepted,154,13596,462,
s540376687,p02982,u965103758,1562549573,C++,C++14 (GCC 5.4.1),cpp,Wrong Answer,1,256,562,
s458763917,p02982,u692336506,1562549570,C++,C++14 (GCC 5.4.1),cpp,Wrong Answer,1,256,2710,
s494124051,p02982,u939401127,1562549566,C,C (GCC 5.4.1),c,Accepted,1,128,681,
s289648415,p02982,u009348313,1562549563,Python,Python (3.4.3),py,Accepted,18,3064,336,
s557400631,p02982,u038027079,1562549562,C++,C++14 (GCC 5.4.1),cpp,Accepted,1,256,1744,
s782328433,p02982,u359612453,1562549562,C++,C++14 (GCC 5.4.1),cpp,Wrong Answer,1,256,636,
s753898381,p02982,u992218377,1562549561,C++,C++14 (GCC 5.4.1),cpp,Compile Error,,,904,
s732409116,p02982,u825378567,1562549559,Python,Python (3.4.3),py,Accepted,18,3064,367,
s693746767,p02982,u394794741,1562549558,Python,Python (3.4.3),py,Accepted,20,3188,408,
s746543678,p02982,u368016155,1562549557,Python,Python (3.4.3),py,Accepted,17,3188,354,
s516309322,p02982,u514222361,1562549556,Python,Python (3.4.3),py,Accepted,150,12436,522,
s931924164,p02982,u231458241,1562549555,Ruby,Ruby (2.3.3),rb,Accepted,7,3836,377,
s740767971,p02982,u594377503,1562549554,C#,C# (Mono 4.6.2.0),cs,Runtime Error,22,12896,1589,
s553836980,p02982,u974214237,1562549553,C++,C++14 (GCC 5.4.1),cpp,Accepted,1,256,777,
s929321982,p02982,u571718615,1562549551,Python,Python (3.4.3),py,Accepted,149,12444,750,
s170984214,p02982,u185294445,1562549548,C++,C++14 (GCC 5.4.1),cpp,Accepted,1,256,3081,
s793063374,p02982,u846113428,1562549546,Python,Python (3.4.3),py,Accepted,17,3064,415,
s165806784,p02982,u220212997,1562549545,C++,C++14 (GCC 5.4.1),cpp,Runtime Error,128,256,782,
s823744112,p02982,u370447425,1562549544,C++,C++14 (GCC 5.4.1),cpp,Accepted,1,256,515,
s920509321,p02982,u796424048,1562549543,Python,Python (3.4.3),py,Accepted,17,3064,444,
s238764183,p02982,u036320012,1562549542,Python,Python (3.4.3),py,Accepted,149,12452,915,
s826732742,p02982,u855016901,1562549542,C,C (GCC 5.4.1),c,Accepted,1,128,435,
s321458319,p02982,u220428866,1562549541,C++,C++14 (GCC 5.4.1),cpp,Compile Error,,,622,
s440684710,p02982,u913604515,1562549540,C++,C++14 (GCC 5.4.1),cpp,Compile Error,,,681,
s066041610,p02982,u744470124,1562549540,C#,C# (Mono 4.6.2.0),cs,Wrong Answer,21,11092,1686,
s630722148,p02982,u285043842,1562549535,C++,C++ (GCC 5.4.1),cpp,Wrong Answer,2,384,736,
s359078053,p02982,u211831468,1562549534,C++,C++14 (GCC 5.4.1),cpp,Accepted,1,256,1281,
s442218734,p02982,u980869590,1562549534,C,C (GCC 5.4.1),c,Wrong Answer,1,128,515,
s454408979,p02982,u068695365,1562549534,Python,Python (3.4.3),py,Wrong Answer,189,12784,461,
s485734028,p02982,u665038048,1562549534,Python,Python (3.4.3),py,Accepted,17,3188,385,
s239546988,p02982,u483896240,1562549533,Python,Python (3.4.3),py,Accepted,152,12504,407,
s434760503,p02982,u888721916,1562549530,Python,PyPy3 (2.4.0),py,Accepted,162,38256,383,
s134387128,p02982,u965103758,1562549529,C++,C++14 (GCC 5.4.1),cpp,Wrong Answer,1,256,561,
s128590177,p02982,u714587753,1562549529,Rust,Rust (1.15.1),rs,Accepted,2,4352,1067,
s594768831,p02982,u894381129,1562549527,Python,Python (3.4.3),py,Accepted,148,12488,371,
s875679856,p02982,u271153916,1562549527,C++,C++14 (GCC 5.4.1),cpp,Accepted,1,256,720,
s770861195,p02982,u558720836,1562549524,C++,C++ (GCC 5.4.1),cpp,Accepted,1,256,756,
s976719204,p02982,u620945921,1562549524,Python,PyPy3 (2.4.0),py,Accepted,170,38384,315,
s242281067,p02982,u363755326,1562549524,Ruby,Ruby (2.3.3),rb,Accepted,7,1788,332,
s032327625,p02982,u245335950,1562549523,C++,C++14 (GCC 5.4.1),cpp,Compile Error,,,709,
s718893986,p02982,u449175559,1562549523,C++,C++14 (GCC 5.4.1),cpp,Runtime Error,140,256,597,
s254742885,p02982,u707870100,1562549523,Python,Python (3.4.3),py,Accepted,18,3064,854,
s119221210,p02982,u554988565,1562549521,C++,C++14 (GCC 5.4.1),cpp,Accepted,1,256,672,
s238475429,p02982,u256027816,1562549519,C++,C++14 (GCC 5.4.1),cpp,Accepted,1,256,796,
s234780047,p02982,u622568141,1562549519,Haskell,Haskell (GHC 7.10.3),hs,Accepted,1,508,1634,
s669780503,p02982,u107464079,1562549519,C,C (GCC 5.4.1),c,Wrong Answer,1,128,511,
s677318779,p02982,u883323885,1562549519,C++,C++14 (GCC 5.4.1),cpp,Wrong Answer,1,256,943,
s939321679,p02982,u675446547,1562549518,C,C (GCC 5.4.1),c,Accepted,1,128,425,
s185110621,p02982,u726212005,1562549518,Python,PyPy3 (2.4.0),py,Accepted,168,38416,289,
s329291684,p02982,u181343932,1562549518,C#,C# (Mono 4.6.2.0),cs,Accepted,21,11220,3854,
s885883782,p02982,u039197338,1562549516,Kotlin,Kotlin (1.0.0),kt,Accepted,241,36004,784,
s109744450,p02982,u835467030,1562549515,Python,Python (3.4.3),py,Wrong Answer,18,3064,380,
s567946221,p02982,u113307688,1562549514,C#,C# (Mono 4.6.2.0),cs,Accepted,23,13268,1114,
s670331597,p02982,u220428866,1562549514,C++,C++14 (GCC 5.4.1),cpp,Compile Error,,,622,
s605623333,p02982,u608949838,1562549514,Ruby,Ruby (2.3.3),rb,Accepted,7,1788,374,
s354240334,p02982,u185688520,1562549512,C++,C++14 (GCC 5.4.1),cpp,Accepted,1,256,1505,
s322563626,p02982,u983681697,1562549512,C++,C++14 (GCC 5.4.1),cpp,Wrong Answer,1,256,581,
s316218114,p02982,u369752439,1562549511,Python,Python (3.4.3),py,Accepted,297,21092,455,
s772236536,p02982,u636489589,1562549510,Python,Python (3.4.3),py,Runtime Error,150,13072,284,
s101118453,p02982,u243755204,1562549510,Python,Python (3.4.3),py,Accepted,335,20644,363,
s793742319,p02982,u621100542,1562549509,Python,PyPy3 (2.4.0),py,Wrong Answer,168,38436,345,
s336200736,p02982,u788150798,1562549509,C#,C# (Mono 4.6.2.0),cs,Accepted,21,13268,934,
s359382017,p02982,u663116078,1562549509,Go,Go (1.6),go,Accepted,2,640,2224,
s216493005,p02982,u349091349,1562549508,Python,Python (3.4.3),py,Accepted,289,18604,273,
s906897720,p02982,u646792990,1562549506,C++,C++14 (GCC 5.4.1),cpp,Accepted,1,256,573,
s517792260,p02982,u319396308,1562549506,C++,C++14 (GCC 5.4.1),cpp,Accepted,2,384,933,
s967686373,p02982,u019183101,1562549506,Java,Java8 (OpenJDK 1.8.0),java,Accepted,239,28880,1621,
s470210359,p02982,u887675488,1562549502,C++,C++14 (GCC 5.4.1),cpp,Accepted,1,256,1974,
s983141291,p02982,u853585082,1562549502,C++,C++14 (GCC 5.4.1),cpp,Accepted,1,256,557,
s681361851,p02982,u956908227,1562549501,C++,C++14 (GCC 5.4.1),cpp,Accepted,1,256,384,
s165792890,p02982,u324881146,1562549500,Java,Java8 (OpenJDK 1.8.0),java,Accepted,104,23764,657,
s485546516,p02982,u447166124,1562549499,Python,Python (3.4.3),py,Accepted,17,3064,381,
s080673977,p02982,u304318875,1562549498,C++,C++14 (GCC 5.4.1),cpp,Accepted,1,256,28170,
s937736604,p02982,u594377503,1562549497,C#,C# (Mono 4.6.2.0),cs,Runtime Error,22,12896,1622,
s917307834,p02982,u438583134,1562549496,C++,C++14 (GCC 5.4.1),cpp,Wrong Answer,2,256,1742,
s836314711,p02982,u137542041,1562549495,Python,Python (3.4.3),py,Accepted,17,3064,709,
s312052698,p02982,u634443822,1562549495,Python,Python (3.4.3),py,Accepted,153,12468,264,
s924182068,p02982,u598756766,1562549494,C#,C# (Mono 4.6.2.0),cs,Accepted,24,13396,1425,
s751359603,p02982,u102461423,1562549491,Python,Python (3.4.3),py,Accepted,150,12480,300,
s913620784,p02982,u040380439,1562549491,Scala,Scala (2.11.7),scala,Accepted,356,27328,1243,
s494032481,p02982,u662449766,1562549490,Python,Python (3.4.3),py,Wrong Answer,17,3064,433,
s777821442,p02982,u241345538,1562549490,C++,C++14 (GCC 5.4.1),cpp,Wrong Answer,1,128,530,
s557520969,p02982,u617525345,1562549487,C++,C++14 (GCC 5.4.1),cpp,Accepted,1,256,879,
s946087002,p02982,u026424523,1562549487,C++,C++14 (GCC 5.4.1),cpp,Wrong Answer,2,256,603,
s732636414,p02982,u676837005,1562549484,Java,Java8 (OpenJDK 1.8.0),java,Accepted,228,27220,964,
s991390537,p02982,u860782770,1562549484,Java,Java8 (OpenJDK 1.8.0),java,Accepted,120,23636,995,
s212173416,p02982,u830616191,1562549483,Python,Python (3.4.3),py,Accepted,150,12468,488,
s401778072,p02982,u047554023,1562549482,C++,C++14 (GCC 5.4.1),cpp,Accepted,1,256,501,
s091738505,p02982,u222822036,1562549482,JavaScript,JavaScript (node.js v5.12),js,Accepted,54,7868,926,
s832057237,p02982,u708067384,1562549480,Python,Python (3.4.3),py,Runtime Error,17,2940,723,
s400220635,p02982,u712259491,1562549478,C++,C++14 (GCC 5.4.1),cpp,Wrong Answer,2,256,992,
s349686610,p02982,u155344619,1562549477,C++,C++14 (GCC 5.4.1),cpp,Accepted,1,256,537,
s226187347,p02982,u141968173,1562549476,C++,C++14 (GCC 5.4.1),cpp,Accepted,1,256,471,
s169802175,p02982,u568419568,1562549474,C++,C++14 (GCC 5.4.1),cpp,Wrong Answer,1,256,563,
s643871028,p02982,u032222383,1562549472,C,C (GCC 5.4.1),c,Accepted,1,128,665,
s061196872,p02982,u411637381,1562549471,Java,Java8 (OpenJDK 1.8.0),java,Accepted,109,23892,757,
s798029389,p02982,u436591599,1562549469,Scheme,Scheme (Gauche 0.9.3.3),scm,Runtime Error,107,9164,810,
s799556131,p02982,u452933618,1562549469,C++,C++14 (GCC 5.4.1),cpp,Accepted,1,256,787,
s737326100,p02982,u075250977,1562549467,C++,C++14 (GCC 5.4.1),cpp,Accepted,1,256,949,
s568134526,p02982,u340153434,1562549465,Python,Python (3.4.3),py,Accepted,17,3064,388,
s758204496,p02982,u267300160,1562549465,Python,Python (3.4.3),py,Accepted,18,3064,396,
s410873728,p02982,u407372398,1562549465,Python,Python (3.4.3),py,Accepted,18,3064,377,
s699634620,p02982,u003860320,1562549465,C++,C++14 (GCC 5.4.1),cpp,Accepted,1,256,923,
s569744637,p02982,u940569542,1562549465,C++,C++14 (GCC 5.4.1),cpp,Accepted,1,256,2333,
s304983463,p02982,u556704236,1562549464,C++,C++14 (GCC 5.4.1),cpp,Accepted,1,256,623,
s068911962,p02982,u945359338,1562549463,C++,C++14 (GCC 5.4.1),cpp,Accepted,1,256,614,
s847668864,p02982,u685662874,1562549463,Python,Python (3.4.3),py,Accepted,18,3064,352,
s986124821,p02982,u208357890,1562549462,C++,C++14 (GCC 5.4.1),cpp,Accepted,1,256,738,
s609104899,p02982,u947426792,1562549462,C++,C++14 (GCC 5.4.1),cpp,Wrong Answer,1,256,365,
s909265835,p02982,u633914031,1562549461,Python,Python (3.4.3),py,Accepted,17,3064,288,
s877592279,p02982,u368016155,1562549460,Python,Python (3.4.3),py,Wrong Answer,18,3064,394,
s749911304,p02982,u699835930,1562549460,C++,C++14 (GCC 5.4.1),cpp,Accepted,1,256,863,
s928629904,p02982,u273006189,1562549458,Python,Python (3.4.3),py,Accepted,19,3064,451,
s915219838,p02982,u380019875,1562549457,PHP,PHP7 (7.0.15),php,Accepted,11,4728,516,
s419357862,p02982,u495166526,1562549456,Python,Python (3.4.3),py,Wrong Answer,18,3064,345,
s775483821,p02982,u395676079,1562549455,C++,C++14 (GCC 5.4.1),cpp,Accepted,1,256,777,
s104511932,p02982,u580327099,1562549455,Python,PyPy3 (2.4.0),py,Accepted,169,38512,466,
s802577396,p02982,u679609591,1562549454,C,C (GCC 5.4.1),c,Accepted,1,128,674,
s992529924,p02982,u370447425,1562549453,C++,C++14 (GCC 5.4.1),cpp,Wrong Answer,1,256,514,
s211762371,p02982,u883621917,1562549453,Python,Python (3.4.3),py,Accepted,18,3064,424,
s564879149,p02982,u661461084,1562549453,C++,C++14 (GCC 5.4.1),cpp,Accepted,2,512,598,
s004050691,p02982,u530223066,1562549452,C++,C++14 (GCC 5.4.1),cpp,Accepted,1,256,1032,
s203442766,p02982,u421256781,1562549451,C++,C++14 (Clang 3.8.0),cpp,Accepted,6,888,720,
s454236380,p02982,u785505707,1562549448,C#,C# (Mono 4.6.2.0),cs,Accepted,24,13396,1042,
s975041647,p02982,u030848580,1562549448,C++,C++14 (GCC 5.4.1),cpp,Accepted,1,256,1061,
s911206320,p02982,u520841950,1562549446,C++,C++14 (GCC 5.4.1),cpp,Accepted,1,256,655,
s630603966,p02982,u026424523,1562549445,C++,C++14 (GCC 5.4.1),cpp,Wrong Answer,1,256,601,
s773166995,p02982,u592268075,1562549445,C++,C++14 (GCC 5.4.1),cpp,Accepted,1,128,604,
s838166379,p02982,u850779832,1562549443,Fortran,Fortran (gfortran v4.8.4),f,Wrong Answer,7,640,294,
s052042656,p02982,u530473105,1562549443,C#,C# (Mono 4.6.2.0),cs,Accepted,21,13140,1306,
s615295053,p02982,u734876600,1562549441,Python,Python (3.4.3),py,Accepted,38,3064,417,
s851472588,p02982,u475843109,1562549439,C++,C++14 (GCC 5.4.1),cpp,Accepted,1,128,761,
s587473068,p02982,u026431487,1562549436,Java,Java8 (OpenJDK 1.8.0),java,Accepted,108,21844,985,
s449980212,p02982,u851205244,1562549436,C++,C++14 (GCC 5.4.1),cpp,Wrong Answer,2,384,928,
s225945926,p02982,u688789047,1562549435,C#,C# (Mono 4.6.2.0),cs,Accepted,25,13396,984,
s340471772,p02982,u830616191,1562549434,Python,Python (3.4.3),py,Wrong Answer,150,12472,532,
s977070404,p02982,u605253462,1562549433,C,C (GCC 5.4.1),c,Accepted,1,128,600,
s652214784,p02982,u331381193,1562549432,Python,Python (3.4.3),py,Accepted,151,12520,269,
s094935700,p02982,u063404629,1562549431,C++,C++14 (GCC 5.4.1),cpp,Wrong Answer,1,256,2275,
s949262310,p02982,u319093540,1562549430,C,C (GCC 5.4.1),c,Accepted,1,128,663,
s423485033,p02982,u369436268,1562549430,C++,C++14 (GCC 5.4.1),cpp,Accepted,2,640,520,
s793475966,p02982,u998741086,1562549429,Ruby,Ruby (2.3.3),rb,Accepted,16,2684,365,
s917561413,p02982,u008582165,1562549428,Python,Python (3.4.3),py,Accepted,17,3064,396,
s952024011,p02982,u608105024,1562549428,JavaScript,JavaScript (node.js v5.12),js,Wrong Answer,52,7372,584,
s395859172,p02982,u096717230,1562549427,C++,C++14 (GCC 5.4.1),cpp,Wrong Answer,1,256,577,
s764320018,p02982,u203597140,1562549426,Python,Python (3.4.3),py,Accepted,19,3064,392,
s856785061,p02982,u728134648,1562549424,C++,C++14 (GCC 5.4.1),cpp,Accepted,1,256,1892,
s899265532,p02982,u944651767,1562549422,C,C (GCC 5.4.1),c,Accepted,1,128,613,
s881250943,p02982,u467507627,1562549421,C++,C++14 (GCC 5.4.1),cpp,Wrong Answer,1,256,313,
s337930535,p02982,u476534289,1562549420,C++,C++14 (GCC 5.4.1),cpp,Wrong Answer,1,256,911,
s656650238,p02982,u594272051,1562549418,C++,C++14 (GCC 5.4.1),cpp,Accepted,1,256,1276,
s299095748,p02982,u701199820,1562549417,Python,Python (3.4.3),py,Accepted,18,3064,504,
s032887696,p02982,u196030116,1562549417,Go,Go (1.6),go,Accepted,1,512,558,
s501202452,p02982,u777922433,1562549416,Python,Python (3.4.3),py,Accepted,17,3064,495,
s644699736,p02982,u865979946,1562549415,C++,C++14 (GCC 5.4.1),cpp,Accepted,3,512,609,
s766210459,p02982,u941033782,1562549413,C#,C# (Mono 4.6.2.0),cs,Accepted,22,13268,2440,
s318629952,p02982,u061412802,1562549413,C#,C# (Mono 4.6.2.0),cs,Accepted,28,13524,1384,
s419362616,p02982,u216849520,1562549412,C++,C++14 (GCC 5.4.1),cpp,Wrong Answer,1,256,774,
s651187650,p02982,u141968173,1562549412,C++,C++14 (GCC 5.4.1),cpp,Compile Error,,,472,
s258107885,p02982,u855866205,1562549411,Python,Python (3.4.3),py,Wrong Answer,18,3064,501,
s307204057,p02982,u273006189,1562549410,Python,Python (3.4.3),py,Runtime Error,17,3064,447,
s418172931,p02982,u088326922,1562549410,Scala,Scala (2.11.7),scala,Accepted,357,25936,1213,
s613674335,p02982,u019183101,1562549409,Java,Java8 (OpenJDK 1.8.0),java,Wrong Answer,227,29780,1621,
s732743434,p02982,u848433916,1562549408,C++,C++14 (Clang 3.8.0),cpp,Accepted,10,888,957,
s567942593,p02982,u264007769,1562549408,Java,Java8 (OpenJDK 1.8.0),java,Accepted,109,23636,795,
s063171387,p02982,u201808715,1562549408,C++,C++14 (GCC 5.4.1),cpp,Accepted,1,256,371,
s817092815,p02982,u894351640,1562549408,C++,C++14 (GCC 5.4.1),cpp,Accepted,1,256,807,
s683200667,p02982,u819939299,1562549406,Ruby,Ruby (2.3.3),rb,Wrong Answer,7,1788,257,
s158951771,p02982,u828664775,1562549406,C++,C++14 (GCC 5.4.1),cpp,Accepted,1,256,812,
s663260216,p02982,u732571394,1562549405,C++,C++14 (GCC 5.4.1),cpp,Accepted,1,384,578,
s639524464,p02982,u403551852,1562549405,Python,Python (3.4.3),py,Accepted,18,3064,536,
s478680207,p02982,u484703930,1562549404,Fortran,Fortran (gfortran v4.8.4),f,Accepted,1,256,3024,
s317738017,p02982,u026424523,1562549403,C++,C++14 (GCC 5.4.1),cpp,Wrong Answer,1,256,601,
s695827987,p02982,u535588603,1562549403,Ruby,Ruby (2.3.3),rb,Wrong Answer,7,1788,538,
s887983365,p02982,u563252794,1562549401,C++,C++14 (GCC 5.4.1),cpp,Accepted,1,256,523,
s530834251,p02982,u281500237,1562549401,PHP,PHP7 (7.0.15),php,Accepted,11,4728,403,
s162079663,p02982,u205912769,1562549396,C++,C++14 (GCC 5.4.1),cpp,Accepted,1,256,579,
s668017983,p02982,u008582165,1562549395,Python,Python (3.4.3),py,Wrong Answer,18,3064,418,
s011451114,p02982,u937063359,1562549395,C++,C++14 (GCC 5.4.1),cpp,Accepted,1,256,555,
s224314217,p02982,u979640637,1562549395,C#,C# (Mono 4.6.2.0),cs,Accepted,25,13268,2521,
s188218565,p02982,u811000506,1562549394,Python,Python (3.4.3),py,Accepted,26,3064,324,
s324794101,p02982,u959005202,1562549394,Python,Python (3.4.3),py,Accepted,18,3064,435,
s127495996,p02982,u855781168,1562549392,Python,Python (3.4.3),py,Accepted,17,3064,616,
s168952764,p02982,u578538067,1562549391,C++,C++14 (GCC 5.4.1),cpp,Accepted,1,256,621,
s883989322,p02982,u177546578,1562549388,C#,C# (Mono 4.6.2.0),cs,Accepted,24,13280,844,
s877731096,p02982,u208357890,1562549388,C++,C++14 (GCC 5.4.1),cpp,Wrong Answer,1,256,738,
s388754307,p02982,u767543103,1562549388,C++,C++14 (GCC 5.4.1),cpp,Accepted,1,256,1026,
s615321690,p02982,u635484372,1562549385,C++,C++14 (GCC 5.4.1),cpp,Accepted,1,256,1558,
s591635874,p02982,u852988862,1562549385,C,C (GCC 5.4.1),c,Wrong Answer,2,512,537,
s787255943,p02982,u626217867,1562549380,Java,Java8 (OpenJDK 1.8.0),java,Accepted,71,21460,2215,
s640196101,p02982,u776886109,1562549380,C++,C++14 (GCC 5.4.1),cpp,Accepted,1,256,563,
s288823261,p02982,u318029285,1562549379,Python,Python (3.4.3),py,Accepted,20,3064,352,
s851396429,p02982,u600282213,1562549379,C,C (GCC 5.4.1),c,Accepted,1,128,641,
s712705768,p02982,u671765585,1562549378,C,C (GCC 5.4.1),c,Accepted,1,128,515,
s304047327,p02982,u661143301,1562549378,Python,Python (3.4.3),py,Wrong Answer,17,3064,531,
s585901803,p02982,u851116946,1562549376,C#,C# (Mono 4.6.2.0),cs,Accepted,23,11220,944,
s507179366,p02982,u938512271,1562549375,C++,C++14 (GCC 5.4.1),cpp,Wrong Answer,1,256,707,
s102917467,p02982,u597243424,1562549374,C++,C++14 (GCC 5.4.1),cpp,Accepted,1,256,649,
s244762013,p02982,u494070244,1562549373,C++,C++14 (GCC 5.4.1),cpp,Accepted,1,256,1150,
s860698920,p02982,u591824072,1562549371,C++,C++14 (GCC 5.4.1),cpp,Accepted,1,256,959,
s291442888,p02982,u280912757,1562549369,PHP,PHP (5.6.30),php,Wrong Answer,12,3828,624,
s905419747,p02982,u698416089,1562549369,Python,Python (3.4.3),py,Accepted,17,3064,502,
s658612828,p02982,u205892160,1562549369,Kotlin,Kotlin (1.0.0),kt,Accepted,204,29468,1002,
s944401043,p02982,u290187182,1562549368,Python,Python (3.4.3),py,Accepted,17,3064,450,
s505293545,p02982,u944651767,1562549367,C,C (GCC 5.4.1),c,Wrong Answer,1,128,610,
s523411553,p02982,u982755883,1562549367,C++,C++14 (GCC 5.4.1),cpp,Accepted,1,256,555,
s841283168,p02982,u137542041,1562549365,Python,Python (3.4.3),py,Wrong Answer,18,3064,641,
s465354783,p02982,u470735879,1562549365,Python,Python (3.4.3),py,Accepted,18,3188,362,
s779072904,p02982,u013628553,1562549363,C++,C++14 (GCC 5.4.1),cpp,Accepted,1,256,907,
s609558199,p02982,u639426108,1562549363,C++,C++14 (GCC 5.4.1),cpp,Accepted,1,256,731,
s932737708,p02982,u671787293,1562549362,Python,Python (3.4.3),py,Runtime Error,252,18744,377,
s734130122,p02982,u635182517,1562549362,Python,Python (3.4.3),py,Wrong Answer,19,3060,329,
s881657022,p02982,u159117533,1562549361,Java,Java8 (OpenJDK 1.8.0),java,Accepted,108,21844,822,
s938939463,p02982,u112318601,1562549361,C++,C++14 (GCC 5.4.1),cpp,Accepted,1,256,668,
s403127899,p02982,u032068406,1562549361,C++,C++14 (GCC 5.4.1),cpp,Accepted,1,256,612,
s135346482,p02982,u347629712,1562549360,Python,Python (3.4.3),py,Accepted,17,3064,412,
s201875139,p02982,u794927332,1562549358,Java,Java8 (OpenJDK 1.8.0),java,Accepted,106,21844,1100,
s910039451,p02982,u379440427,1562549357,C++,C++14 (GCC 5.4.1),cpp,Accepted,1,256,624,
s326630132,p02982,u210113718,1562549357,Fortran,Fortran (gfortran v4.8.4),f,Accepted,2,384,636,
s027754101,p02982,u422093579,1562549353,Python,Python (3.4.3),py,Accepted,17,3060,358,
s315672241,p02982,u280114218,1562549353,C++,C++14 (GCC 5.4.1),cpp,Accepted,2,640,621,
s964251557,p02982,u404629709,1562549352,Python,Python (3.4.3),py,Wrong Answer,17,3064,278,
s802586380,p02982,u217859995,1562549346,C++,C++14 (GCC 5.4.1),cpp,Accepted,1,256,572,
s633357146,p02982,u100280611,1562549344,C++,C++14 (GCC 5.4.1),cpp,Wrong Answer,1,256,907,
s237824715,p02982,u414699019,1562549343,Python,Python (3.4.3),py,Accepted,149,12424,361,
s941636603,p02982,u452933618,1562549343,C++,C++14 (GCC 5.4.1),cpp,Compile Error,,,761,
s573196836,p02982,u273816974,1562549343,Java,Java8 (OpenJDK 1.8.0),java,Accepted,109,22612,944,
s717870343,p02982,u593081125,1562549342,C++,C++14 (GCC 5.4.1),cpp,Accepted,1,256,1172,
s692603827,p02982,u190138425,1562549339,C++,C++14 (GCC 5.4.1),cpp,Accepted,1,256,553,
s260189679,p02982,u633475329,1562549337,C++,C++14 (GCC 5.4.1),cpp,Accepted,1,256,1994,
s727572746,p02982,u845882023,1562549336,C++,C++14 (GCC 5.4.1),cpp,Accepted,1,256,649,
s571494057,p02982,u572609857,1562549336,Python,Python (3.4.3),py,Runtime Error,17,3064,360,
s362589284,p02982,u039504682,1562549335,Ruby,Ruby (2.3.3),rb,Accepted,7,1916,325,
s481275498,p02982,u358822669,1562549335,C++,C++14 (GCC 5.4.1),cpp,Accepted,1,256,808,
s713007135,p02982,u864202285,1562549335,Python,Python (3.4.3),py,Accepted,17,3064,389,
s455461520,p02982,u839231368,1562549332,C++,C++14 (GCC 5.4.1),cpp,Accepted,1,256,443,
s722277938,p02982,u534868423,1562549330,C++,C++14 (Clang 3.8.0),cpp,Compile Error,,,553,
s836747679,p02982,u874333466,1562549328,Python,Python (3.4.3),py,Accepted,18,3064,461,
s181805139,p02982,u752980640,1562549328,C++,C++14 (Clang 3.8.0),cpp,Accepted,1,256,1914,
s247812247,p02982,u983681697,1562549327,C++,C++14 (GCC 5.4.1),cpp,Wrong Answer,1,256,581,
s778597890,p02982,u835467030,1562549326,Python,Python (3.4.3),py,Wrong Answer,17,3064,376,
s739441827,p02982,u220522896,1562549325,C++,C++14 (GCC 5.4.1),cpp,Accepted,3,384,423,
s018078946,p02982,u399232305,1562549325,C++,C++14 (GCC 5.4.1),cpp,Accepted,1,256,865,
s981968043,p02982,u210484769,1562549324,C++,C++14 (GCC 5.4.1),cpp,Accepted,1,256,2205,
s165653720,p02982,u671401989,1562549323,Fortran,Fortran (gfortran v4.8.4),f,Accepted,1,256,439,
s360367562,p02982,u704064492,1562549323,C++,C++14 (GCC 5.4.1),cpp,Wrong Answer,1,256,617,
s470593800,p02982,u476124554,1562549323,Python,Python (3.4.3),py,Accepted,18,3064,393,
s277126398,p02982,u202928696,1562549322,C++,C++14 (GCC 5.4.1),cpp,Accepted,1,256,2328,
s104523622,p02982,u869644355,1562549321,C++,C++14 (GCC 5.4.1),cpp,Accepted,2,256,570,
s308682282,p02982,u346939612,1562549320,C++,C++14 (GCC 5.4.1),cpp,Accepted,1,256,1235,
s770066482,p02982,u345981182,1562549317,C++,C++14 (Clang 3.8.0),cpp,Accepted,1,256,419,
s016038918,p02982,u425019904,1562549316,Python,Python (3.4.3),py,Accepted,238,3064,401,
s602654201,p02982,u280114218,1562549316,C++,C++14 (GCC 5.4.1),cpp,Wrong Answer,1,384,655,
s664002866,p02982,u273006189,1562549315,Python,Python (3.4.3),py,Runtime Error,18,3188,523,
s159199120,p02982,u262801165,1562549315,Python,Python (3.4.3),py,Accepted,18,3064,480,
s665649820,p02982,u190679129,1562549314,Python,Python (3.4.3),py,Accepted,157,12404,422,
s101570959,p02982,u929479967,1562549312,C++,C++ (Clang 3.8.0),cpp,Accepted,7,888,882,
s281364280,p02982,u827923574,1562549312,C++,C++14 (GCC 5.4.1),cpp,Accepted,1,256,851,
s614496021,p02982,u526630579,1562549307,C++,C++14 (GCC 5.4.1),cpp,Wrong Answer,1,256,1464,
s024864840,p02982,u205892160,1562549306,Kotlin,Kotlin (1.0.0),kt,Compile Error,,,975,
s402817751,p02982,u794927332,1562549306,Java,Java8 (OpenJDK 1.8.0),java,Runtime Error,81,23380,1307,
s001703601,p02982,u781262926,1562549305,Python,Python (3.4.3),py,Accepted,18,3064,427,
s581720264,p02982,u911150465,1562549304,C++,C++14 (GCC 5.4.1),cpp,Accepted,1,256,603,
s271633894,p02982,u188706971,1562549303,C++,C++14 (GCC 5.4.1),cpp,Accepted,1,256,834,
s623189545,p02982,u244626757,1562549303,C++,C++14 (GCC 5.4.1),cpp,Accepted,1,256,486,
s837534173,p02982,u895526251,1562549303,Python,Python (3.4.3),py,Accepted,17,3064,430,
s219739013,p02982,u280912757,1562549303,PHP,PHP (5.6.30),php,Runtime Error,12,3828,624,
s639551016,p02982,u221971983,1562549300,Rust,Rust (1.15.1),rs,Accepted,3,8572,2482,
s367593401,p02982,u539199630,1562549299,C++,C++14 (GCC 5.4.1),cpp,Accepted,1,256,566,
s120603147,p02982,u047756993,1562549299,C++,C++14 (GCC 5.4.1),cpp,Wrong Answer,1,256,1046,
s273937716,p02982,u698902360,1562549299,Python,Python (3.4.3),py,Accepted,147,12396,385,
s933666059,p02982,u160658459,1562549298,C++,C++14 (Clang 3.8.0),cpp,Accepted,1,256,6035,
s938724089,p02982,u056123277,1562549298,C++,C++14 (GCC 5.4.1),cpp,Accepted,1,256,511,
s817461333,p02982,u572271833,1562549298,Python,Python (3.4.3),py,Accepted,299,20756,402,
s905677527,p02982,u419937216,1562549297,C++,C++14 (GCC 5.4.1),cpp,Accepted,1,256,1447,
s793873354,p02982,u809278162,1562549297,C++,C++14 (GCC 5.4.1),cpp,Accepted,1,256,601,
s727973488,p02982,u844961982,1562549296,C++,C++14 (GCC 5.4.1),cpp,Accepted,1,256,2185,
s500318532,p02982,u718774863,1562549296,C++,C++14 (GCC 5.4.1),cpp,Accepted,1,256,1015,
s044577453,p02982,u563252794,1562549295,C++,C++14 (GCC 5.4.1),cpp,Wrong Answer,1,256,523,
s407845040,p02982,u618536526,1562549293,Python,Python (3.4.3),py,Accepted,18,3064,345,
s125109039,p02982,u517411077,1562549293,C++,C++14 (GCC 5.4.1),cpp,Accepted,1,256,1196,
s100538840,p02982,u532086793,1562549293,C++,C++14 (GCC 5.4.1),cpp,Accepted,1,256,755,
s801694746,p02982,u038027079,1562549292,C++,C++14 (GCC 5.4.1),cpp,Wrong Answer,1,256,1712,
s246498003,p02982,u992875223,1562549291,C++,C++14 (GCC 5.4.1),cpp,Accepted,1,256,686,
s682228533,p02982,u452933618,1562549289,C++,C++14 (GCC 5.4.1),cpp,Compile Error,,,761,
s899239411,p02982,u561443723,1562549288,C++,C++14 (Clang 3.8.0),cpp,Accepted,7,888,571,
s832017373,p02982,u241345538,1562549288,C++,C++14 (GCC 5.4.1),cpp,Wrong Answer,1,128,526,
s700773624,p02982,u341846697,1562549286,C++,C++14 (GCC 5.4.1),cpp,Accepted,1,256,835,
s002165839,p02982,u682730715,1562549286,Python,Python (3.4.3),py,Accepted,53,6480,989,
s755465169,p02982,u180528413,1562549285,Python,Python (3.4.3),py,Accepted,18,3064,339,
s029074347,p02982,u062324064,1562549285,C++,C++14 (GCC 5.4.1),cpp,Accepted,1,256,1056,
s632667391,p02982,u837383145,1562549285,Python,PyPy3 (2.4.0),py,Accepted,181,38256,322,
s555868900,p02982,u181039779,1562549284,Java,Java8 (OpenJDK 1.8.0),java,Accepted,72,21460,13600,
s830018480,p02982,u794927332,1562549284,Java,Java8 (OpenJDK 1.8.0),java,Compile Error,,,1307,
s898205870,p02982,u895225176,1562549283,C++,C++14 (GCC 5.4.1),cpp,Accepted,1,256,644,
s776242071,p02982,u063608889,1562549283,C++,C++14 (GCC 5.4.1),cpp,Accepted,1,256,675,
s352384381,p02982,u196579381,1562549281,Python,Python (3.4.3),py,Accepted,18,3064,516,
s842705747,p02982,u929479967,1562549280,C++,C++ (GCC 5.4.1),cpp,Compile Error,,,881,
s598437904,p02982,u133348271,1562549280,C++,C++14 (GCC 5.4.1),cpp,Accepted,1,256,514,
s427237753,p02982,u241115311,1562549279,Python,Python (3.4.3),py,Accepted,149,12488,427,
s290355755,p02982,u163449343,1562549279,Python,Python (3.4.3),py,Accepted,18,3064,370,
s386581780,p02982,u566651462,1562549279,Go,Go (1.6),go,Accepted,16,2944,996,
s916473819,p02982,u451507303,1562549278,Python,Python (3.4.3),py,Wrong Answer,19,3064,405,
s790174831,p02982,u465638326,1562549278,C++,C++14 (GCC 5.4.1),cpp,Accepted,1,256,574,
s205208314,p02982,u719183609,1562549277,C++,C++14 (GCC 5.4.1),cpp,Accepted,1,256,807,
s737630194,p02982,u307752464,1562549277,C++,C++14 (GCC 5.4.1),cpp,Time Limit Exceeded,2107,256,822,
s206262488,p02982,u563252794,1562549276,C++,C++14 (GCC 5.4.1),cpp,Compile Error,,,522,
s422859816,p02982,u273928723,1562549274,Python,Python (3.4.3),py,Accepted,18,3064,353,
s219518770,p02982,u211222739,1562549273,C++,C++14 (GCC 5.4.1),cpp,Accepted,1,256,741,
s450762190,p02982,u245487028,1562549273,C++,C++14 (GCC 5.4.1),cpp,Accepted,1,256,1006,
s866160250,p02982,u572365590,1562549273,C++,C++14 (GCC 5.4.1),cpp,Accepted,1,256,1001,
s310733638,p02982,u424602097,1562549273,C++,C++14 (GCC 5.4.1),cpp,Accepted,1,256,503,
s816132025,p02982,u084549125,1562549273,C++,C++14 (GCC 5.4.1),cpp,Wrong Answer,1,256,972,
s546260303,p02982,u350578302,1562549272,Python,Python (3.4.3),py,Accepted,151,12472,595,
s901216924,p02982,u133566678,1562549272,Python,Python (3.4.3),py,Accepted,19,3064,362,
s353518663,p02982,u521364030,1562549272,C++,C++14 (GCC 5.4.1),cpp,Accepted,3,384,619,
s981909294,p02982,u262403099,1562549271,Go,Go (1.6),go,Accepted,1,640,797,
s857921811,p02982,u653737129,1562549271,Ruby,Ruby (2.3.3),rb,Accepted,8,3836,509,
s628406112,p02982,u610490393,1562549270,Lisp,Common Lisp (SBCL 1.1.14),l,Accepted,149,17000,392,
s267783571,p02982,u915287802,1562549268,C++,C++14 (GCC 5.4.1),cpp,Accepted,2,256,1360,
s631794530,p02982,u479918572,1562549268,Python,PyPy3 (2.4.0),py,Accepted,166,38256,332,
s027542161,p02982,u766684188,1562549267,Python,PyPy3 (2.4.0),py,Accepted,172,38384,330,
s751240006,p02982,u982808037,1562549266,C++,C++14 (GCC 5.4.1),cpp,Accepted,1,256,730,
s570951641,p02982,u088208280,1562549266,C++,C++14 (GCC 5.4.1),cpp,Accepted,1,256,470,
s195360421,p02982,u244755280,1562549266,Java,Java8 (OpenJDK 1.8.0),java,Accepted,109,23764,617,
s365284735,p02982,u175942555,1562549263,C++,C++14 (GCC 5.4.1),cpp,Wrong Answer,2,384,603,
s488152421,p02982,u902973687,1562549262,Python,Python (3.4.3),py,Accepted,150,12508,286,
s903931844,p02982,u098026368,1562549261,C++,C++14 (GCC 5.4.1),cpp,Accepted,1,256,577,
s045827852,p02982,u406158207,1562549261,C++,C++14 (GCC 5.4.1),cpp,Accepted,1,256,1482,
s812288130,p02982,u285991898,1562549260,C++,C++14 (GCC 5.4.1),cpp,Accepted,1,256,854,
s495275748,p02982,u413763374,1562549260,C++,C++14 (GCC 5.4.1),cpp,Accepted,1,256,1346,
s929374215,p02982,u998733244,1562549258,Python,Python (3.4.3),py,Accepted,18,3064,458,
s293955755,p02982,u249910602,1562549258,Kotlin,Kotlin (1.0.0),kt,Accepted,239,37608,640,
s585880717,p02982,u947426792,1562549256,C++,C++14 (GCC 5.4.1),cpp,Wrong Answer,1,256,365,
s923363464,p02982,u573545768,1562549256,Java,Java8 (OpenJDK 1.8.0),java,Accepted,109,21844,1237,
s290056620,p02982,u069521477,1562549256,C++,C++14 (GCC 5.4.1),cpp,Accepted,1,256,4343,
s589542905,p02982,u509420256,1562549256,C++,C++14 (GCC 5.4.1),cpp,Accepted,1,256,678,
s860718716,p02982,u501163846,1562549255,Python,Python (3.4.3),py,Accepted,20,3064,353,
s271397904,p02982,u608949838,1562549254,Ruby,Ruby (2.3.3),rb,Runtime Error,7,1788,369,
s533444399,p02982,u078832908,1562549254,C++,C++14 (Clang 3.8.0),cpp,Accepted,1,256,1064,
s116929473,p02982,u105921924,1562549253,Scala,Scala (2.11.7),scala,Accepted,326,25528,654,
s311821589,p02982,u096717230,1562549252,C++,C++14 (GCC 5.4.1),cpp,Wrong Answer,1,256,576,
s327267676,p02982,u688109846,1562549252,C++,C++14 (GCC 5.4.1),cpp,Accepted,1,256,678,
s352664866,p02982,u577189232,1562549251,C++,C++14 (GCC 5.4.1),cpp,Accepted,1,256,2147,
s149832936,p02982,u866119355,1562549250,C++,C++14 (GCC 5.4.1),cpp,Accepted,1,256,917,
s034226006,p02982,u409579817,1562549249,C++,C++14 (GCC 5.4.1),cpp,Accepted,1,256,620,
s531816274,p02982,u500944229,1562549248,Python,Python (3.4.3),py,Accepted,19,3188,572,
s397803361,p02982,u941705222,1562549247,C++,C++14 (GCC 5.4.1),cpp,Compile Error,,,520,
s918122006,p02982,u532894762,1562549246,C++,C++14 (GCC 5.4.1),cpp,Accepted,1,256,1727,
s185122296,p02982,u364061715,1562549245,Python,Python (3.4.3),py,Accepted,155,12504,310,
s227115047,p02982,u219503971,1562549244,Python,Python (3.4.3),py,Wrong Answer,18,3060,277,
s170775687,p02982,u801406816,1562549244,PHP,PHP (5.6.30),php,Accepted,13,3828,661,
s821035282,p02982,u647999897,1562549243,JavaScript,JavaScript (node.js v5.12),js,Accepted,54,7372,754,
s728110156,p02982,u486646943,1562549243,Python,Python (3.4.3),py,Accepted,300,21320,485,
s438128560,p02982,u995102075,1562549243,Python,Python (3.4.3),py,Accepted,149,14440,413,
s596197075,p02982,u431381247,1562549243,Python,Python (3.4.3),py,Wrong Answer,151,12476,335,
s852960933,p02982,u414877092,1562549242,C++,C++14 (GCC 5.4.1),cpp,Accepted,1,256,1482,
s327221748,p02982,u769569814,1562549242,C++,C++14 (GCC 5.4.1),cpp,Runtime Error,97,256,539,
s807238077,p02982,u713051936,1562549241,C++,C++14 (GCC 5.4.1),cpp,Accepted,1,256,515,
s560196403,p02982,u507027929,1562549240,Go,Go (1.6),go,Accepted,1,640,1073,
s823194152,p02982,u685049671,1562549240,Java,Java8 (OpenJDK 1.8.0),java,Accepted,113,21844,620,
s249756313,p02982,u929479967,1562549239,C++,C++ (Clang 3.8.0),cpp,Compile Error,,,881,
s777644600,p02982,u639426108,1562549237,C++,C++14 (GCC 5.4.1),cpp,Wrong Answer,1,256,730,
s947700528,p02982,u920032768,1562549237,Python,Python (3.4.3),py,Accepted,17,3064,333,
s935540959,p02982,u273816974,1562549237,Java,Java8 (OpenJDK 1.8.0),java,Wrong Answer,101,21972,1212,
s094681307,p02982,u852988862,1562549236,C,C (GCC 5.4.1),c,Runtime Error,120,128,519,
s468818778,p02982,u193197732,1562549236,Python,Python (3.4.3),py,Accepted,18,3064,449,
s908744238,p02982,u237044327,1562549235,C++,C++14 (GCC 5.4.1),cpp,Accepted,1,256,759,
s490226331,p02982,u672087955,1562549233,JavaScript,JavaScript (node.js v5.12),js,Accepted,68,7884,11750,
s413517272,p02982,u157677852,1562549233,C++,C++14 (GCC 5.4.1),cpp,Accepted,1,256,548,
s705054165,p02982,u428287444,1562549230,C++,C++14 (GCC 5.4.1),cpp,Accepted,1,256,696,
s992021743,p02982,u421782399,1562549228,C++,C++14 (GCC 5.4.1),cpp,Accepted,3,512,1197,
s141906040,p02982,u702144572,1562549227,Python,Python (3.4.3),py,Accepted,17,3064,434,
s896553811,p02982,u456658814,1562549226,C++,C++14 (GCC 5.4.1),cpp,Wrong Answer,1,128,452,
s065314601,p02982,u412563426,1562549226,Python,Python (3.4.3),py,Accepted,17,3064,471,
s073299998,p02982,u037430802,1562549224,Python,Python (3.4.3),py,Accepted,17,3064,474,
s313936627,p02982,u096859922,1562549224,C#,C# (Mono 4.6.2.0),cs,Accepted,25,13524,1044,
s277213590,p02982,u076996519,1562549223,Python,Python (3.4.3),py,Accepted,18,3064,391,
s795676537,p02982,u947426792,1562549219,C++,C++14 (GCC 5.4.1),cpp,Wrong Answer,1,256,364,
s950734229,p02982,u127344197,1562549219,C++,C++14 (GCC 5.4.1),cpp,Accepted,1,256,1352,
s675039222,p02982,u666198201,1562549219,Python,Python (3.4.3),py,Accepted,18,3064,471,
s418159750,p02982,u246975555,1562549218,Python,Python (3.4.3),py,Runtime Error,17,3064,429,
s965002451,p02982,u339558464,1562549218,C++,C++14 (GCC 5.4.1),cpp,Accepted,3,4992,1356,
s366134431,p02982,u783408650,1562549218,C++,C++14 (GCC 5.4.1),cpp,Accepted,1,256,645,
s908954602,p02982,u468443183,1562549217,C++,C++14 (GCC 5.4.1),cpp,Accepted,1,256,643,
s228560137,p02982,u839537391,1562549217,C++,C++14 (GCC 5.4.1),cpp,Accepted,1,256,660,
s575038336,p02982,u265608204,1562549215,C++,C++14 (GCC 5.4.1),cpp,Accepted,1,256,645,
s805414691,p02982,u771365068,1562549215,Rust,Rust (1.15.1),rs,Accepted,2,4352,2267,
s347319902,p02982,u249910602,1562549215,Kotlin,Kotlin (1.0.0),kt,Wrong Answer,241,37944,640,
s312747085,p02982,u675509234,1562549215,C++,C++14 (GCC 5.4.1),cpp,Accepted,1,256,572,
s220094329,p02982,u385167811,1562549214,Python,Python (3.4.3),py,Accepted,18,3064,652,
s369298426,p02982,u769569814,1562549214,C++,C++14 (GCC 5.4.1),cpp,Runtime Error,101,256,537,
s876632569,p02982,u485731913,1562549213,C++,C++14 (GCC 5.4.1),cpp,Accepted,1,256,1083,
s827245945,p02982,u280912757,1562549213,PHP,PHP (5.6.30),php,Wrong Answer,12,3828,622,
s823981814,p02982,u970109776,1562549213,C++,C++14 (GCC 5.4.1),cpp,Accepted,1,256,908,
s341998629,p02982,u561443723,1562549212,C++,C++14 (Clang 3.8.0),cpp,Compile Error,,,553,
s051562737,p02982,u330919736,1562549211,C++,C++14 (GCC 5.4.1),cpp,Accepted,1,256,490,
s952776701,p02982,u594377503,1562549209,C#,C# (Mono 4.6.2.0),cs,Wrong Answer,22,11220,1477,
s776391392,p02982,u530845504,1562549208,C,C (GCC 5.4.1),c,Wrong Answer,1,256,473,
s550134444,p02982,u671446913,1562549203,Python,Python (3.4.3),py,Accepted,266,19536,284,
s458458276,p02982,u809849468,1562549202,Python,Python (3.4.3),py,Accepted,147,12496,352,
s213068406,p02982,u952467214,1562549202,Python,Python (3.4.3),py,Accepted,17,3064,359,
s885547238,p02982,u947426792,1562549202,C++,C++14 (GCC 5.4.1),cpp,Compile Error,,,364,
s411784656,p02982,u507706381,1562549199,Java,Java8 (OpenJDK 1.8.0),java,Accepted,101,23892,952,
s275210593,p02982,u255001744,1562549198,C++,C++14 (GCC 5.4.1),cpp,Accepted,1,256,1308,
s314952832,p02982,u868390752,1562549196,C++,C++14 (GCC 5.4.1),cpp,Accepted,1,256,808,
s861136299,p02982,u057405757,1562549195,C++,C++14 (GCC 5.4.1),cpp,Accepted,1,256,757,
s214178329,p02982,u806556718,1562549193,C++,C++14 (GCC 5.4.1),cpp,Accepted,1,256,1178,
s311824556,p02982,u709108999,1562549190,JavaScript,JavaScript (node.js v5.12),js,Accepted,205,21192,745,
s334556090,p02982,u776014292,1562549190,JavaScript,JavaScript (node.js v5.12),js,Accepted,184,21192,1090,
s828968782,p02982,u887080340,1562549189,Python,Python (3.4.3),py,Accepted,149,12484,218,
s672442635,p02982,u062835864,1562549188,C++,C++14 (GCC 5.4.1),cpp,Accepted,3,256,476,
s419271876,p02982,u538125576,1562549188,C++,C++14 (GCC 5.4.1),cpp,Accepted,1,256,927,
s178206089,p02982,u890169362,1562549187,C++,C++14 (GCC 5.4.1),cpp,Accepted,1,256,750,
s430115041,p02982,u554988565,1562549186,C++,C++14 (GCC 5.4.1),cpp,Wrong Answer,1,256,671,
s930951829,p02982,u248447064,1562549185,C#,C# (Mono 4.6.2.0),cs,Accepted,21,11220,1215,
s632480496,p02982,u225627575,1562549185,Python,Python (3.4.3),py,Accepted,17,3064,539,
s977020504,p02982,u360843131,1562549184,C++,C++14 (GCC 5.4.1),cpp,Accepted,1,256,677,
s266953706,p02982,u726212005,1562549183,Python,PyPy3 (2.4.0),py,Runtime Error,164,38256,271,
s597741231,p02982,u570545890,1562549183,Python,Python (3.4.3),py,Accepted,18,3064,544,
s341957619,p02982,u532894762,1562549182,C++,C++14 (GCC 5.4.1),cpp,Wrong Answer,1,256,1727,
s868664331,p02982,u726173718,1562549181,Lua,LuaJIT (2.0.4),lua,Wrong Answer,1,256,470,
s757017410,p02982,u827923574,1562549181,C++,C++14 (GCC 5.4.1),cpp,Compile Error,,,830,
s795434517,p02982,u290211456,1562549180,Python,Python (3.4.3),py,Accepted,17,3064,350,
s507031233,p02982,u340792767,1562549180,Python,Python (3.4.3),py,Accepted,18,3064,501,
s829202906,p02982,u584797714,1562549180,C++,C++14 (GCC 5.4.1),cpp,Accepted,1,256,1120,
s594527461,p02982,u957338785,1562549178,Python,Python (3.4.3),py,Wrong Answer,157,12492,482,
s325164072,p02982,u947375463,1562549177,C++,C++14 (GCC 5.4.1),cpp,Accepted,1,256,1186,
s912863628,p02982,u613124399,1562549177,Fortran,Fortran (gfortran v4.8.4),f,Accepted,6,640,426,
s471643813,p02982,u451507303,1562549177,Python,Python (3.4.3),py,Wrong Answer,18,3064,404,
s087122127,p02982,u500944229,1562549176,Python,Python (3.4.3),py,Runtime Error,18,3064,572,
s017740980,p02982,u943004959,1562549176,C++,C++14 (GCC 5.4.1),cpp,Accepted,1,256,1176,
s570202339,p02982,u915768086,1562549174,C++,C++14 (GCC 5.4.1),cpp,Accepted,2,384,622,
s699794601,p02982,u193197732,1562549173,Python,Python (3.4.3),py,Wrong Answer,18,3064,466,
s916835115,p02982,u781878503,1562549172,C++,C++14 (GCC 5.4.1),cpp,Accepted,1,256,457,
s303822646,p02982,u157085392,1562549172,C++,C++14 (GCC 5.4.1),cpp,Accepted,1,256,5724,
s486501590,p02982,u858748695,1562549172,Python,Python (3.4.3),py,Accepted,19,3060,342,
s756215202,p02982,u625092455,1562549172,C++,C++14 (Clang 3.8.0),cpp,Wrong Answer,1,256,3908,
s968613537,p02982,u797848138,1562549170,Python,Python (3.4.3),py,Wrong Answer,17,3064,532,
s491117344,p02982,u874996917,1562549170,C++,C++14 (GCC 5.4.1),cpp,Wrong Answer,1,256,2599,
s157058627,p02982,u541475502,1562549168,Python,Python (3.4.3),py,Accepted,17,3064,307,
s349819772,p02982,u534868423,1562549168,C++,C++14 (GCC 5.4.1),cpp,Compile Error,,,528,
s123946508,p02982,u135203576,1562549166,C++,C++14 (GCC 5.4.1),cpp,Accepted,6,384,766,
s473241163,p02982,u749816033,1562549166,Python,PyPy3 (2.4.0),py,Runtime Error,164,38384,261,
s126561201,p02982,u369980487,1562549166,C++,C++14 (GCC 5.4.1),cpp,Accepted,1,256,1025,
s981788372,p02982,u038244040,1562549166,Python,Python (3.4.3),py,Accepted,150,12504,543,
s655571185,p02982,u380317210,1562549165,C++,C++14 (GCC 5.4.1),cpp,Accepted,1,256,961,
s988520528,p02982,u703503553,1562549163,C++,C++14 (GCC 5.4.1),cpp,Wrong Answer,1,256,654,
s185117580,p02982,u969236097,1562549161,Python,Python (3.4.3),py,Accepted,18,3064,319,
s623348389,p02982,u793801197,1562549161,Ruby,Ruby (2.3.3),rb,Wrong Answer,9,1916,262,
s147852941,p02982,u249910602,1562549161,Kotlin,Kotlin (1.0.0),kt,Wrong Answer,240,37824,639,
s615051693,p02982,u188706971,1562549159,C++,C++14 (GCC 5.4.1),cpp,Wrong Answer,1,256,834,
s935432236,p02982,u323966851,1562549159,C++,C++14 (GCC 5.4.1),cpp,Accepted,2,256,641,
s372893208,p02982,u866119355,1562549159,C++,C++14 (GCC 5.4.1),cpp,Compile Error,,,927,
s362533284,p02982,u911150465,1562549158,C++,C++14 (GCC 5.4.1),cpp,Wrong Answer,1,256,569,
s323486960,p02982,u231640005,1562549158,C++,C++14 (GCC 5.4.1),cpp,Accepted,1,256,675,
s113860453,p02982,u118211443,1562549157,Python,Python (3.4.3),py,Wrong Answer,18,3064,679,
s045601341,p02982,u061984624,1562549156,Python,Python (3.4.3),py,Accepted,24,3060,312,
s283510919,p02982,u902428263,1562549156,C++,C++14 (GCC 5.4.1),cpp,Accepted,1,256,658,
s163562131,p02982,u573154728,1562549155,Perl,Perl (v5.18.2),pl,Wrong Answer,5,768,222,
s522005457,p02982,u968097972,1562549154,C++,C++14 (GCC 5.4.1),cpp,Accepted,1,256,3135,
s373139275,p02982,u220212997,1562549153,C++,C++14 (GCC 5.4.1),cpp,Runtime Error,131,256,756,
s541449379,p02982,u330692748,1562549153,Python,Python (3.4.3),py,Accepted,17,3064,392,
s555884005,p02982,u085640913,1562549152,C++,C++14 (GCC 5.4.1),cpp,Accepted,3,256,492,
s711006758,p02982,u317845566,1562549152,Go,Go (1.6),go,Accepted,1,640,887,
s670549229,p02982,u922965680,1562549151,Python,PyPy3 (2.4.0),py,Accepted,179,38512,688,
s612302521,p02982,u536325690,1562549151,Python,Python (3.4.3),py,Accepted,18,3064,449,
s116961038,p02982,u624505752,1562549149,Ruby,Ruby (2.3.3),rb,Accepted,7,1788,427,
s614372981,p02982,u337067848,1562549148,C++,C++14 (GCC 5.4.1),cpp,Accepted,1,256,1531,
s332426562,p02982,u535010493,1562549145,C++,C++14 (GCC 5.4.1),cpp,Accepted,1,256,647,
s448160173,p02982,u681090440,1562549144,C,C (GCC 5.4.1),c,Accepted,1,128,666,
s828192007,p02982,u309039873,1562549144,Python,Python (3.4.3),py,Accepted,17,3064,290,
s556662693,p02982,u941705222,1562549143,C++,C++14 (GCC 5.4.1),cpp,Compile Error,,,515,
s921258325,p02982,u047662730,1562549143,Python,Python (3.4.3),py,Accepted,17,3064,368,
s093906061,p02982,u530223066,1562549143,C++,C++14 (GCC 5.4.1),cpp,Wrong Answer,1,256,997,
s183660539,p02982,u983681697,1562549142,C++,C++14 (GCC 5.4.1),cpp,Compile Error,,,560,
s463271826,p02982,u647974562,1562549142,C++,C++14 (GCC 5.4.1),cpp,Accepted,1,256,775,
s171674985,p02982,u603286134,1562549141,C++,C++14 (GCC 5.4.1),cpp,Accepted,1,256,722,
s676025991,p02982,u858766837,1562549140,C++,C++14 (GCC 5.4.1),cpp,Accepted,3,256,671,
s251166466,p02982,u463228978,1562549140,Python,PyPy3 (2.4.0),py,Accepted,161,38256,443,
s946834889,p02982,u605402887,1562549140,C,C (GCC 5.4.1),c,Accepted,1,128,547,
s208205844,p02982,u804924310,1562549139,Python,Python (3.4.3),py,Accepted,17,3064,409,
s189375802,p02982,u054501336,1562549139,C++,C++ (GCC 5.4.1),cpp,Accepted,1,256,713,
s825890713,p02982,u453634575,1562549137,Python,Python (3.4.3),py,Accepted,151,12500,300,
s006240451,p02982,u299172013,1562549136,Python,Python (3.4.3),py,Accepted,18,3064,422,
s486277242,p02982,u335453773,1562549134,C,C (GCC 5.4.1),c,Accepted,1,128,738,
s223389280,p02982,u588369531,1562549132,C++,C++14 (GCC 5.4.1),cpp,Accepted,1,256,1427,
s060272527,p02982,u837677955,1562549130,Python,Python (3.4.3),py,Accepted,17,3064,493,
s020891802,p02982,u662852612,1562549130,C++,C++14 (GCC 5.4.1),cpp,Accepted,1,256,985,
s300279510,p02982,u923676814,1562549129,C++,C++14 (GCC 5.4.1),cpp,Accepted,1,256,544,
s094926286,p02982,u480200603,1562549127,Python,Python (3.4.3),py,Accepted,18,3060,320,
s108040016,p02982,u237044327,1562549127,C++,C++14 (GCC 5.4.1),cpp,Compile Error,,,742,
s813553869,p02982,u895225176,1562549127,C++,C++14 (GCC 5.4.1),cpp,Compile Error,,,648,
s819007159,p02982,u811612390,1562549125,C,C (GCC 5.4.1),c,Wrong Answer,1,128,537,
s276281454,p02982,u517152997,1562549125,Python,Python (3.4.3),py,Accepted,148,12448,628,
s055749279,p02982,u226709380,1562549125,C++,C++14 (GCC 5.4.1),cpp,Accepted,1,256,429,
s346291637,p02982,u408262366,1562549124,Python,Python (3.4.3),py,Accepted,149,12408,436,
s878183281,p02982,u610490393,1562549124,Lisp,Common Lisp (SBCL 1.1.14),l,Wrong Answer,129,16996,381,
s960312774,p02982,u756518877,1562549123,Python,Python (3.4.3),py,Accepted,18,3064,343,
s978378866,p02982,u313288017,1562549123,C++,C++14 (GCC 5.4.1),cpp,Accepted,2,2688,4345,
s110403644,p02982,u249910602,1562549120,Kotlin,Kotlin (1.0.0),kt,Compile Error,,,629,
s970435048,p02982,u421782399,1562549120,C++,C++14 (GCC 5.4.1),cpp,Compile Error,,,1180,
s661903974,p02982,u827141374,1562549119,Python,Python (3.4.3),py,Accepted,17,3188,305,
s958697729,p02982,u488074257,1562549116,C++,C++14 (GCC 5.4.1),cpp,Accepted,1,256,850,
s289041265,p02982,u104378891,1562549116,Rust,Rust (1.15.1),rs,Accepted,2,4352,1240,
s422533710,p02982,u473952728,1562549115,F#,F# (Mono 4.0),fs,Accepted,51,14416,1188,
s717136386,p02982,u961683878,1562549115,Rust,Rust (1.15.1),rs,Accepted,2,4352,2285,
s207653187,p02982,u062417079,1562549114,Python,Python (3.4.3),py,Accepted,17,3064,526,
s272009474,p02982,u255643409,1562549114,C++,C++14 (GCC 5.4.1),cpp,Accepted,1,256,745,
s860883884,p02982,u632369368,1562549112,Python,Python (3.4.3),py,Accepted,18,3064,372,
s177660592,p02982,u868237899,1562549111,Python,Python (3.4.3),py,Accepted,17,3064,446,
s103266250,p02982,u207048881,1562549111,Java,Java8 (OpenJDK 1.8.0),java,Accepted,176,21844,893,
s876685867,p02982,u402458231,1562549110,C++,C++14 (GCC 5.4.1),cpp,Accepted,1,256,671,
s126675567,p02982,u527977536,1562549108,Python,Python (3.4.3),py,Accepted,17,3064,332,
s992423266,p02982,u512293334,1562549107,Python,Python (3.4.3),py,Accepted,18,3064,327,
s834653384,p02982,u504669764,1562549106,Go,Go (1.6),go,Accepted,1,640,2625,
s522609071,p02982,u732061897,1562549105,Python,Python (3.4.3),py,Accepted,17,3060,409,
s682399037,p02982,u650918644,1562549104,C++,C++14 (GCC 5.4.1),cpp,Accepted,1,256,615,
s210832814,p02982,u297367372,1562549104,C++,C++14 (GCC 5.4.1),cpp,Accepted,1,256,769,
s330559040,p02982,u147571984,1562549103,C++,C++14 (GCC 5.4.1),cpp,Accepted,1,256,597,
s362219280,p02982,u219503971,1562549102,Python,Python (3.4.3),py,Wrong Answer,18,3064,286,
s456140856,p02982,u143818842,1562549101,C++,C++14 (GCC 5.4.1),cpp,Accepted,1,256,557,
s060569468,p02982,u118211443,1562549100,Python,Python (3.4.3),py,Wrong Answer,18,3064,680,
s081915100,p02982,u557138271,1562549099,C++,C++14 (GCC 5.4.1),cpp,Accepted,1,256,1004,
s834368376,p02982,u397070717,1562549098,C++,C++14 (GCC 5.4.1),cpp,Accepted,1,256,1189,
s052182086,p02982,u356726575,1562549097,Java,Java8 (OpenJDK 1.8.0),java,Accepted,132,23252,918,
s130850032,p02982,u541032448,1562549097,Ruby,Ruby (2.3.3),rb,Accepted,7,1788,309,
s660199487,p02982,u704064492,1562549094,C++,C++14 (GCC 5.4.1),cpp,Wrong Answer,1,256,551,
s835656012,p02982,u009183599,1562549092,Java,Java8 (OpenJDK 1.8.0),java,Accepted,110,22356,1107,
s564937862,p02982,u503022110,1562549091,C++,C++14 (GCC 5.4.1),cpp,Accepted,2,512,996,
s796943787,p02982,u858107870,1562549091,C++,C++14 (GCC 5.4.1),cpp,Accepted,1,256,1651,
s247383052,p02982,u918845030,1562549090,Python,Python (3.4.3),py,Accepted,17,3064,775,
s717826874,p02982,u587721314,1562549090,Java,Java8 (OpenJDK 1.8.0),java,Accepted,116,23892,722,
s008495692,p02982,u704001626,1562549089,Python,Python (3.4.3),py,Accepted,56,5332,395,
s737853473,p02982,u911150465,1562549089,C++,C++14 (GCC 5.4.1),cpp,Wrong Answer,1,256,569,
s070971621,p02982,u550538710,1562549085,C++,C++14 (GCC 5.4.1),cpp,Accepted,1,256,405,
s134961632,p02982,u109925697,1562549084,PHP,PHP7 (7.0.15),php,Wrong Answer,11,4728,525,
s948422987,p02982,u535297532,1562549084,C++,C++14 (GCC 5.4.1),cpp,Accepted,1,256,637,
s907977335,p02982,u672475305,1562549084,Python,Python (3.4.3),py,Accepted,17,3060,350,
s506500383,p02982,u837383145,1562549082,Python,PyPy3 (2.4.0),py,Wrong Answer,175,38384,322,
s226616270,p02982,u393086221,1562549082,C++,C++14 (GCC 5.4.1),cpp,Accepted,1,256,1113,
s411804083,p02982,u463228978,1562549081,Python,PyPy3 (2.4.0),py,Wrong Answer,170,38384,473,
s209659027,p02982,u309703079,1562549081,C#,C# (Mono 4.6.2.0),cs,Accepted,21,11092,1027,
s632979861,p02982,u329400445,1562549081,Python,Python (3.4.3),py,Runtime Error,214,12916,688,
s946620724,p02982,u998251394,1562549080,C++,C++14 (GCC 5.4.1),cpp,Accepted,1,256,801,
s902439587,p02982,u638714542,1562549079,Python,Python (3.4.3),py,Accepted,149,12424,269,
s542058819,p02982,u018586085,1562549078,C++,C++14 (GCC 5.4.1),cpp,Accepted,1,256,720,
s064426193,p02982,u020161676,1562549078,JavaScript,JavaScript (node.js v5.12),js,Wrong Answer,242,21192,676,
s290649671,p02982,u114412102,1562549078,C#,C# (Mono 4.6.2.0),cs,Accepted,32,13652,27595,
s629727841,p02982,u614734359,1562549076,Python,Python (3.4.3),py,Accepted,18,3064,398,
s460991800,p02982,u513844316,1562549075,Python,Python (3.4.3),py,Accepted,18,3064,324,
s988295999,p02982,u989110852,1562549073,C++,C++14 (GCC 5.4.1),cpp,Accepted,1,256,718,
s069649593,p02982,u505450128,1562549073,Rust,Rust (1.15.1),rs,Accepted,2,4352,1314,
s973359980,p02982,u955493506,1562549072,C++,C++14 (GCC 5.4.1),cpp,Accepted,1,256,657,
s297037250,p02982,u681090440,1562549072,C,C (GCC 5.4.1),c,Compile Error,,,664,
s241224818,p02982,u890169362,1562549072,C++,C++14 (GCC 5.4.1),cpp,Compile Error,,,733,
s034162724,p02982,u243196226,1562549071,C++,C++14 (GCC 5.4.1),cpp,Accepted,1,256,909,
s700445268,p02982,u573154728,1562549070,Perl,Perl (v5.18.2),pl,Wrong Answer,5,768,221,
s252319641,p02982,u635358463,1562549070,C++,C++14 (GCC 5.4.1),cpp,Accepted,1,256,605,
s359522411,p02982,u853360161,1562549070,C++,C++14 (GCC 5.4.1),cpp,Accepted,1,256,950,
s930544695,p02982,u496212176,1562549068,Java,Java8 (OpenJDK 1.8.0),java,Accepted,107,21972,1062,
s537150731,p02982,u068112689,1562549068,Python,Python (3.4.3),py,Accepted,149,12428,369,
s649588207,p02982,u907059006,1562549066,C#,C# (Mono 4.6.2.0),cs,Accepted,24,11220,1257,
s561895081,p02982,u430494842,1562549066,C++,C++14 (GCC 5.4.1),cpp,Accepted,2,256,2400,
s996858382,p02982,u745901211,1562549065,C++,C++14 (GCC 5.4.1),cpp,Accepted,1,256,911,
s181135351,p02982,u187516587,1562549065,Python,Python (3.4.3),py,Accepted,18,3064,322,
s135769709,p02982,u457499130,1562549065,Ruby,Ruby (2.3.3),rb,Accepted,25,3196,322,
s765675333,p02982,u752980640,1562549063,C++,C++14 (Clang 3.8.0),cpp,Wrong Answer,1,256,1893,
s013488843,p02982,u408053343,1562549063,C++,C++14 (GCC 5.4.1),cpp,Accepted,1,256,736,
s300372000,p02982,u340792767,1562549062,Python,Python (3.4.3),py,Runtime Error,17,2940,504,
s952883021,p02982,u730594702,1562549061,C++,C++14 (GCC 5.4.1),cpp,Accepted,1,256,571,
s819786025,p02982,u246975555,1562549060,Python,Python (3.4.3),py,Runtime Error,18,3064,433,
s621724525,p02982,u779073299,1562549059,Python,Python (3.4.3),py,Accepted,148,12504,290,
s932294762,p02982,u298945776,1562549058,Python,Python (3.4.3),py,Accepted,17,3064,353,
s965982466,p02982,u067866475,1562549058,C++,C++14 (GCC 5.4.1),cpp,Accepted,1,256,804,
s840913010,p02982,u826322976,1562549058,Python,Python (3.4.3),py,Accepted,18,3064,443,
s318080778,p02982,u822169805,1562549058,C++,C++14 (GCC 5.4.1),cpp,Accepted,1,256,650,
s958401430,p02982,u465512973,1562549057,C++,C++14 (GCC 5.4.1),cpp,Accepted,1,256,1064,
s670909871,p02982,u730298763,1562549056,C++,C++14 (GCC 5.4.1),cpp,Accepted,1,256,572,
s747591650,p02982,u063404629,1562549056,C++,C++14 (GCC 5.4.1),cpp,Wrong Answer,1,256,1188,
s621566184,p02982,u953268227,1562549055,C++,C++14 (GCC 5.4.1),cpp,Accepted,1,256,610,
s751296980,p02982,u236540805,1562549054,C++,C++14 (GCC 5.4.1),cpp,Accepted,3,512,642,
s623245408,p02982,u845434829,1562549053,Java,Java8 (OpenJDK 1.8.0),java,Accepted,72,21204,1155,
s214272681,p02982,u699193595,1562549053,C++,C++14 (GCC 5.4.1),cpp,Accepted,1,256,731,
s094992430,p02982,u578276786,1562549052,C++,C++14 (GCC 5.4.1),cpp,Accepted,1,256,801,
s715383736,p02982,u651597583,1562549052,Go,Go (1.6),go,Accepted,1,640,890,
s403794545,p02982,u846084461,1562549051,PHP,PHP7 (7.0.15),php,Wrong Answer,11,4728,490,
s144804020,p02982,u286941902,1562549051,Swift,Swift (swift-2.2-RELEASE),swift,Accepted,44,4592,2829,
s377763114,p02982,u175942555,1562549050,C++,C++14 (GCC 5.4.1),cpp,Wrong Answer,1,256,607,
s179119391,p02982,u818818531,1562549049,C,C (GCC 5.4.1),c,Accepted,1,128,587,
s009102227,p02982,u533232830,1562549048,Python,Python (3.4.3),py,Accepted,18,3064,391,
s987472831,p02982,u992675902,1562549045,Java,Java8 (OpenJDK 1.8.0),java,Accepted,72,23380,2472,
s316607837,p02982,u911150465,1562549044,C++,C++14 (GCC 5.4.1),cpp,Wrong Answer,1,256,568,
s930337922,p02982,u167307651,1562549043,Python,Python (3.4.3),py,Accepted,148,12392,334,
s382192854,p02982,u879434320,1562549042,C++,C++14 (GCC 5.4.1),cpp,Accepted,1,384,657,
s157327993,p02982,u731346939,1562549041,Java,Java8 (OpenJDK 1.8.0),java,Accepted,218,27092,1095,
s261383127,p02982,u217010036,1562549040,Scala,Scala (2.11.7),scala,Accepted,328,25548,456,
s771820339,p02982,u021019433,1562549039,Python,Python (3.4.3),py,Accepted,17,2940,249,
s377338849,p02982,u817334641,1562549039,C++,C++14 (GCC 5.4.1),cpp,Accepted,1,256,635,
s927036363,p02982,u245366924,1562549038,C++,C++14 (GCC 5.4.1),cpp,Accepted,1,256,2158,
s831962604,p02982,u869595612,1562549038,Python,Python (3.4.3),py,Accepted,26,3952,509,
s486751410,p02982,u535107169,1562549038,C++,C++14 (Clang 3.8.0),cpp,Accepted,7,888,1994,
s174012358,p02982,u625092455,1562549037,C++,C++14 (Clang 3.8.0),cpp,Runtime Error,137,888,3910,
s278105007,p02982,u821432765,1562549035,Python,Python (3.4.3),py,Accepted,149,12424,312,
s566549058,p02982,u299028000,1562549034,C++,C++14 (GCC 5.4.1),cpp,Accepted,1,256,628,
s342361425,p02982,u062459048,1562549033,Python,Python (3.4.3),py,Accepted,24,3064,287,
s748489977,p02982,u416095653,1562549032,C#,C# (Mono 4.6.2.0),cs,Accepted,22,11092,1013,
s604090896,p02982,u036604649,1562549031,C++,C++14 (GCC 5.4.1),cpp,Accepted,1,256,694,
s838622596,p02982,u577579003,1562549031,Python,Python (3.4.3),py,Accepted,17,3064,395,
s669025369,p02982,u096102452,1562549031,C++,C++14 (GCC 5.4.1),cpp,Accepted,1,256,630,
s185123861,p02982,u954456431,1562549031,C++,C++14 (GCC 5.4.1),cpp,Accepted,1,256,4562,
s627810367,p02982,u641922479,1562549030,C++,C++14 (GCC 5.4.1),cpp,Accepted,1,256,812,
s226076820,p02982,u485837651,1562549030,C++,C++14 (GCC 5.4.1),cpp,Accepted,1,256,638,
s273015493,p02982,u322999410,1562549029,Python,Python (3.4.3),py,Accepted,17,3064,419,
s851821731,p02982,u879870653,1562549029,Python,Python (3.4.3),py,Accepted,17,3060,334,
s526553590,p02982,u002428461,1562549028,C++,C++14 (GCC 5.4.1),cpp,Accepted,3,384,673,
s760988009,p02982,u087672117,1562549027,Java,Java8 (OpenJDK 1.8.0),java,Accepted,101,23892,921,
s229287578,p02982,u026424523,1562549026,C++,C++14 (GCC 5.4.1),cpp,Wrong Answer,1,256,601,
s436462339,p02982,u507706381,1562549025,Java,Java8 (OpenJDK 1.8.0),java,Wrong Answer,105,21716,947,
s539817384,p02982,u489559146,1562549024,Python,Python (3.4.3),py,Accepted,149,13056,397,
s976680096,p02982,u957338785,1562549024,Python,Python (3.4.3),py,Wrong Answer,149,12468,482,
s141689756,p02982,u680087927,1562549024,C++,C++14 (GCC 5.4.1),cpp,Accepted,1,256,510,
s263465282,p02982,u665335685,1562549024,Python,Python (3.4.3),py,Accepted,17,3064,350,
s295663058,p02982,u303884911,1562549023,C++,C++14 (GCC 5.4.1),cpp,Accepted,1,256,518,
s955917543,p02982,u187430339,1562549023,Go,Go (1.6),go,Accepted,1,640,1574,
s822239662,p02982,u209767598,1562549022,C++,C++14 (GCC 5.4.1),cpp,Accepted,1,256,617,
s574279916,p02982,u085230936,1562549021,C++,C++14 (GCC 5.4.1),cpp,Accepted,1,256,566,
s165077880,p02982,u641460756,1562549021,Python,Python (3.4.3),py,Accepted,18,3064,427,
s829776157,p02982,u033801136,1562549020,C++,C++14 (Clang 3.8.0),cpp,Accepted,7,888,803,
s683500179,p02982,u979163294,1562549019,C++,C++14 (GCC 5.4.1),cpp,Accepted,1,256,558,
s071925540,p02982,u220212997,1562549019,C++,C++14 (GCC 5.4.1),cpp,Runtime Error,124,256,756,
s507984730,p02982,u555865264,1562549019,C++,C++14 (GCC 5.4.1),cpp,Accepted,2,256,1250,
s204055449,p02982,u409579817,1562549018,C++,C++14 (GCC 5.4.1),cpp,Wrong Answer,1,256,599,
s560154301,p02982,u928784113,1562549016,Python,Python (3.4.3),py,Accepted,149,12428,384,
s431944956,p02982,u130659356,1562549015,Python,Python (3.4.3),py,Accepted,41,5432,885,
s287333277,p02982,u719534263,1562549015,Python,Python (3.4.3),py,Accepted,18,3064,604,
s420200898,p02982,u111160776,1562549015,C#,C# (Mono 4.6.2.0),cs,Accepted,25,13396,3023,
s107774523,p02982,u568353080,1562549013,C++,C++14 (GCC 5.4.1),cpp,Accepted,1,256,1085,
s668081661,p02982,u774910314,1562549012,C++,C++14 (GCC 5.4.1),cpp,Accepted,3,640,661,
s156956123,p02982,u242518667,1562549011,Python,Python (3.4.3),py,Accepted,149,12484,442,
s332268037,p02982,u436887866,1562549011,Python,Python (3.4.3),py,Accepted,149,12492,637,
s071588165,p02982,u526894223,1562549011,C++,C++14 (GCC 5.4.1),cpp,Accepted,1,256,603,
s555220344,p02982,u589578850,1562549010,Python,Python (3.4.3),py,Accepted,17,3188,436,
s690672535,p02982,u488963488,1562549010,C++,C++14 (GCC 5.4.1),cpp,Accepted,1,256,893,
s563622227,p02982,u040016087,1562549008,Python,Python (3.4.3),py,Accepted,18,3064,395,
s505649077,p02982,u362094329,1562549007,C#,C# (Mono 4.6.2.0),cs,Accepted,22,13268,3710,
s814642504,p02982,u563252794,1562549007,C++,C++14 (GCC 5.4.1),cpp,Wrong Answer,1,256,502,
s590647911,p02982,u967594789,1562549007,Python,Python (3.4.3),py,Accepted,18,3064,566,
s293428896,p02982,u121485613,1562549007,Java,Java8 (OpenJDK 1.8.0),java,Accepted,70,21460,1046,
s292901165,p02982,u197230780,1562549006,Go,Go (1.6),go,Accepted,1,640,806,
s193743120,p02982,u546853743,1562549005,C,C (GCC 5.4.1),c,Wrong Answer,2103,1920,160,
s729172571,p02982,u076170062,1562549005,Python,Python (3.4.3),py,Accepted,151,12432,575,
s404932355,p02982,u884910741,1562549004,C++,C++14 (GCC 5.4.1),cpp,Accepted,1,256,524,
s016190975,p02982,u376603629,1562549003,C++,C++14 (GCC 5.4.1),cpp,Accepted,1,256,409,
s888551865,p02982,u502813058,1562549003,Ruby,Ruby (2.3.3),rb,Accepted,7,1788,412,
s802610802,p02982,u554106628,1562549002,C++,C++14 (GCC 5.4.1),cpp,Wrong Answer,1,256,894,
s180783649,p02982,u226709380,1562549001,C++,C++14 (GCC 5.4.1),cpp,Wrong Answer,1,256,412,
s588275314,p02982,u537962130,1562549001,Python,PyPy3 (2.4.0),py,Accepted,166,38256,372,
s653400041,p02982,u444197237,1562549000,C#,C# (Mono 4.6.2.0),cs,Accepted,23,13268,2075,
s748157048,p02982,u922018373,1562548998,C++,C++14 (GCC 5.4.1),cpp,Accepted,1,256,1493,
s823654351,p02982,u672402312,1562548998,Java,Java8 (OpenJDK 1.8.0),java,Accepted,108,22996,895,
s073270677,p02982,u148378522,1562548998,Python,Python (3.4.3),py,Accepted,18,3060,318,
s959336781,p02982,u887207211,1562548998,Python,Python (3.4.3),py,Accepted,17,3064,278,
s001192541,p02982,u640255289,1562548996,C++,C++14 (GCC 5.4.1),cpp,Accepted,1,256,707,
s330482732,p02982,u637646387,1562548995,JavaScript,JavaScript (node.js v5.12),js,Accepted,55,7500,779,
s305751701,p02982,u009579822,1562548995,C++,C++14 (GCC 5.4.1),cpp,Accepted,1,256,787,
s490465786,p02982,u602591412,1562548995,Ruby,Ruby (2.3.3),rb,Accepted,19,3836,301,
s658351626,p02982,u710515311,1562548994,Java,Java8 (OpenJDK 1.8.0),java,Accepted,83,22484,1253,
s604314768,p02982,u130492706,1562548992,Python,Python (3.4.3),py,Accepted,17,3188,525,
s879149162,p02982,u998880072,1562548992,Python,Python (3.4.3),py,Accepted,149,12408,404,
s864241677,p02982,u052453171,1562548991,C++,C++14 (GCC 5.4.1),cpp,Accepted,1,256,719,
s712073690,p02982,u513290715,1562548990,C++,C++14 (GCC 5.4.1),cpp,Wrong Answer,1,256,2062,
s264675215,p02982,u363207161,1562548986,Python,Python (3.4.3),py,Accepted,17,3064,417,
s175344498,p02982,u940449872,1562548986,Python,Python (3.4.3),py,Accepted,148,12424,366,
s953978389,p02982,u549475902,1562548986,C++,C++14 (GCC 5.4.1),cpp,Wrong Answer,1,256,540,
s056759301,p02982,u494871759,1562548986,Python,Python (3.4.3),py,Accepted,17,3064,492,
s038168161,p02982,u521197112,1562548985,Ruby,Ruby (2.3.3),rb,Accepted,7,1788,387,
s282453700,p02982,u666652009,1562548983,C++,C++14 (GCC 5.4.1),cpp,Accepted,1,256,463,
s889878025,p02982,u341846697,1562548983,C++,C++14 (GCC 5.4.1),cpp,Wrong Answer,1,256,834,
s723182036,p02982,u709108999,1562548982,JavaScript,JavaScript (node.js v5.12),js,Runtime Error,202,20936,737,
s132158382,p02982,u805668940,1562548982,C++,C++14 (GCC 5.4.1),cpp,Accepted,1,128,814,
s740502780,p02982,u734876600,1562548981,Python,Python (3.4.3),py,Wrong Answer,38,3064,415,
s682716490,p02982,u570257051,1562548981,Python,Python (3.4.3),py,Accepted,17,3064,350,
s165342112,p02982,u860597287,1562548980,C++,C++14 (GCC 5.4.1),cpp,Accepted,1,256,939,
s433037985,p02982,u937247236,1562548979,C#,C# (Mono 4.6.2.0),cs,Accepted,25,13396,18800,
s023845372,p02982,u550995059,1562548979,C++,C++14 (GCC 5.4.1),cpp,Accepted,3,256,1528,
s754312316,p02982,u366398972,1562548979,C++,C++14 (GCC 5.4.1),cpp,Accepted,1,256,613,
s563485876,p02982,u660351670,1562548977,C++,C++14 (GCC 5.4.1),cpp,Accepted,1,256,450,
s381678748,p02982,u824958582,1562548973,Python,Python (3.4.3),py,Accepted,22,3064,445,
s465605319,p02982,u712259491,1562548972,C++,C++14 (GCC 5.4.1),cpp,Wrong Answer,1,256,994,
s343941787,p02982,u423779789,1562548972,C++,C++14 (GCC 5.4.1),cpp,Accepted,1,256,1448,
s976505134,p02982,u209861285,1562548971,C++,C++14 (Clang 3.8.0),cpp,Accepted,1,256,519,
s640724695,p02982,u713023102,1562548969,Python,Python (2.7.6),py,Accepted,11,2696,651,
s974094678,p02982,u333404917,1562548969,Python,Python (3.4.3),py,Accepted,18,3064,369,
s675685508,p02982,u832152513,1562548968,Python,Python (3.4.3),py,Accepted,17,3064,352,
s108174058,p02982,u393086221,1562548968,C++,C++14 (GCC 5.4.1),cpp,Wrong Answer,1,256,1112,
s050159918,p02982,u961555816,1562548968,C++,C++14 (Clang 3.8.0),cpp,Accepted,6,888,592,
s898100191,p02982,u847241179,1562548968,Java,Java8 (OpenJDK 1.8.0),java,Accepted,101,21460,714,
s417823731,p02982,u511379665,1562548967,C++,C++14 (GCC 5.4.1),cpp,Wrong Answer,1,256,2080,
s606203724,p02982,u002428461,1562548964,C++,C++14 (GCC 5.4.1),cpp,Wrong Answer,1,256,670,
s055638830,p02982,u924594299,1562548964,Python,Python (3.4.3),py,Accepted,18,3064,431,
s140136253,p02982,u126404727,1562548964,Java,Java8 (OpenJDK 1.8.0),java,Runtime Error,106,23892,669,
s225975051,p02982,u045811375,1562548963,C++,C++14 (GCC 5.4.1),cpp,Accepted,1,256,507,
s628815373,p02982,u988076584,1562548963,C++,C++14 (GCC 5.4.1),cpp,Accepted,1,256,648,
s123185488,p02982,u546853743,1562548963,C,C (GCC 5.4.1),c,Compile Error,,,158,
s620796072,p02982,u086485448,1562548962,C++,C++14 (GCC 5.4.1),cpp,Accepted,1,256,398,
s208828794,p02982,u008229752,1562548962,C++,C++14 (Clang 3.8.0),cpp,Accepted,7,888,802,
s711259814,p02982,u287060310,1562548962,C++,C++14 (GCC 5.4.1),cpp,Accepted,1,256,773,
s158551914,p02982,u862930387,1562548961,Java,Java8 (OpenJDK 1.8.0),java,Accepted,114,21972,1030,
s849462986,p02982,u857510905,1562548961,Ruby,Ruby (2.3.3),rb,Accepted,7,1788,345,
s226145825,p02982,u063404629,1562548961,C++,C++14 (GCC 5.4.1),cpp,Wrong Answer,2,384,1312,
s797573077,p02982,u116518875,1562548961,C++,C++14 (GCC 5.4.1),cpp,Accepted,1,256,1237,
s923376187,p02982,u623659526,1562548961,Python,Python (3.4.3),py,Accepted,148,12432,514,
s681261328,p02982,u230416699,1562548960,Python,Python (3.4.3),py,Accepted,149,12432,277,
s672380530,p02982,u345136423,1562548960,Python,Python (3.4.3),py,Runtime Error,17,3064,326,
s493431431,p02982,u537538698,1562548959,C++,C++14 (GCC 5.4.1),cpp,Accepted,1,256,758,
s463968251,p02982,u761000575,1562548959,Python,Python (3.4.3),py,Accepted,288,21204,386,
s954648677,p02982,u479918572,1562548957,Python,PyPy3 (2.4.0),py,Runtime Error,176,38384,313,
s912614082,p02982,u241908712,1562548957,C++,C++14 (GCC 5.4.1),cpp,Accepted,1,256,802,
s929056508,p02982,u555865264,1562548956,C++,C++14 (GCC 5.4.1),cpp,Compile Error,,,2705,
s782836691,p02982,u021083776,1562548956,C++,C++14 (GCC 5.4.1),cpp,Accepted,1,384,663,
s796635753,p02982,u013373291,1562548956,C++,C++14 (GCC 5.4.1),cpp,Accepted,1,256,929,
s678277627,p02982,u813953440,1562548956,Python,Python (3.4.3),py,Accepted,149,14520,310,
s589918628,p02982,u675509234,1562548955,C++,C++14 (GCC 5.4.1),cpp,Compile Error,,,571,
s514053696,p02982,u348051505,1562548954,C#,C# (Mono 4.6.2.0),cs,Accepted,22,13140,3323,
s636388831,p02982,u265392294,1562548953,C++,C++14 (GCC 5.4.1),cpp,Accepted,1,256,415,
s021955008,p02982,u600195339,1562548953,Python,PyPy3 (2.4.0),py,Accepted,166,38384,499,
s769159114,p02982,u177756077,1562548952,Python,Python (3.4.3),py,Accepted,20,3064,368,
s231263674,p02982,u517152997,1562548951,Python,Python (3.4.3),py,Wrong Answer,148,12512,625,
s317088022,p02982,u722397179,1562548951,C++,C++14 (GCC 5.4.1),cpp,Accepted,2,256,742,
s549708835,p02982,u979640637,1562548951,C#,C# (Mono 4.6.2.0),cs,Wrong Answer,25,11348,2454,
s802696802,p02982,u888965338,1562548950,Python,Python (3.4.3),py,Accepted,17,3064,428,
s479282625,p02982,u193927973,1562548950,Python,Python (3.4.3),py,Accepted,18,3064,360,
s253715831,p02982,u340792767,1562548950,Python,Python (3.4.3),py,Runtime Error,18,3064,473,
s012940493,p02982,u870092796,1562548949,C++,C++14 (GCC 5.4.1),cpp,Accepted,1,256,748,
s830777915,p02982,u938270657,1562548949,Ruby,Ruby (2.3.3),rb,Accepted,7,1788,305,
s837612453,p02982,u983836993,1562548948,Ruby,Ruby (2.3.3),rb,Accepted,8,1788,415,
s815251418,p02982,u123135189,1562548948,Rust,Rust (1.15.1),rs,Accepted,2,4352,2945,
s805181857,p02982,u556276145,1562548947,C++,C++14 (GCC 5.4.1),cpp,Accepted,1,256,1032,
s533266901,p02982,u951403082,1562548947,C++,C++14 (GCC 5.4.1),cpp,Accepted,1,256,826,
s395385910,p02982,u185518252,1562548947,C++,C++14 (GCC 5.4.1),cpp,Accepted,1,256,1227,
s717073623,p02982,u960387251,1562548946,Python,Python (3.4.3),py,Accepted,150,12472,295,
s820426392,p02982,u433175605,1562548946,Python,Python (3.4.3),py,Accepted,17,3064,372,
s749237812,p02982,u409579817,1562548945,C++,C++14 (GCC 5.4.1),cpp,Wrong Answer,1,256,587,
s771795890,p02982,u139614630,1562548945,Python,Python (3.4.3),py,Accepted,18,3064,587,
s759706795,p02982,u360441331,1562548944,C++,C++14 (GCC 5.4.1),cpp,Accepted,1,256,663,
s104563409,p02982,u041783158,1562548942,Python,Python (3.4.3),py,Accepted,17,3064,386,
s512573683,p02982,u243196226,1562548940,C++,C++14 (GCC 5.4.1),cpp,Wrong Answer,1,256,909,
s568668784,p02982,u993229809,1562548939,C++,C++14 (GCC 5.4.1),cpp,Accepted,1,256,568,
s009232664,p02982,u097182283,1562548939,C,C (GCC 5.4.1),c,Accepted,1,128,429,
s482022035,p02982,u242031676,1562548939,Python,Python (3.4.3),py,Accepted,17,3188,267,
s769584084,p02982,u811612390,1562548939,C,C (GCC 5.4.1),c,Wrong Answer,1,128,538,
s019056531,p02982,u048791623,1562548939,C++,C++14 (GCC 5.4.1),cpp,Accepted,1,256,975,
s805790991,p02982,u918845030,1562548938,Python,Python (3.4.3),py,Runtime Error,17,3064,762,
s541064019,p02982,u982755883,1562548938,C++,C++14 (GCC 5.4.1),cpp,Wrong Answer,1,256,554,
s015718716,p02982,u568715100,1562548938,C++,C++14 (GCC 5.4.1),cpp,Accepted,1,256,447,
s178735332,p02982,u382431597,1562548937,Python,Python (3.4.3),py,Accepted,17,3064,692,
s604185873,p02982,u666150393,1562548936,C++,C++14 (GCC 5.4.1),cpp,Accepted,1,256,863,
s923680262,p02982,u688762199,1562548935,Python,Python (3.4.3),py,Accepted,153,12424,448,
s738389375,p02982,u448290027,1562548935,C++,C++14 (GCC 5.4.1),cpp,Accepted,1,256,2811,
s377838278,p02982,u124077807,1562548935,Python,Python (3.4.3),py,Accepted,18,3064,403,
s383770595,p02982,u928784113,1562548934,Python,Python (3.4.3),py,Wrong Answer,297,21440,383,
s886416323,p02982,u439303935,1562548934,C++,C++14 (GCC 5.4.1),cpp,Accepted,1,256,829,
s532305236,p02982,u876386943,1562548934,C++,C++14 (GCC 5.4.1),cpp,Accepted,1,256,604,
s588361840,p02982,u792843593,1562548933,Python,Python (3.4.3),py,Accepted,17,3064,323,
s660436315,p02982,u671252250,1562548932,Python,Python (3.4.3),py,Accepted,17,3064,394,
s791823118,p02982,u874996917,1562548931,C++,C++14 (GCC 5.4.1),cpp,Wrong Answer,1,256,2447,
s678808395,p02982,u407502234,1562548931,C++,C++14 (GCC 5.4.1),cpp,Accepted,1,256,843,
s885506223,p02982,u788544244,1562548931,C++,C++14 (GCC 5.4.1),cpp,Accepted,2,256,522,
s288814828,p02982,u356069145,1562548931,C++,C++14 (GCC 5.4.1),cpp,Accepted,1,256,1002,
s313861214,p02982,u311671153,1562548931,C++,C++14 (GCC 5.4.1),cpp,Accepted,1,256,1523,
s478500093,p02982,u436887866,1562548931,Python,Python (3.4.3),py,Runtime Error,18,3064,638,
s883470474,p02982,u548163222,1562548930,C++,C++14 (GCC 5.4.1),cpp,Accepted,1,256,467,
s623040747,p02982,u752980640,1562548930,C++,C++14 (GCC 5.4.1),cpp,Wrong Answer,1,256,1894,
s321252520,p02982,u940688630,1562548930,C++,C++14 (GCC 5.4.1),cpp,Accepted,1,256,667,
s062938940,p02982,u933929042,1562548929,C,C (GCC 5.4.1),c,Accepted,1,128,502,
s958399049,p02982,u684901760,1562548929,C++,C++14 (GCC 5.4.1),cpp,Accepted,1,128,562,
s520040604,p02982,u206460435,1562548928,Python,Python (3.4.3),py,Accepted,36,5124,1164,
s671261473,p02982,u185966380,1562548927,Python,Python (3.4.3),py,Accepted,17,3060,262,
s112931680,p02982,u267226207,1562548927,C++,C++14 (GCC 5.4.1),cpp,Accepted,1,256,684,
s711007615,p02982,u625092455,1562548927,C++,C++14 (Clang 3.8.0),cpp,Wrong Answer,1,256,3908,
s919267526,p02982,u623601489,1562548926,Python,Python (3.4.3),py,Accepted,17,3060,312,
s132479762,p02982,u669573977,1562548924,Python,Python (3.4.3),py,Accepted,17,3188,399,
s233016390,p02982,u026537738,1562548924,Python,Python (3.4.3),py,Accepted,17,3064,398,
s273990572,p02982,u296264105,1562548924,C++,C++14 (GCC 5.4.1),cpp,Wrong Answer,1,256,696,
s410725174,p02982,u141938981,1562548923,C++,C++14 (GCC 5.4.1),cpp,Accepted,1,256,665,
s777737701,p02982,u860478135,1562548922,Python,Python (3.4.3),py,Accepted,18,3064,418,
s364963936,p02982,u352350187,1562548922,C++,C++14 (GCC 5.4.1),cpp,Accepted,1,256,1087,
s177755225,p02982,u675751622,1562548921,Java,Java8 (OpenJDK 1.8.0),java,Accepted,104,25172,915,
s012226784,p02982,u753615299,1562548921,C++,C++14 (GCC 5.4.1),cpp,Accepted,1,256,611,
s517212554,p02982,u059223549,1562548921,Kotlin,Kotlin (1.0.0),kt,Accepted,219,33632,602,
s429660880,p02982,u453235374,1562548921,C++,C++14 (GCC 5.4.1),cpp,Accepted,1,256,446,
s509587451,p02982,u707045664,1562548921,Java,Java8 (OpenJDK 1.8.0),java,Accepted,73,22100,2861,
s253465027,p02982,u850779832,1562548920,Fortran,Fortran (gfortran v4.8.4),f,Runtime Error,2103,600,303,
s226989627,p02982,u060432908,1562548918,Python,Python (3.4.3),py,Accepted,148,12500,368,
s891975246,p02982,u816307552,1562548916,C++,C++14 (GCC 5.4.1),cpp,Accepted,1,256,705,
s365687427,p02982,u105724458,1562548916,C,C (GCC 5.4.1),c,Accepted,1,128,419,
s198549080,p02982,u927525869,1562548916,C++,C++14 (GCC 5.4.1),cpp,Accepted,1,256,1076,
s857971576,p02982,u199433843,1562548915,C++,C++14 (GCC 5.4.1),cpp,Accepted,1,256,732,
s128890387,p02982,u430974466,1562548915,C++,C++14 (GCC 5.4.1),cpp,Accepted,1,256,1413,
s259657458,p02982,u653013798,1562548913,Java,Java8 (OpenJDK 1.8.0),java,Accepted,110,21716,670,
s740770098,p02982,u471375514,1562548913,Rust,Rust (1.15.1),rs,Accepted,2,4352,2035,
s011980315,p02982,u040700157,1562548913,C++,C++14 (GCC 5.4.1),cpp,Accepted,1,256,593,
s441825107,p02982,u477878685,1562548912,C++,C++14 (GCC 5.4.1),cpp,Accepted,1,256,584,
s155465402,p02982,u164300951,1562548912,C++,C++14 (GCC 5.4.1),cpp,Accepted,1,256,2373,
s352928257,p02982,u516687307,1562548912,Python,Python (3.4.3),py,Accepted,17,3064,547,
s871071731,p02982,u488074257,1562548911,C++,C++14 (GCC 5.4.1),cpp,Wrong Answer,1,256,849,
s716511307,p02982,u196798307,1562548911,C++,C++14 (GCC 5.4.1),cpp,Accepted,1,256,1211,
s596539162,p02982,u154695370,1562548910,C,C (GCC 5.4.1),c,Accepted,1,256,620,
s372905244,p02982,u317018965,1562548909,Python,Python (3.4.3),py,Accepted,17,3064,309,
s092152025,p02982,u728566015,1562548908,Python,Python (3.4.3),py,Accepted,17,3064,330,
s210285417,p02982,u075628913,1562548907,Python,Python (3.4.3),py,Accepted,17,3064,409,
s719546482,p02982,u783428243,1562548907,C++,C++14 (GCC 5.4.1),cpp,Accepted,1,256,727,
s177916589,p02982,u841641310,1562548907,C++,C++14 (GCC 5.4.1),cpp,Accepted,1,256,627,
s537686140,p02982,u583240478,1562548906,C++,C++14 (GCC 5.4.1),cpp,Accepted,1,256,743,
s310029439,p02982,u913395020,1562548906,Python,Python (3.4.3),py,Wrong Answer,18,3064,445,
s397506726,p02982,u205309198,1562548905,C++,C++14 (GCC 5.4.1),cpp,Accepted,1,256,2170,
s992356772,p02982,u506086925,1562548905,Python,Python (3.4.3),py,Accepted,340,21420,373,
s371951222,p02982,u612175324,1562548903,C++,C++14 (GCC 5.4.1),cpp,Accepted,1,256,446,
s340300218,p02982,u116774833,1562548902,C++,C++14 (GCC 5.4.1),cpp,Accepted,1,256,758,
s977598689,p02982,u807028974,1562548901,Python,Python (3.4.3),py,Accepted,18,3064,705,
s183068902,p02982,u693933222,1562548901,Python,Python (3.4.3),py,Accepted,18,3064,448,
s142085551,p02982,u213908267,1562548901,C,C (Clang 3.8.0),c,Accepted,1,128,735,
s239970043,p02982,u373586461,1562548901,C++,C++14 (Clang 3.8.0),cpp,Accepted,2,384,1613,
s737013954,p02982,u299377613,1562548900,C++,C++14 (GCC 5.4.1),cpp,Accepted,1,256,1580,
s919413185,p02982,u639426108,1562548899,C++,C++14 (GCC 5.4.1),cpp,Wrong Answer,1,256,714,
s804330564,p02982,u286223754,1562548898,C++,C++14 (GCC 5.4.1),cpp,Accepted,1,256,712,
s570166424,p02982,u805668940,1562548897,C++,C++14 (GCC 5.4.1),cpp,Compile Error,,,798,
s429210335,p02982,u943726499,1562548897,Kotlin,Kotlin (1.0.0),kt,Accepted,240,37892,689,
s349373644,p02982,u631706425,1562548897,Python,Python (3.4.3),py,Accepted,21,3316,579,
s745020103,p02982,u793801197,1562548896,Ruby,Ruby (2.3.3),rb,Wrong Answer,7,1788,262,
s869432824,p02982,u455472057,1562548896,C++,C++14 (GCC 5.4.1),cpp,Accepted,1,256,660,
s550137246,p02982,u558182684,1562548896,Python,Python (3.4.3),py,Accepted,303,21432,236,
s853142520,p02982,u379959788,1562548896,Python,Python (3.4.3),py,Accepted,17,3064,504,
s252262135,p02982,u764956288,1562548895,Python,Python (3.4.3),py,Accepted,150,12408,357,
s375075570,p02982,u312059391,1562548895,C++,C++14 (GCC 5.4.1),cpp,Accepted,1,256,463,
s244544575,p02982,u784751818,1562548894,C++,C++14 (GCC 5.4.1),cpp,Accepted,1,256,742,
s853971367,p02982,u683667335,1562548894,C++,C++14 (GCC 5.4.1),cpp,Accepted,1,256,730,
s017315153,p02982,u076566148,1562548894,C++,C++14 (GCC 5.4.1),cpp,Accepted,1,384,670,
s284067534,p02982,u525090128,1562548893,Python,Python (3.4.3),py,Accepted,18,3064,525,
s018891893,p02982,u220212997,1562548893,C++,C++14 (GCC 5.4.1),cpp,Runtime Error,125,256,816,
s971945907,p02982,u471144507,1562548893,C++,C++14 (GCC 5.4.1),cpp,Accepted,1,256,693,
s813575995,p02982,u542670845,1562548893,C++,C++14 (GCC 5.4.1),cpp,Accepted,1,256,677,
s618178849,p02982,u825842302,1562548892,Python,Python (3.4.3),py,Accepted,17,3064,482,
s383930536,p02982,u491404948,1562548891,C++,C++14 (GCC 5.4.1),cpp,Accepted,1,256,398,
s265583665,p02982,u656026366,1562548891,C++,C++14 (GCC 5.4.1),cpp,Accepted,1,256,802,
s395090854,p02982,u937132382,1562548891,Python,Python (3.4.3),py,Accepted,17,3064,348,
s350019494,p02982,u415276878,1562548890,C++,C++14 (GCC 5.4.1),cpp,Accepted,1,256,625,
s392830002,p02982,u656917242,1562548890,Python,Python (3.4.3),py,Accepted,18,3064,291,
s975369463,p02982,u741495664,1562548889,Python,Python (3.4.3),py,Accepted,18,3064,321,
s015818411,p02982,u924339359,1562548888,C++,C++14 (GCC 5.4.1),cpp,Accepted,1,640,1829,
s186415185,p02982,u197038614,1562548887,Python,Python (3.4.3),py,Accepted,18,3064,429,
s120676089,p02982,u554906051,1562548885,C++,C++14 (GCC 5.4.1),cpp,Accepted,1,256,463,
s977467945,p02982,u393086221,1562548885,C++,C++14 (GCC 5.4.1),cpp,Wrong Answer,1,256,1112,
s637985281,p02982,u436887866,1562548885,Python,Python (3.4.3),py,Runtime Error,17,3064,639,
s097370114,p02982,u982755883,1562548885,C++,C++14 (GCC 5.4.1),cpp,Wrong Answer,1,256,555,
s865090545,p02982,u626468554,1562548885,Python,Python (3.4.3),py,Accepted,17,3064,438,
s200300166,p02982,u127030911,1562548883,Java,Java8 (OpenJDK 1.8.0),java,Accepted,114,21716,839,
s586168389,p02982,u468482169,1562548883,Go,Go (1.6),go,Accepted,1,640,933,
s908902239,p02982,u977554186,1562548882,C++,C++14 (GCC 5.4.1),cpp,Accepted,1,256,581,
s349377911,p02982,u341309363,1562548879,C++,C++14 (GCC 5.4.1),cpp,Accepted,1,256,549,
s589213408,p02982,u560867850,1562548879,Crystal,Crystal (0.20.5),cr,Accepted,2,2556,265,
s102874865,p02982,u798944838,1562548879,C++,C++14 (GCC 5.4.1),cpp,Accepted,1,256,679,
s887787164,p02982,u699309244,1562548878,C++,C++14 (GCC 5.4.1),cpp,Accepted,1,256,779,
s485418947,p02982,u684820500,1562548878,C++,C++14 (GCC 5.4.1),cpp,Accepted,1,256,598,
s657492422,p02982,u048764593,1562548877,C++,C++14 (GCC 5.4.1),cpp,Accepted,1,256,794,
s223110112,p02982,u818286983,1562548876,C++,C++14 (GCC 5.4.1),cpp,Accepted,1,256,826,
s556946102,p02982,u433195318,1562548875,C++,C++ (GCC 5.4.1),cpp,Accepted,1,128,1242,
s419661717,p02982,u168391081,1562548875,Python,Python (3.4.3),py,Accepted,17,3064,292,
s765078680,p02982,u123756661,1562548875,Python,PyPy3 (2.4.0),py,Accepted,175,38256,294,
s041661129,p02982,u504588563,1562548875,Python,PyPy3 (2.4.0),py,Accepted,167,38384,307,
s306316026,p02982,u422029490,1562548874,C++,C++14 (GCC 5.4.1),cpp,Accepted,2,384,829,
s194850270,p02982,u026537738,1562548874,Python,Python (3.4.3),py,Wrong Answer,18,3064,396,
s379691290,p02982,u912862653,1562548872,Python,Python (3.4.3),py,Accepted,18,3064,319,
s934625730,p02982,u328131364,1562548872,Python,Python (3.4.3),py,Accepted,19,3064,378,
s609235987,p02982,u440312135,1562548872,C++,C++14 (GCC 5.4.1),cpp,Accepted,1,256,881,
s199852356,p02982,u640641692,1562548870,C++,C++14 (GCC 5.4.1),cpp,Accepted,1,256,4354,
s296732251,p02982,u822155101,1562548870,C++,C++14 (GCC 5.4.1),cpp,Accepted,1,384,1685,
s760028407,p02982,u792423109,1562548868,C++,C++14 (GCC 5.4.1),cpp,Accepted,1,256,650,
s302109469,p02982,u371409687,1562548867,Python,Python (3.4.3),py,Accepted,151,12488,338,
s050350397,p02982,u544637026,1562548867,Python,Python (3.4.3),py,Accepted,18,3064,412,
s173206548,p02982,u024416480,1562548867,C++,C++14 (GCC 5.4.1),cpp,Accepted,1,256,7629,
s374045782,p02982,u730153732,1562548865,C++,C++14 (GCC 5.4.1),cpp,Accepted,1,256,403,
s262225578,p02982,u556660175,1562548864,C++,C++14 (GCC 5.4.1),cpp,Accepted,1,256,841,
s307804872,p02982,u756514276,1562548864,C++,C++14 (GCC 5.4.1),cpp,Accepted,1,256,674,
s932906477,p02982,u510283765,1562548864,C++,C++14 (GCC 5.4.1),cpp,Accepted,1,256,1333,
s282471265,p02982,u551066908,1562548863,Python,Python (3.4.3),py,Wrong Answer,17,3064,379,
s713779625,p02982,u777394984,1562548863,Python,Python (3.4.3),py,Accepted,17,3064,308,
s316709380,p02982,u268181283,1562548862,Python,Python (3.4.3),py,Accepted,313,21552,352,
s786181650,p02982,u052476723,1562548862,C++,C++14 (GCC 5.4.1),cpp,Accepted,1,256,655,
s648373181,p02982,u542220989,1562548862,C++,C++14 (GCC 5.4.1),cpp,Accepted,1,256,644,
s716156023,p02982,u188706971,1562548861,C++,C++14 (GCC 5.4.1),cpp,Wrong Answer,1,256,833,
s530778775,p02982,u109632368,1562548861,Python,Python (3.4.3),py,Accepted,17,3064,354,
s340315722,p02982,u413019025,1562548861,Python,Python (3.4.3),py,Accepted,150,12440,556,
s747151307,p02982,u494058663,1562548860,Python,Python (3.4.3),py,Accepted,18,3064,356,
s644791950,p02982,u749681769,1562548860,C++,C++14 (GCC 5.4.1),cpp,Accepted,1,256,775,
s135794173,p02982,u098844816,1562548860,C++,C++14 (GCC 5.4.1),cpp,Accepted,1,256,988,
s019618911,p02982,u527984786,1562548859,C++,C++14 (GCC 5.4.1),cpp,Wrong Answer,1,256,570,
s576755203,p02982,u765690804,1562548859,C++,C++14 (GCC 5.4.1),cpp,Accepted,1,256,677,
s094240161,p02982,u547844563,1562548858,C++,C++14 (GCC 5.4.1),cpp,Wrong Answer,1,256,919,
s596625821,p02982,u761475553,1562548858,C++,C++14 (GCC 5.4.1),cpp,Compile Error,,,131,
s222525534,p02982,u280715164,1562548858,Java,Java8 (OpenJDK 1.8.0),java,Accepted,109,23252,746,
s813642538,p02982,u634967948,1562548857,C++,C++14 (GCC 5.4.1),cpp,Wrong Answer,1,256,600,
s676129923,p02982,u895526251,1562548857,Python,Python (3.4.3),py,Wrong Answer,18,3064,450,
s172791602,p02982,u459548136,1562548856,Rust,Rust (1.15.1),rs,Accepted,2,4352,2276,
s964438645,p02982,u071970578,1562548856,Python,Python (3.4.3),py,Accepted,148,12420,475,
s909525045,p02982,u584797714,1562548855,C++,C++14 (GCC 5.4.1),cpp,Wrong Answer,1,256,970,
s322356972,p02982,u157195505,1562548855,C++,C++14 (GCC 5.4.1),cpp,Accepted,1,256,719,
s009966794,p02982,u347895303,1562548854,Java,Java8 (OpenJDK 1.8.0),java,Accepted,117,22740,1115,
s451964935,p02982,u157677852,1562548854,C++,C++14 (GCC 5.4.1),cpp,Wrong Answer,1,256,542,
s695091308,p02982,u618044603,1562548854,C++,C++14 (GCC 5.4.1),cpp,Accepted,1,256,532,
s804366386,p02982,u112129029,1562548854,Java,Java8 (OpenJDK 1.8.0),java,Accepted,115,21204,1027,
s880791981,p02982,u323125813,1562548853,Python,Python (3.4.3),py,Accepted,18,3064,507,
s326309239,p02982,u268181283,1562548853,Python,Python (3.4.3),py,Accepted,151,12400,352,
s543397852,p02982,u896065955,1562548853,Java,Java8 (OpenJDK 1.8.0),java,Accepted,121,21716,737,
s407731171,p02982,u147762850,1562548853,C++,C++14 (GCC 5.4.1),cpp,Accepted,1,256,729,
s733602749,p02982,u272395350,1562548852,C++,C++14 (GCC 5.4.1),cpp,Accepted,1,256,612,
s290843853,p02982,u334213423,1562548852,C#,C# (Mono 4.6.2.0),cs,Accepted,24,13396,853,
s088074741,p02982,u002122093,1562548850,C,C (GCC 5.4.1),c,Accepted,1,128,582,
s402393294,p02982,u793225530,1562548849,Python,Python (3.4.3),py,Accepted,181,14916,307,
s166969887,p02982,u731032776,1562548848,C++,C++14 (GCC 5.4.1),cpp,Accepted,1,256,538,
s674796887,p02982,u083195091,1562548847,Python,Python (3.4.3),py,Accepted,17,3064,731,
s744729067,p02982,u266059249,1562548847,C++,C++14 (GCC 5.4.1),cpp,Accepted,1,256,811,
s399399598,p02982,u288161806,1562548847,Java,Java8 (OpenJDK 1.8.0),java,Accepted,108,22996,941,
s842253864,p02982,u749475370,1562548846,C++,C++14 (GCC 5.4.1),cpp,Accepted,1,256,546,
s846414187,p02982,u645961531,1562548845,C++,C++14 (GCC 5.4.1),cpp,Accepted,1,256,6442,
s384205564,p02982,u415276878,1562548844,C++,C++14 (GCC 5.4.1),cpp,Wrong Answer,2,256,625,
s511258012,p02982,u201827503,1562548844,C++,C++14 (GCC 5.4.1),cpp,Accepted,2,384,727,
s502145702,p02982,u420528322,1562548843,C++,C++14 (GCC 5.4.1),cpp,Accepted,1,256,690,
s734793211,p02982,u468862268,1562548843,C++,C++14 (GCC 5.4.1),cpp,Accepted,1,256,1010,
s702419217,p02982,u263564761,1562548843,C,C (GCC 5.4.1),c,Accepted,1,128,665,
s251241445,p02982,u910756197,1562548841,C++,C++14 (Clang 3.8.0),cpp,Accepted,7,888,769,
s506207978,p02982,u513290715,1562548841,C++,C++14 (GCC 5.4.1),cpp,Wrong Answer,1,256,2062,
s585036159,p02982,u078817586,1562548840,Java,Java8 (OpenJDK 1.8.0),java,Accepted,70,21204,3377,
s107987684,p02982,u612175324,1562548840,C++,C++14 (GCC 5.4.1),cpp,Wrong Answer,1,256,516,
s594032925,p02982,u268434654,1562548838,C++,C++14 (GCC 5.4.1),cpp,Accepted,3,256,599,
s818314503,p02982,u591428697,1562548838,C++,C++14 (GCC 5.4.1),cpp,Accepted,3,512,511,
s473317668,p02982,u222866518,1562548836,C++,C++14 (GCC 5.4.1),cpp,Wrong Answer,1,256,575,
s036254774,p02982,u993121447,1562548835,C++,C++14 (GCC 5.4.1),cpp,Accepted,1,256,760,
s682701313,p02982,u038854253,1562548834,Python,Python (3.4.3),py,Accepted,18,3064,456,
s822337037,p02982,u765690804,1562548834,C++,C++14 (GCC 5.4.1),cpp,Wrong Answer,1,256,677,
s754996329,p02982,u759412327,1562548834,Python,Python (3.4.3),py,Accepted,17,3064,304,
s692764012,p02982,u981767024,1562548833,Python,Python (3.4.3),py,Accepted,17,3060,412,
s948300970,p02982,u607444339,1562548832,C++,C++14 (GCC 5.4.1),cpp,Accepted,1,256,804,
s425131838,p02982,u346307762,1562548832,PHP,PHP7 (7.0.15),php,Accepted,11,4728,660,
s553085815,p02982,u561976793,1562548831,C++,C++14 (GCC 5.4.1),cpp,Accepted,1,256,3324,
s354078431,p02982,u257162238,1562548831,Python,PyPy3 (2.4.0),py,Accepted,169,38256,687,
s333358939,p02982,u895520846,1562548829,C#,C# (Mono 4.6.2.0),cs,Accepted,26,13524,1107,
s048309243,p02982,u648092704,1562548827,Python,Python (3.4.3),py,Accepted,19,3064,428,
s065208914,p02982,u209861285,1562548827,C++,C++14 (Clang 3.8.0),cpp,Wrong Answer,1,256,518,
s813680900,p02982,u874996917,1562548826,C++,C++14 (GCC 5.4.1),cpp,Wrong Answer,1,256,2447,
s785199445,p02982,u765865533,1562548826,Python,Python (3.4.3),py,Accepted,301,21260,366,
s956046108,p02982,u250338668,1562548826,C++,C++14 (GCC 5.4.1),cpp,Accepted,1,256,564,
s352141988,p02982,u318537266,1562548826,Java,Java8 (OpenJDK 1.8.0),java,Accepted,113,23636,614,
s296195635,p02982,u604950433,1562548825,C#,C# (Mono 4.6.2.0),cs,Accepted,21,11220,3634,
s849319951,p02982,u276204978,1562548825,Python,Python (3.4.3),py,Runtime Error,152,12504,326,
s035655902,p02982,u093562214,1562548824,Python,Python (3.4.3),py,Accepted,18,3064,456,
s096308041,p02982,u215692812,1562548824,C++,C++14 (GCC 5.4.1),cpp,Accepted,1,256,1056,
s200891502,p02982,u613931538,1562548824,C,C (GCC 5.4.1),c,Accepted,1,128,599,
s557212371,p02982,u341846697,1562548823,C++,C++14 (GCC 5.4.1),cpp,Wrong Answer,1,256,834,
s895574415,p02982,u557044746,1562548823,C++,C++14 (GCC 5.4.1),cpp,Accepted,1,384,512,
s733512618,p02982,u340494803,1562548822,C++,C++14 (GCC 5.4.1),cpp,Accepted,1,256,1123,
s062188573,p02982,u820839927,1562548822,Python,Python (3.4.3),py,Accepted,20,3188,495,
s187840522,p02982,u019035087,1562548822,C++,C++14 (GCC 5.4.1),cpp,Accepted,1,256,927,
s055682703,p02982,u817760251,1562548822,C++,C++14 (GCC 5.4.1),cpp,Accepted,1,256,670,
s771380488,p02982,u951762226,1562548822,Ruby,Ruby (2.3.3),rb,Accepted,7,1788,253,
s153479599,p02982,u192522487,1562548820,Python,Python (3.4.3),py,Accepted,156,14460,216,
s547627196,p02982,u578274732,1562548819,Go,Go (1.6),go,Accepted,1,640,1074,
s236407999,p02982,u163827610,1562548819,PHP,PHP7 (7.0.15),php,Accepted,12,4728,841,
s701190543,p02982,u530845504,1562548818,C,C (GCC 5.4.1),c,Wrong Answer,1,128,430,
s765122660,p02982,u530473105,1562548818,C#,C# (Mono 4.6.2.0),cs,Wrong Answer,20,11092,1270,
s465920078,p02982,u511379665,1562548817,C++,C++14 (GCC 5.4.1),cpp,Wrong Answer,1,256,2080,
s478049466,p02982,u425019904,1562548817,Python,Python (3.4.3),py,Wrong Answer,19,3064,394,
s886877374,p02982,u670773128,1562548815,C++,C++14 (GCC 5.4.1),cpp,Accepted,2,384,655,
s718467934,p02982,u570417673,1562548815,C++,C++14 (GCC 5.4.1),cpp,Accepted,1,256,759,
s508351670,p02982,u872030436,1562548815,Python,Python (3.4.3),py,Accepted,17,3064,526,
s899642681,p02982,u084069244,1562548815,C++,C++14 (GCC 5.4.1),cpp,Compile Error,,,482,
s266005149,p02982,u775999110,1562548815,Kotlin,Kotlin (1.0.0),kt,Accepted,243,38008,886,
s969997377,p02982,u615887401,1562548814,C++,C++14 (GCC 5.4.1),cpp,Accepted,4,384,781,
s537749367,p02982,u536745747,1562548814,C++,C++14 (GCC 5.4.1),cpp,Wrong Answer,1,256,867,
s078847572,p02982,u751960655,1562548814,TypeScript,TypeScript (2.1.6),ts,Wrong Answer,52,7372,709,
s410115883,p02982,u369190981,1562548814,Java,Java8 (OpenJDK 1.8.0),java,Accepted,108,23764,736,
s006212168,p02982,u828388155,1562548814,C++,C++14 (GCC 5.4.1),cpp,Accepted,1,256,770,
s149687600,p02982,u479918572,1562548813,Python,PyPy3 (2.4.0),py,Runtime Error,181,38640,316,
s351373418,p02982,u288500561,1562548812,C,C (GCC 5.4.1),c,Accepted,1,128,676,
s616973788,p02982,u987039629,1562548812,C++,C++14 (GCC 5.4.1),cpp,Accepted,1,256,520,
s933058427,p02982,u581018765,1562548812,C++,C++14 (GCC 5.4.1),cpp,Accepted,1,256,1011,
s185809763,p02982,u131406102,1562548812,Python,Python (3.4.3),py,Accepted,17,3064,402,
s259528649,p02982,u380317210,1562548811,C++,C++14 (GCC 5.4.1),cpp,Wrong Answer,1,256,963,
s516501149,p02982,u661869380,1562548811,C++,C++14 (GCC 5.4.1),cpp,Accepted,3,128,628,
s290594601,p02982,u535010493,1562548810,C++,C++14 (GCC 5.4.1),cpp,Wrong Answer,1,256,657,
s140036231,p02982,u718401738,1562548810,Python,Python (3.4.3),py,Accepted,18,3064,421,
s478713210,p02982,u007504025,1562548810,Python,Python (3.4.3),py,Accepted,148,12408,453,
s778148779,p02982,u146847434,1562548809,C++,C++14 (GCC 5.4.1),cpp,Accepted,1,256,923,
s273603341,p02982,u729166490,1562548809,C++,C++14 (GCC 5.4.1),cpp,Accepted,1,256,1136,
s389834195,p02982,u452269253,1562548808,Python,Python (3.4.3),py,Accepted,17,3064,396,
s247156824,p02982,u101264341,1562548808,C++,C++14 (GCC 5.4.1),cpp,Accepted,1,256,1029,
s585242438,p02982,u166272617,1562548807,C++,C++14 (GCC 5.4.1),cpp,Accepted,1,256,555,
s368764888,p02982,u892395063,1562548807,Java,Java8 (OpenJDK 1.8.0),java,Accepted,111,21716,933,
s604253639,p02982,u705296057,1562548806,C++,C++14 (GCC 5.4.1),cpp,Accepted,1,256,1672,
s411062062,p02982,u610490393,1562548806,Lisp,Common Lisp (SBCL 1.1.14),l,Wrong Answer,144,16868,434,
s912644441,p02982,u507188501,1562548804,C++,C++14 (GCC 5.4.1),cpp,Accepted,1,256,624,
s628567582,p02982,u245366924,1562548804,C++,C++14 (GCC 5.4.1),cpp,Wrong Answer,1,256,2127,
s379873652,p02982,u239087789,1562548803,C++,C++14 (GCC 5.4.1),cpp,Accepted,1,256,527,
s900265292,p02982,u000557170,1562548803,Python,Python (3.4.3),py,Accepted,18,3064,1267,
s527069365,p02982,u178249601,1562548801,Python,Python (3.4.3),py,Accepted,18,3064,427,
s688685470,p02982,u790830953,1562548801,Python,PyPy3 (2.4.0),py,Accepted,174,38512,601,
s519195129,p02982,u340781749,1562548801,Python,Python (3.4.3),py,Accepted,149,12496,293,
s641128508,p02982,u289565504,1562548801,Java,Java8 (OpenJDK 1.8.0),java,Accepted,99,21844,717,
s984985106,p02982,u848950237,1562548800,C++,C++14 (GCC 5.4.1),cpp,Accepted,1,256,520,
s449103756,p02982,u943726499,1562548800,Kotlin,Kotlin (1.0.0),kt,Wrong Answer,237,37940,688,
s692185926,p02982,u803754262,1562548800,C++,C++14 (GCC 5.4.1),cpp,Accepted,1,256,651,
s926484020,p02982,u492556206,1562548799,C++,C++14 (GCC 5.4.1),cpp,Accepted,1,256,575,
s592226938,p02982,u608297208,1562548799,Nim,Nim (0.13.0),nim,Accepted,1,256,719,
s823057715,p02982,u885879831,1562548799,C++,C++14 (GCC 5.4.1),cpp,Accepted,1,256,923,
s317847327,p02982,u076566148,1562548799,C++,C++14 (GCC 5.4.1),cpp,Wrong Answer,1,384,670,
s248149744,p02982,u154289649,1562548799,C++,C++14 (GCC 5.4.1),cpp,Accepted,1,256,570,
s570910809,p02982,u625092455,1562548799,C++,C++14 (Clang 3.8.0),cpp,Wrong Answer,7,888,3858,
s574925620,p02982,u873904588,1562548797,C++,C++14 (GCC 5.4.1),cpp,Accepted,1,256,805,
s583018008,p02982,u188244611,1562548796,Python,Python (3.4.3),py,Accepted,17,3064,348,
s511889102,p02982,u603234915,1562548795,C++,C++14 (GCC 5.4.1),cpp,Accepted,1,256,1297,
s063397089,p02982,u902126369,1562548795,C,C (GCC 5.4.1),c,Accepted,1,128,456,
s882846444,p02982,u315635879,1562548795,C#,C# (Mono 4.6.2.0),cs,Accepted,21,13268,1092,
s396523763,p02982,u234365185,1562548794,C,C (GCC 5.4.1),c,Accepted,1,128,564,
s669896308,p02982,u115306811,1562548794,C++,C++14 (GCC 5.4.1),cpp,Accepted,1,256,814,
s604533945,p02982,u500855421,1562548794,C++,C++14 (GCC 5.4.1),cpp,Accepted,1,256,665,
s437206809,p02982,u398642144,1562548794,Python,Python (3.4.3),py,Accepted,18,3188,381,
s197830753,p02982,u281733053,1562548793,Python,Python (3.4.3),py,Accepted,17,3188,387,
s485275455,p02982,u914096063,1562548791,Python,Python (3.4.3),py,Accepted,150,12396,291,
s649300759,p02982,u589158532,1562548791,Java,Java8 (OpenJDK 1.8.0),java,Accepted,109,21844,699,
s135567880,p02982,u991450621,1562548791,C++,C++14 (GCC 5.4.1),cpp,Accepted,1,256,661,
s362023637,p02982,u982594421,1562548790,Python,Python (3.4.3),py,Accepted,17,3188,288,
s111242171,p02982,u540307496,1562548790,Python,Python (3.4.3),py,Accepted,150,12492,326,
s893836558,p02982,u662068510,1562548790,C++,C++14 (GCC 5.4.1),cpp,Accepted,1,256,667,
s241178140,p02982,u534417782,1562548790,C++,C++14 (GCC 5.4.1),cpp,Accepted,1,256,685,
s029244391,p02982,u471212175,1562548789,Python,Python (3.4.3),py,Accepted,17,3188,346,
s302293760,p02982,u850516963,1562548788,C++,C++14 (GCC 5.4.1),cpp,Accepted,1,256,1102,
s862211395,p02982,u559345461,1562548788,C++,C++14 (GCC 5.4.1),cpp,Accepted,1,256,454,
s542444259,p02982,u452913314,1562548787,Python,Python (3.4.3),py,Accepted,150,12500,296,
s576598077,p02982,u430974466,1562548787,C++,C++14 (GCC 5.4.1),cpp,Wrong Answer,1,256,1412,
s922216286,p02982,u059262067,1562548786,Python,Python (3.4.3),py,Accepted,18,3188,264,
s341182691,p02982,u276588887,1562548786,C++,C++14 (GCC 5.4.1),cpp,Accepted,1,256,1108,
s412207570,p02982,u811612390,1562548786,C,C (GCC 5.4.1),c,Compile Error,,,525,
s097903993,p02982,u657051080,1562548786,C++,C++14 (GCC 5.4.1),cpp,Accepted,1,256,644,
s172577730,p02982,u947426792,1562548785,C++,C++14 (GCC 5.4.1),cpp,Compile Error,,,359,
s719040083,p02982,u488731967,1562548785,C++,C++14 (GCC 5.4.1),cpp,Accepted,1,256,756,
s933918235,p02982,u539916870,1562548785,C++,C++14 (GCC 5.4.1),cpp,Accepted,1,128,665,
s855091756,p02982,u167507723,1562548785,Python,Python (3.4.3),py,Accepted,149,12396,281,
s511000186,p02982,u924406834,1562548785,Python,PyPy3 (2.4.0),py,Accepted,186,38384,356,
s523772851,p02982,u605722824,1562548784,Java,Java8 (OpenJDK 1.8.0),java,Accepted,108,21972,742,
s405809517,p02982,u847243301,1562548783,C++,C++14 (GCC 5.4.1),cpp,Accepted,1,256,521,
s298021296,p02982,u530223066,1562548782,C++,C++14 (GCC 5.4.1),cpp,Wrong Answer,4,512,1634,
s742797778,p02982,u436887866,1562548781,Python,Python (3.4.3),py,Runtime Error,18,3064,627,
s856337310,p02982,u530438466,1562548781,C++,C++14 (GCC 5.4.1),cpp,Accepted,1,256,739,
s679117560,p02982,u494609869,1562548779,C,C (GCC 5.4.1),c,Accepted,1,128,675,
s193973786,p02982,u135572611,1562548779,C++,C++14 (GCC 5.4.1),cpp,Accepted,1,256,6471,
s171235193,p02982,u387644442,1562548779,C#,C# (Mono 4.6.2.0),cs,Accepted,20,13140,953,
s770944250,p02982,u245870380,1562548779,Python,Python (3.4.3),py,Accepted,18,3064,340,
s794648245,p02982,u830501843,1562548777,Java,Java8 (OpenJDK 1.8.0),java,Accepted,108,21844,725,
s329004933,p02982,u002428461,1562548777,C++,C++14 (GCC 5.4.1),cpp,Wrong Answer,1,256,661,
s398164560,p02982,u967062796,1562548776,Python,Python (3.4.3),py,Accepted,18,3064,418,
s589593866,p02982,u421777980,1562548776,Rust,Rust (1.15.1),rs,Accepted,2,4352,2380,
s999869126,p02982,u337080722,1562548776,Python,Python (3.4.3),py,Accepted,18,3064,469,
s021012155,p02982,u871841829,1562548775,C++,C++14 (GCC 5.4.1),cpp,Accepted,1,256,903,
s655001104,p02982,u424602097,1562548775,C++,C++14 (GCC 5.4.1),cpp,Wrong Answer,1,256,503,
s971742840,p02982,u686175224,1562548775,Java,Java8 (OpenJDK 1.8.0),java,Accepted,125,25172,983,
s566558685,p02982,u779851448,1562548774,C++,C++14 (GCC 5.4.1),cpp,Accepted,1,256,494,
s709787239,p02982,u747390421,1562548774,C++,C++14 (GCC 5.4.1),cpp,Accepted,1,256,587,
s112933097,p02982,u645304546,1562548774,Java,Java8 (OpenJDK 1.8.0),java,Accepted,70,23124,3685,
s025186366,p02982,u196236448,1562548772,Python,Python (3.4.3),py,Accepted,149,12508,448,
s453769402,p02982,u180345531,1562548771,C++,C++14 (GCC 5.4.1),cpp,Accepted,1,256,1414,
s836832647,p02982,u186746902,1562548771,C++,C++14 (GCC 5.4.1),cpp,Accepted,1,256,475,
s160184679,p02982,u370478299,1562548771,C++,C++14 (GCC 5.4.1),cpp,Accepted,1,256,645,
s332943172,p02982,u570417673,1562548771,C++,C++14 (GCC 5.4.1),cpp,Wrong Answer,1,256,759,
s115197335,p02982,u106374527,1562548770,C++,C++14 (GCC 5.4.1),cpp,Accepted,2,256,663,
s638079545,p02982,u112581208,1562548770,C++,C++14 (Clang 3.8.0),cpp,Accepted,7,888,997,
s691445416,p02982,u735499035,1562548770,C++,C++14 (GCC 5.4.1),cpp,Accepted,1,256,616,
s426769622,p02982,u684901760,1562548770,C++,C++14 (GCC 5.4.1),cpp,Wrong Answer,1,128,557,
s255809458,p02982,u922965680,1562548769,Python,PyPy3 (2.4.0),py,Wrong Answer,188,38384,624,
s233152532,p02982,u313007881,1562548768,C++,C++14 (GCC 5.4.1),cpp,Runtime Error,127,256,810,
s091036088,p02982,u468506413,1562548768,C++,C++14 (GCC 5.4.1),cpp,Accepted,1,256,756,
s801227831,p02982,u844123804,1562548767,Python,Python (3.4.3),py,Accepted,18,3064,391,
s264077767,p02982,u247769252,1562548767,Python,Python (3.4.3),py,Accepted,18,3064,481,
s533991504,p02982,u662068510,1562548766,C++,C++14 (GCC 5.4.1),cpp,Accepted,1,256,665,
s493440502,p02982,u370608397,1562548766,C#,C# (Mono 4.6.2.0),cs,Accepted,30,13396,3543,
s103068404,p02982,u269291896,1562548766,C++,C++14 (GCC 5.4.1),cpp,Accepted,1,256,651,
s921864846,p02982,u785773061,1562548766,C++,C++14 (GCC 5.4.1),cpp,Accepted,2,384,640,
s684167556,p02982,u615763347,1562548766,C++,C++14 (GCC 5.4.1),cpp,Accepted,1,256,1957,
s084667213,p02982,u263503281,1562548764,C++,C++14 (GCC 5.4.1),cpp,Accepted,1,256,3727,
s188505493,p02982,u617225232,1562548764,Python,Python (3.4.3),py,Accepted,150,12428,488,
s895165001,p02982,u682408064,1562548764,Python,Python (3.4.3),py,Accepted,17,3064,401,
s258987176,p02982,u637058920,1562548764,C#,C# (Mono 4.6.2.0),cs,Accepted,25,13396,1164,
s552672625,p02982,u227359448,1562548763,C,C (GCC 5.4.1),c,Accepted,1,128,576,
s036883066,p02982,u622469330,1562548763,Ruby,Ruby (2.3.3),rb,Accepted,7,1788,336,
s991406378,p02982,u948208013,1562548763,C++,C++14 (GCC 5.4.1),cpp,Accepted,1,256,597,
s358986432,p02982,u163859002,1562548762,Java,Java8 (OpenJDK 1.8.0),java,Accepted,70,22484,2412,
s380388533,p02982,u580697892,1562548762,Python,Python (3.4.3),py,Accepted,150,12412,393,
s128005692,p02982,u500092662,1562548761,C++,C++14 (GCC 5.4.1),cpp,Accepted,1,256,660,
s928813247,p02982,u765690804,1562548761,C++,C++14 (GCC 5.4.1),cpp,Wrong Answer,1,256,676,
s389767812,p02982,u573272932,1562548761,Python,Python (3.4.3),py,Accepted,18,3064,297,
s154666959,p02982,u865413330,1562548760,Python,PyPy3 (2.4.0),py,Accepted,184,38384,388,
s985767786,p02982,u542670845,1562548760,C++,C++14 (GCC 5.4.1),cpp,Wrong Answer,1,256,677,
s741335190,p02982,u473092610,1562548758,Python,Python (3.4.3),py,Accepted,18,3060,365,
s669050153,p02982,u048128931,1562548756,C++,C++14 (GCC 5.4.1),cpp,Accepted,1,256,526,
s637168513,p02982,u513844316,1562548756,Python,Python (3.4.3),py,Wrong Answer,18,3064,321,
s928782719,p02982,u274857138,1562548755,C++,C++14 (GCC 5.4.1),cpp,Accepted,1,256,886,
s313232587,p02982,u598720217,1562548755,Python,Python (3.4.3),py,Accepted,17,3064,354,
s016798943,p02982,u837286475,1562548754,Python,Python (3.4.3),py,Accepted,454,21392,557,
s891402876,p02982,u984479733,1562548754,Ruby,Ruby (2.3.3),rb,Accepted,7,1916,256,
s128126995,p02982,u526818046,1562548754,Kotlin,Kotlin (1.0.0),kt,Accepted,241,38236,530,
s109786511,p02982,u010090035,1562548754,Python,Python (3.4.3),py,Accepted,17,3064,386,
s497327756,p02982,u804085889,1562548753,Python,Python (3.4.3),py,Accepted,18,3064,318,
s010620782,p02982,u359837458,1562548753,Python,Python (3.4.3),py,Accepted,151,14476,253,
s993565359,p02982,u685650671,1562548751,C++,C++14 (GCC 5.4.1),cpp,Accepted,1,256,753,
s620473997,p02982,u633967774,1562548751,C++,C++14 (GCC 5.4.1),cpp,Accepted,1,256,759,
s071481571,p02982,u157951470,1562548751,C++,C++14 (GCC 5.4.1),cpp,Accepted,1,256,1667,
s309710234,p02982,u622585907,1562548751,C++,C++14 (GCC 5.4.1),cpp,Accepted,1,256,1016,
s242820303,p02982,u683434310,1562548750,C,C (GCC 5.4.1),c,Accepted,1,128,750,
s398015916,p02982,u114838227,1562548748,C++,C++14 (GCC 5.4.1),cpp,Accepted,1,256,623,
s997387624,p02982,u636290142,1562548748,Python,Python (3.4.3),py,Accepted,149,12504,357,
s323667051,p02982,u002428461,1562548747,C++,C++14 (GCC 5.4.1),cpp,Wrong Answer,1,256,659,
s083011836,p02982,u446436253,1562548746,C++,C++14 (GCC 5.4.1),cpp,Accepted,1,256,459,
s634907807,p02982,u496074393,1562548746,C++,C++14 (GCC 5.4.1),cpp,Accepted,2,256,1034,
s093276987,p02982,u527806673,1562548745,C++,C++14 (GCC 5.4.1),cpp,Accepted,1,256,904,
s269912663,p02982,u921168761,1562548745,C++,C++14 (GCC 5.4.1),cpp,Accepted,1,256,769,
s376797450,p02982,u167751176,1562548745,Python,Python (3.4.3),py,Accepted,18,3188,380,
s214778245,p02982,u457483230,1562548744,C++,C++14 (GCC 5.4.1),cpp,Accepted,1,256,704,
s557083329,p02982,u305757380,1562548744,C++,C++14 (GCC 5.4.1),cpp,Accepted,1,256,485,
s718141594,p02982,u926099741,1562548743,Ruby,Ruby (2.3.3),rb,Accepted,7,1916,279,
s273215471,p02982,u918601425,1562548742,Ruby,Ruby (2.3.3),rb,Accepted,7,1788,504,
s311229193,p02982,u621632422,1562548742,C++,C++14 (GCC 5.4.1),cpp,Accepted,2,384,831,
s001320527,p02982,u490963780,1562548742,C++,C++14 (GCC 5.4.1),cpp,Accepted,1,256,931,
s764291755,p02982,u148215098,1562548742,C++,C++14 (GCC 5.4.1),cpp,Accepted,1,256,688,
s092035271,p02982,u947426792,1562548740,C++,C++14 (GCC 5.4.1),cpp,Compile Error,,,356,
s169349885,p02982,u228223940,1562548739,Python,Python (3.4.3),py,Accepted,17,3064,438,
s084893774,p02982,u251515715,1562548739,Python,Python (3.4.3),py,Accepted,17,3064,321,
s684150215,p02982,u868497027,1562548739,C++,C++14 (GCC 5.4.1),cpp,Accepted,1,256,744,
s742288644,p02982,u132360211,1562548739,Ruby,Ruby (2.3.3),rb,Accepted,7,1788,250,
s775967130,p02982,u632423548,1562548739,Python,PyPy3 (2.4.0),py,Accepted,166,38384,386,
s388102081,p02982,u894826120,1562548739,C++,C++14 (GCC 5.4.1),cpp,Accepted,1,128,416,
s491990679,p02982,u539517139,1562548738,Python,Python (3.4.3),py,Accepted,17,3060,300,
s870664573,p02982,u966695319,1562548737,Ruby,Ruby (2.3.3),rb,Accepted,7,1916,475,
s132657295,p02982,u569041543,1562548737,C++,C++14 (GCC 5.4.1),cpp,Accepted,2,256,757,
s732774233,p02982,u102310764,1562548737,Go,Go (1.6),go,Accepted,1,512,470,
s763070620,p02982,u294520705,1562548737,Python,Python (3.4.3),py,Accepted,18,3064,507,
s639981337,p02982,u790812284,1562548736,Python,Python (3.4.3),py,Accepted,17,3064,352,
s423278416,p02982,u682395093,1562548736,Java,Java8 (OpenJDK 1.8.0),java,Accepted,100,23764,622,
s288974471,p02982,u579882657,1562548735,C++,C++14 (GCC 5.4.1),cpp,Accepted,1,256,911,
s738525165,p02982,u753589982,1562548735,Python,Python (3.4.3),py,Accepted,18,3064,401,
s679000534,p02982,u793821463,1562548734,Python,Python (3.4.3),py,Accepted,18,3064,428,
s714237846,p02982,u007550226,1562548733,Python,Python (3.4.3),py,Accepted,24,3064,379,
s512346288,p02982,u713728708,1562548733,Python,Python (3.4.3),py,Accepted,17,3064,389,
s881834848,p02982,u009579822,1562548733,C++,C++14 (GCC 5.4.1),cpp,Wrong Answer,1,256,786,
s183565846,p02982,u018434698,1562548733,C++,C++14 (GCC 5.4.1),cpp,Wrong Answer,1,256,571,
s478434781,p02982,u707614029,1562548733,Ruby,Ruby (2.3.3),rb,Accepted,7,1788,292,
s993829733,p02982,u136354774,1562548733,C++,C++14 (GCC 5.4.1),cpp,Accepted,1,256,1437,
s571110850,p02982,u302539304,1562548732,C++,C++14 (GCC 5.4.1),cpp,Accepted,1,256,1783,
s510578772,p02982,u369105927,1562548732,Python,Python (3.4.3),py,Accepted,17,3064,390,
s658972330,p02982,u098737275,1562548732,Python,Python (3.4.3),py,Accepted,18,3064,342,
s195927387,p02982,u586149955,1562548732,Python,Python (3.4.3),py,Accepted,18,3064,334,
s398621186,p02982,u134856634,1562548731,Python,Python (3.4.3),py,Accepted,39,5528,1521,
s954640723,p02982,u775224245,1562548731,C++,C++14 (GCC 5.4.1),cpp,Accepted,1,256,1797,
s907567179,p02982,u394615051,1562548731,C++,C++14 (Clang 3.8.0),cpp,Accepted,1,256,851,
s372580032,p02982,u056626722,1562548731,Ruby,Ruby (2.3.3),rb,Accepted,7,1788,365,
s799554385,p02982,u100588472,1562548730,C++,C++14 (GCC 5.4.1),cpp,Accepted,1,256,840,
s142708047,p02982,u650620788,1562548730,Ruby,Ruby (2.3.3),rb,Accepted,15,1788,527,
s329960788,p02982,u793801197,1562548729,Ruby,Ruby (2.3.3),rb,Wrong Answer,7,1788,262,
s914784487,p02982,u991450621,1562548729,C++,C++14 (GCC 5.4.1),cpp,Compile Error,,,602,
s155428419,p02982,u624923345,1562548727,C++,C++14 (GCC 5.4.1),cpp,Accepted,1,256,626,
s788177720,p02982,u662852612,1562548727,C++,C++14 (GCC 5.4.1),cpp,Wrong Answer,2,256,907,
s117643063,p02982,u431381247,1562548726,Python,Python (3.4.3),py,Runtime Error,148,14408,219,
s924191521,p02982,u188706971,1562548726,C++,C++14 (GCC 5.4.1),cpp,Wrong Answer,1,256,832,
s086644166,p02982,u696356788,1562548726,C++,C++14 (GCC 5.4.1),cpp,Accepted,1,256,1194,
s011433594,p02982,u153390822,1562548726,C++,C++14 (GCC 5.4.1),cpp,Accepted,1,256,869,
s503321714,p02982,u811897616,1562548725,C++,C++14 (GCC 5.4.1),cpp,Accepted,1,256,557,
s693882704,p02982,u347064817,1562548725,C++,C++14 (GCC 5.4.1),cpp,Accepted,1,256,1222,
s445574147,p02982,u946378574,1562548724,C++,C++14 (GCC 5.4.1),cpp,Accepted,1,256,3264,
s149274425,p02982,u327668449,1562548724,Rust,Rust (1.15.1),rs,Accepted,2,4860,1172,
s992967863,p02982,u640800420,1562548724,C++,C++14 (GCC 5.4.1),cpp,Accepted,1,256,503,
s715746811,p02982,u359837458,1562548723,Python,PyPy3 (2.4.0),py,Runtime Error,170,38640,253,
s611054933,p02982,u301409936,1562548722,C++,C++14 (GCC 5.4.1),cpp,Accepted,1,256,4378,
s052923383,p02982,u000217193,1562548721,C++,C++14 (GCC 5.4.1),cpp,Accepted,1,256,699,
s125381573,p02982,u409064224,1562548721,Python,Python (3.4.3),py,Accepted,18,3064,383,
s106298385,p02982,u623036523,1562548721,C++,C++14 (GCC 5.4.1),cpp,Accepted,1,128,464,
s005988089,p02982,u063969814,1562548720,JavaScript,JavaScript (node.js v5.12),js,Accepted,52,7756,901,
s134697477,p02982,u885523920,1562548720,C++,C++14 (GCC 5.4.1),cpp,Accepted,1,256,444,
s893871237,p02982,u325411666,1562548719,C,C (GCC 5.4.1),c,Accepted,1,128,444,
s168862663,p02982,u904943473,1562548719,Python,Python (3.4.3),py,Accepted,17,3064,455,
s280717391,p02982,u262525101,1562548716,Python,Python (3.4.3),py,Accepted,288,20864,318,
s797206641,p02982,u901397311,1562548716,C++,C++14 (GCC 5.4.1),cpp,Accepted,1,256,1039,
s591637717,p02982,u720721463,1562548715,C++,C++14 (GCC 5.4.1),cpp,Accepted,1,256,1153,
s297593677,p02982,u268491792,1562548715,Java,Java8 (OpenJDK 1.8.0),java,Accepted,151,21332,608,
s097038705,p02982,u001566280,1562548714,C++,C++14 (GCC 5.4.1),cpp,Wrong Answer,2,256,1413,
s220434600,p02982,u355911860,1562548714,C++,C++14 (GCC 5.4.1),cpp,Accepted,1,256,813,
s948849197,p02982,u367602070,1562548714,C++,C++14 (GCC 5.4.1),cpp,Accepted,1,256,1825,
s178580116,p02982,u281840563,1562548713,C++,C++14 (GCC 5.4.1),cpp,Accepted,1,256,725,
s122747792,p02982,u054652697,1562548713,C++,C++14 (GCC 5.4.1),cpp,Accepted,1,256,1180,
s075934576,p02982,u380539609,1562548713,C++,C++14 (GCC 5.4.1),cpp,Accepted,1,256,678,
s362530876,p02982,u863279562,1562548712,C++,C++14 (GCC 5.4.1),cpp,Accepted,11,256,979,
s140886128,p02982,u055447809,1562548712,C++,C++14 (GCC 5.4.1),cpp,Accepted,1,256,467,
s213733979,p02982,u872030436,1562548712,Python,Python (3.4.3),py,Runtime Error,17,3064,546,
s655376754,p02982,u736675286,1562548710,Rust,Rust (1.15.1),rs,Accepted,2,4352,1834,
s392715824,p02982,u661336847,1562548709,C++,C++14 (GCC 5.4.1),cpp,Accepted,1,256,598,
s108790203,p02982,u617228707,1562548708,Python,PyPy3 (2.4.0),py,Accepted,181,38384,367,
s133479574,p02982,u629341543,1562548708,C++,C++14 (GCC 5.4.1),cpp,Accepted,1,256,1214,
s569463204,p02982,u088223393,1562548707,C,C (Clang 3.8.0),c,Accepted,1,128,498,
s660676357,p02982,u664610890,1562548707,Python,Python (3.4.3),py,Accepted,17,3064,360,
s960465732,p02982,u338520482,1562548707,C++,C++14 (GCC 5.4.1),cpp,Accepted,1,256,617,
s576276575,p02982,u846226907,1562548707,C++,C++14 (GCC 5.4.1),cpp,Accepted,1,256,499,
s190405511,p02982,u821251381,1562548706,Python,Python (3.4.3),py,Accepted,149,12504,304,
s329970356,p02982,u914992391,1562548706,Python,Python (3.4.3),py,Accepted,150,14428,365,
s492030944,p02982,u418527037,1562548706,Python,Python (3.4.3),py,Accepted,153,12504,396,
s218313851,p02982,u076566148,1562548705,C++,C++14 (GCC 5.4.1),cpp,Runtime Error,99,256,669,
s214708328,p02982,u718935188,1562548705,Kotlin,Kotlin (1.0.0),kt,Accepted,243,36520,2355,
s681237016,p02982,u395834332,1562548705,C++,C++14 (GCC 5.4.1),cpp,Accepted,1,256,589,
s949216959,p02982,u380317210,1562548705,C++,C++14 (GCC 5.4.1),cpp,Wrong Answer,1,256,958,
s089458943,p02982,u706567482,1562548705,C++,C++14 (GCC 5.4.1),cpp,Accepted,1,256,513,
s491323398,p02982,u865621256,1562548703,C++,C++14 (GCC 5.4.1),cpp,Accepted,1,256,917,
s491061408,p02982,u102602414,1562548702,C++,C++14 (GCC 5.4.1),cpp,Accepted,1,256,1096,
s599606593,p02982,u674347990,1562548702,C++,C++14 (GCC 5.4.1),cpp,Accepted,1,256,996,
s290441247,p02982,u909991537,1562548702,Python,Python (3.4.3),py,Accepted,149,12436,528,
s120201183,p02982,u538368953,1562548700,Python,Python (3.4.3),py,Accepted,17,3060,399,
s906134540,p02982,u693378622,1562548700,Ruby,Ruby (2.3.3),rb,Accepted,15,2684,324,
s118046554,p02982,u563252794,1562548699,C++,C++14 (GCC 5.4.1),cpp,Wrong Answer,1,256,486,
s627862904,p02982,u184572586,1562548699,C++,C++14 (GCC 5.4.1),cpp,Accepted,1,256,989,
s488206578,p02982,u521723672,1562548698,C++,C++14 (GCC 5.4.1),cpp,Accepted,1,256,760,
s032654389,p02982,u496815608,1562548697,Rust,Rust (1.15.1),rs,Accepted,2,4352,1386,
s034491832,p02982,u893188242,1562548697,Java,Java8 (OpenJDK 1.8.0),java,Accepted,69,23124,3051,
s181609930,p02982,u318875010,1562548696,C++,C++14 (GCC 5.4.1),cpp,Accepted,1,256,779,
s981372030,p02982,u372259664,1562548696,Python,Python (3.4.3),py,Accepted,303,21496,322,
s968890240,p02982,u589502773,1562548696,C++,C++14 (GCC 5.4.1),cpp,Accepted,1,256,483,
s213612524,p02982,u117345342,1562548696,C++,C++14 (GCC 5.4.1),cpp,Accepted,1,256,675,
s457278863,p02982,u167681750,1562548693,Python,PyPy3 (2.4.0),py,Accepted,167,38608,337,
s619161486,p02982,u693133807,1562548693,C++,C++14 (GCC 5.4.1),cpp,Accepted,1,256,576,
s464722587,p02982,u932945921,1562548693,Python,Python (3.4.3),py,Accepted,18,3316,407,
s563529115,p02982,u069389947,1562548692,C++,C++14 (GCC 5.4.1),cpp,Accepted,1,256,562,
s505207983,p02982,u928025324,1562548691,C#,C# (Mono 4.6.2.0),cs,Accepted,26,13396,1191,
s689573610,p02982,u665871498,1562548691,C++,C++14 (GCC 5.4.1),cpp,Accepted,1,256,588,
s550745244,p02982,u051393148,1562548690,C++,C++14 (GCC 5.4.1),cpp,Accepted,1,256,529,
s465380979,p02982,u473291366,1562548689,Python,Python (3.4.3),py,Accepted,17,3064,374,
s599837342,p02982,u375542418,1562548689,Python,Python (3.4.3),py,Accepted,320,21612,301,
s632647702,p02982,u876386943,1562548689,C++,C++14 (GCC 5.4.1),cpp,Wrong Answer,1,256,594,
s846309211,p02982,u458798873,1562548689,C++,C++14 (GCC 5.4.1),cpp,Accepted,2,512,1220,
s209503012,p02982,u555933327,1562548689,C++,C++14 (GCC 5.4.1),cpp,Accepted,1,256,481,
s977524135,p02982,u544034775,1562548689,Python,Python (3.4.3),py,Accepted,149,14472,276,
s065123114,p02982,u342129174,1562548688,C++,C++14 (GCC 5.4.1),cpp,Wrong Answer,2,640,713,
s717784002,p02982,u837190376,1562548688,C++,C++14 (GCC 5.4.1),cpp,Accepted,2,256,479,
s032819726,p02982,u237316771,1562548688,Python,Python (3.4.3),py,Accepted,18,3060,350,
s497841362,p02982,u569079213,1562548688,Python,Python (3.4.3),py,Accepted,149,12500,307,
s319882025,p02982,u468862268,1562548687,C++,C++14 (GCC 5.4.1),cpp,Wrong Answer,1,256,1095,
s035596121,p02982,u637284188,1562548687,C++,C++14 (GCC 5.4.1),cpp,Accepted,1,256,641,
s410002433,p02982,u874996917,1562548687,C++,C++14 (GCC 5.4.1),cpp,Wrong Answer,1,256,2446,
s936384158,p02982,u249447366,1562548687,Python,Python (3.4.3),py,Accepted,149,12492,285,
s135650280,p02982,u168621426,1562548686,C#,C# (Mono 4.6.2.0),cs,Accepted,24,13396,1121,
s806735145,p02982,u684695949,1562548685,Python,PyPy3 (2.4.0),py,Accepted,182,38384,300,
s644690550,p02982,u667543757,1562548685,C++,C++14 (GCC 5.4.1),cpp,Accepted,1,256,1093,
s225101491,p02982,u662068510,1562548685,C++,C++14 (GCC 5.4.1),cpp,Wrong Answer,1,256,660,
s755395053,p02982,u221041683,1562548684,Python,Python (3.4.3),py,Accepted,18,3064,397,
s875731774,p02982,u829249049,1562548683,Python,Python (3.4.3),py,Accepted,18,3064,320,
s724929436,p02982,u117327215,1562548683,C#,C# (Mono 4.6.2.0),cs,Accepted,28,11604,12220,
s079589104,p02982,u375619974,1562548682,C++,C++14 (GCC 5.4.1),cpp,Accepted,3,896,1642,
s316118065,p02982,u581928831,1562548682,C#,C# (Mono 4.6.2.0),cs,Accepted,23,13396,2725,
s665659873,p02982,u054322298,1562548682,C++,C++14 (GCC 5.4.1),cpp,Accepted,1,256,666,
s305418674,p02982,u904730393,1562548681,Java,Java8 (OpenJDK 1.8.0),java,Accepted,71,21204,7793,
s834983187,p02982,u718935188,1562548681,Kotlin,Kotlin (1.0.0),kt,Compile Error,,,2355,
s562681777,p02982,u569041543,1562548681,C++,C++14 (GCC 5.4.1),cpp,Wrong Answer,1,256,753,
s482907470,p02982,u805668940,1562548681,C++,C++14 (GCC 5.4.1),cpp,Compile Error,,,781,
s282259381,p02982,u867534917,1562548680,Java,Java8 (OpenJDK 1.8.0),java,Accepted,107,21844,925,
s981728957,p02982,u426657245,1562548680,C++,C++14 (GCC 5.4.1),cpp,Accepted,1,256,797,
s449928586,p02982,u045575753,1562548679,C++,C++14 (Clang 3.8.0),cpp,Accepted,7,888,699,
s223008525,p02982,u659481093,1562548679,Python,Python (3.4.3),py,Accepted,17,3064,421,
s775460224,p02982,u337266378,1562548679,C++,C++14 (GCC 5.4.1),cpp,Accepted,1,128,605,
s315117861,p02982,u438025590,1562548678,Java,Java8 (OpenJDK 1.8.0),java,Accepted,108,21972,643,
s590008723,p02982,u235057691,1562548678,C++,C++14 (GCC 5.4.1),cpp,Accepted,1,256,611,
s312276181,p02982,u109157645,1562548677,C++,C++14 (GCC 5.4.1),cpp,Accepted,3,4992,924,
s340481304,p02982,u421777980,1562548676,Rust,Rust (1.15.1),rs,Wrong Answer,2,4352,2379,
s593678383,p02982,u022433269,1562548675,C++,C++14 (GCC 5.4.1),cpp,Accepted,2,256,746,
s325846227,p02982,u128456980,1562548675,C++,C++14 (GCC 5.4.1),cpp,Accepted,1,256,1387,
s454361154,p02982,u982438430,1562548674,Python,Python (3.4.3),py,Accepted,17,3064,405,
s848720558,p02982,u526095014,1562548674,C++,C++14 (GCC 5.4.1),cpp,Accepted,1,256,551,
s137168427,p02982,u752288070,1562548673,C++,C++14 (GCC 5.4.1),cpp,Accepted,1,256,716,
s646893941,p02982,u378155378,1562548673,C++,C++14 (GCC 5.4.1),cpp,Accepted,1,256,612,
s689972464,p02982,u159335277,1562548673,C++,C++14 (Clang 3.8.0),cpp,Accepted,2,384,594,
s796107175,p02982,u036778255,1562548670,Rust,Rust (1.15.1),rs,Accepted,2,4352,1031,
s943404329,p02982,u813569174,1562548670,Python,PyPy3 (2.4.0),py,Accepted,171,38384,283,
s947234821,p02982,u469063372,1562548670,Python,Python (3.4.3),py,Accepted,17,3064,336,
s537702310,p02982,u050607149,1562548670,C++,C++14 (GCC 5.4.1),cpp,Accepted,1,256,1227,
s994767818,p02982,u677400065,1562548670,C++,C++14 (GCC 5.4.1),cpp,Accepted,1,256,1153,
s621961051,p02982,u841803074,1562548670,C++,C++14 (GCC 5.4.1),cpp,Accepted,1,256,676,
s723149237,p02982,u700484101,1562548669,C++,C++14 (GCC 5.4.1),cpp,Accepted,1,256,1925,
s796473640,p02982,u834415466,1562548669,C++,C++14 (GCC 5.4.1),cpp,Accepted,1,256,1096,
s497967274,p02982,u829260400,1562548669,C++,C++14 (GCC 5.4.1),cpp,Accepted,1,256,885,
s005196341,p02982,u499889187,1562548669,Java,Java8 (OpenJDK 1.8.0),java,Accepted,109,25172,1304,
s660586934,p02982,u735909278,1562548668,C++,C++14 (GCC 5.4.1),cpp,Accepted,1,256,711,
s452183030,p02982,u008655389,1562548668,Python,Python (3.4.3),py,Accepted,17,3064,446,
s484561972,p02982,u771977886,1562548667,C++,C++14 (GCC 5.4.1),cpp,Accepted,1,256,616,
s112429884,p02982,u014376901,1562548667,C++,C++14 (GCC 5.4.1),cpp,Accepted,2,256,461,
s463882464,p02982,u338520482,1562548667,C++,C++14 (GCC 5.4.1),cpp,Wrong Answer,2,256,643,
s977672641,p02982,u956910277,1562548666,C++,C++14 (GCC 5.4.1),cpp,Accepted,1,256,1919,
s200517592,p02982,u881647420,1562548665,C++,C++14 (GCC 5.4.1),cpp,Accepted,1,256,879,
s449660435,p02982,u951947571,1562548665,Python,Python (3.4.3),py,Accepted,301,20872,425,
s204185941,p02982,u065599736,1562548665,Python,Python (3.4.3),py,Accepted,150,12420,288,
s876810345,p02982,u375006224,1562548665,Python,PyPy3 (2.4.0),py,Accepted,176,38492,329,
s635784248,p02982,u703461446,1562548663,Python,Python (3.4.3),py,Accepted,18,3064,489,
s281936856,p02982,u410269178,1562548660,C++,C++14 (GCC 5.4.1),cpp,Accepted,1,256,487,
s279634882,p02982,u433195318,1562548660,C++,C++ (GCC 5.4.1),cpp,Wrong Answer,1,128,1238,
s808999784,p02982,u903460784,1562548660,Python,Python (3.4.3),py,Wrong Answer,320,21800,338,
s001068949,p02982,u583742345,1562548659,C++,C++14 (GCC 5.4.1),cpp,Accepted,1,256,885,
s734765865,p02982,u950603962,1562548658,C++,C++14 (GCC 5.4.1),cpp,Accepted,1,256,690,
s055847596,p02982,u007504025,1562548657,Python,PyPy3 (2.4.0),py,Runtime Error,166,38768,453,
s710017125,p02982,u400221789,1562548657,Python,Python (3.4.3),py,Accepted,17,3064,302,
s373572924,p02982,u263503281,1562548656,C++,C++14 (GCC 5.4.1),cpp,Wrong Answer,1,256,3727,
s128767458,p02982,u318345739,1562548656,C++,C++14 (GCC 5.4.1),cpp,Accepted,1,256,1050,
s110147932,p02982,u810075828,1562548656,C++,C++14 (GCC 5.4.1),cpp,Accepted,1,256,570,
s363682634,p02982,u565387531,1562548656,Python,Python (3.4.3),py,Accepted,17,3064,346,
s605156897,p02982,u201489353,1562548655,C++,C++14 (GCC 5.4.1),cpp,Accepted,1,256,953,
s970605773,p02982,u146707757,1562548655,C++,C++14 (GCC 5.4.1),cpp,Accepted,1,256,582,
s244416393,p02982,u969116807,1562548655,C++,C++14 (GCC 5.4.1),cpp,Accepted,1,256,701,
s576317686,p02982,u338225045,1562548655,Python,Python (3.4.3),py,Accepted,19,3064,431,
s000337719,p02982,u563252794,1562548654,C++,C++14 (GCC 5.4.1),cpp,Wrong Answer,1,256,485,
s165791426,p02982,u182004566,1562548654,Python,Python (3.4.3),py,Accepted,17,3064,387,
s646000088,p02982,u634461820,1562548653,Python,Python (3.4.3),py,Accepted,320,21172,624,
s992654859,p02982,u047371023,1562548652,C++,C++14 (GCC 5.4.1),cpp,Accepted,1,256,501,
s506003463,p02982,u552122040,1562548650,C++,C++14 (GCC 5.4.1),cpp,Accepted,1,256,710,
s599327422,p02982,u407891541,1562548649,Python,Python (3.4.3),py,Accepted,151,13644,453,
s809375552,p02982,u592186586,1562548649,C++,C++14 (GCC 5.4.1),cpp,Accepted,1,256,1448,
s923014976,p02982,u330661451,1562548647,C++,C++14 (GCC 5.4.1),cpp,Accepted,3,256,795,
s539910484,p02982,u332258971,1562548647,C++,C++14 (GCC 5.4.1),cpp,Accepted,2,640,708,
s175871961,p02982,u247724794,1562548647,C++,C++14 (GCC 5.4.1),cpp,Accepted,1,256,862,
s551053413,p02982,u151947230,1562548647,Python,PyPy3 (2.4.0),py,Accepted,172,38384,318,
s380163168,p02982,u601256797,1562548647,C++,C++14 (GCC 5.4.1),cpp,Accepted,1,256,780,
s919382546,p02982,u735499035,1562548647,C++,C++14 (GCC 5.4.1),cpp,Wrong Answer,1,256,615,
s050272488,p02982,u636186470,1562548647,C++,C++14 (GCC 5.4.1),cpp,Accepted,1,256,711,
s198090905,p02982,u249988228,1562548647,Haskell,Haskell (GHC 7.10.3),hs,Accepted,2,1020,803,
s681787019,p02982,u953095464,1562548646,C++,C++14 (GCC 5.4.1),cpp,Accepted,1,256,518,
s345013219,p02982,u064061804,1562548645,C++,C++14 (GCC 5.4.1),cpp,Accepted,1,256,830,
s716805561,p02982,u983062344,1562548644,C++,C++14 (GCC 5.4.1),cpp,Accepted,1,256,602,
s921606650,p02982,u241076487,1562548643,C++,C++14 (GCC 5.4.1),cpp,Accepted,2,512,4100,
s488986004,p02982,u742987397,1562548643,C++,C++14 (GCC 5.4.1),cpp,Accepted,1,256,704,
s778290537,p02982,u875570028,1562548642,C++,C++14 (GCC 5.4.1),cpp,Accepted,1,256,588,
s359813052,p02982,u380914158,1562548642,Python,PyPy3 (2.4.0),py,Accepted,173,38488,338,
s057469615,p02982,u597436499,1562548642,Java,Java8 (OpenJDK 1.8.0),java,Accepted,108,21716,1064,
s253973263,p02982,u317018965,1562548642,Python,Python (3.4.3),py,Wrong Answer,18,3064,307,
s704489637,p02982,u654115954,1562548642,C++,C++14 (GCC 5.4.1),cpp,Accepted,1,256,798,
s398770249,p02982,u747390421,1562548642,C++,C++14 (GCC 5.4.1),cpp,Wrong Answer,1,256,586,
s573345840,p02982,u155416173,1562548641,C++,C++14 (GCC 5.4.1),cpp,Accepted,1,256,1581,
s277224149,p02982,u802237789,1562548641,C++,C++14 (GCC 5.4.1),cpp,Accepted,1,256,1563,
s572381818,p02982,u155236040,1562548640,Python,Python (3.4.3),py,Accepted,18,3064,359,
s786557584,p02982,u567252408,1562548640,C++,C++14 (GCC 5.4.1),cpp,Accepted,1,256,520,
s022265877,p02982,u828593789,1562548640,C,C (GCC 5.4.1),c,Accepted,1,128,753,
s158682558,p02982,u157951470,1562548640,C++,C++14 (GCC 5.4.1),cpp,Wrong Answer,1,256,1656,
s462644514,p02982,u198355306,1562548639,Ruby,Ruby (2.3.3),rb,Accepted,7,1788,667,
s511268262,p02982,u246975555,1562548638,Python,Python (3.4.3),py,Runtime Error,418,21576,343,
s894167461,p02982,u158378528,1562548637,C++,C++14 (GCC 5.4.1),cpp,Accepted,1,128,631,
s973792751,p02982,u986276444,1562548637,C++,C++14 (GCC 5.4.1),cpp,Accepted,1,256,1037,
s594156648,p02982,u805668940,1562548636,C++,C++14 (GCC 5.4.1),cpp,Compile Error,,,776,
s784528877,p02982,u069799734,1562548636,C++,C++14 (GCC 5.4.1),cpp,Accepted,1,256,1115,
s108367416,p02982,u284045566,1562548636,C++,C++14 (GCC 5.4.1),cpp,Accepted,1,256,1090,
s320914856,p02982,u491818247,1562548636,C,C (GCC 5.4.1),c,Accepted,1,128,656,
s542349577,p02982,u380772254,1562548635,Python,Python (3.4.3),py,Accepted,18,3188,372,
s965111654,p02982,u194908943,1562548634,C++,C++14 (GCC 5.4.1),cpp,Accepted,1,256,1473,
s980318359,p02982,u579455624,1562548632,Java,Java8 (OpenJDK 1.8.0),java,Accepted,108,21844,843,
s878630775,p02982,u685596368,1562548632,C++,C++14 (GCC 5.4.1),cpp,Accepted,1,256,549,
s294242972,p02982,u808593466,1562548632,C++,C++14 (GCC 5.4.1),cpp,Accepted,3,640,801,
s613265119,p02982,u222188267,1562548632,C++,C++14 (GCC 5.4.1),cpp,Accepted,1,256,706,
s753436511,p02982,u588522540,1562548631,C++,C++14 (GCC 5.4.1),cpp,Accepted,1,256,901,
s812071081,p02982,u207082620,1562548631,Python,PyPy3 (2.4.0),py,Accepted,167,38384,756,
s806879507,p02982,u102310764,1562548631,Go,Go (1.6),go,Wrong Answer,1,512,469,
s736454102,p02982,u553807330,1562548630,C++,C++14 (GCC 5.4.1),cpp,Accepted,1,256,778,
s162067966,p02982,u475487788,1562548629,C#,C# (Mono 4.6.2.0),cs,Accepted,24,13396,2113,
s330851477,p02982,u545356970,1562548629,Java,Java8 (OpenJDK 1.8.0),java,Accepted,73,20692,2206,
s182030276,p02982,u765478029,1562548629,Ruby,Ruby (2.3.3),rb,Accepted,7,3836,255,
s301673356,p02982,u726523100,1562548629,Ruby,Ruby (2.3.3),rb,Accepted,7,1788,348,
s377041606,p02982,u995179535,1562548629,C++,C++14 (GCC 5.4.1),cpp,Accepted,1,256,652,
s389746083,p02982,u288035794,1562548628,C++,C++14 (GCC 5.4.1),cpp,Compile Error,,,1778,
s191940511,p02982,u600300412,1562548628,C,C (GCC 5.4.1),c,Accepted,1,128,511,
s899690440,p02982,u583862121,1562548627,C++,C++14 (GCC 5.4.1),cpp,Accepted,1,256,1304,
s766913885,p02982,u330913290,1562548627,C++,C++14 (GCC 5.4.1),cpp,Accepted,1,256,657,
s287700927,p02982,u138816476,1562548626,Python,Python (3.4.3),py,Accepted,17,3064,373,
s815928850,p02982,u489316980,1562548625,Java,Java8 (OpenJDK 1.8.0),java,Accepted,108,21716,844,
s843374886,p02982,u408650734,1562548625,C++,C++14 (GCC 5.4.1),cpp,Accepted,1,256,610,
s150966527,p02982,u098704227,1562548624,C++,C++14 (GCC 5.4.1),cpp,Accepted,1,256,1594,
s645578054,p02982,u419307948,1562548624,C++,C++14 (GCC 5.4.1),cpp,Accepted,1,256,603,
s419576567,p02982,u610473220,1562548623,Python,Python (3.4.3),py,Accepted,18,3064,372,
s074280716,p02982,u560381579,1562548623,C++,C++14 (GCC 5.4.1),cpp,Accepted,1,256,613,
s735524514,p02982,u640800420,1562548622,C++,C++14 (GCC 5.4.1),cpp,Wrong Answer,1,256,533,
s156438377,p02982,u394634573,1562548622,C++,C++14 (GCC 5.4.1),cpp,Accepted,1,256,2721,
s963653088,p02982,u965266315,1562548622,Java,Java8 (OpenJDK 1.8.0),java,Accepted,131,21716,1035,
s689469834,p02982,u848678027,1562548620,Python,Python (3.4.3),py,Accepted,18,3064,524,
s673235512,p02982,u166378830,1562548619,C++,C++14 (GCC 5.4.1),cpp,Accepted,1,256,493,
s994243459,p02982,u051652188,1562548618,C++,C++14 (GCC 5.4.1),cpp,Accepted,1,256,1087,
s555898209,p02982,u196697332,1562548618,Python,Python (3.4.3),py,Accepted,18,3064,356,
s944644159,p02982,u337266378,1562548617,C++,C++14 (GCC 5.4.1),cpp,Wrong Answer,1,128,603,
s531305359,p02982,u196254124,1562548617,C++,C++14 (GCC 5.4.1),cpp,Accepted,1,256,564,
s165311597,p02982,u368384385,1562548617,C++,C++14 (GCC 5.4.1),cpp,Wrong Answer,1,256,564,
s743358431,p02982,u377622126,1562548617,C++,C++14 (GCC 5.4.1),cpp,Accepted,1,256,1084,
s649555488,p02982,u922965680,1562548616,Python,PyPy3 (2.4.0),py,Wrong Answer,191,38384,607,
s182988060,p02982,u651242194,1562548616,C++,C++14 (GCC 5.4.1),cpp,Accepted,1,256,591,
s814649180,p02982,u568299363,1562548615,C++,C++14 (GCC 5.4.1),cpp,Accepted,1,256,659,
s074771894,p02982,u598795006,1562548615,JavaScript,JavaScript (node.js v5.12),js,Accepted,222,21192,1126,
s964183964,p02982,u803102116,1562548615,Rust,Rust (1.15.1),rs,Accepted,2,4352,7614,
s319141871,p02982,u184335045,1562548615,C,C (GCC 5.4.1),c,Accepted,1,128,532,
s798646783,p02982,u528124741,1562548614,Python,Python (3.4.3),py,Accepted,18,3064,404,
s347156897,p02982,u563252794,1562548614,C++,C++14 (GCC 5.4.1),cpp,Wrong Answer,1,256,478,
s150241550,p02982,u165393068,1562548614,C++,C++14 (GCC 5.4.1),cpp,Accepted,1,256,877,
s217710066,p02982,u503906942,1562548614,C,C (GCC 5.4.1),c,Accepted,1,128,703,
s202633355,p02982,u626000772,1562548613,Python,Python (3.4.3),py,Accepted,18,3064,446,
s126471507,p02982,u281982182,1562548613,Ruby,Ruby (2.3.3),rb,Accepted,7,1788,327,
s601071496,p02982,u302631114,1562548613,Java,Java8 (OpenJDK 1.8.0),java,Accepted,109,23764,991,
s934301987,p02982,u405832869,1562548613,Python,Python (3.4.3),py,Accepted,28,3064,379,
s871180956,p02982,u197497255,1562548612,Ruby,Ruby (2.3.3),rb,Accepted,7,1788,339,
s979912497,p02982,u249156825,1562548612,Python,Python (3.4.3),py,Accepted,18,3064,339,
s296544233,p02982,u922552549,1562548612,C++,C++14 (GCC 5.4.1),cpp,Accepted,1,256,837,
s384417880,p02982,u921773161,1562548612,Python,Python (3.4.3),py,Accepted,302,19588,362,
s801735939,p02982,u083636246,1562548611,C++,C++14 (GCC 5.4.1),cpp,Accepted,1,256,1650,
s451333462,p02982,u681869152,1562548610,C++,C++14 (GCC 5.4.1),cpp,Wrong Answer,1,256,999,
s170382018,p02982,u569041543,1562548610,C++,C++14 (GCC 5.4.1),cpp,Wrong Answer,1,256,796,
s801656792,p02982,u799790267,1562548610,C++,C++14 (GCC 5.4.1),cpp,Accepted,1,256,398,
s249551713,p02982,u671455949,1562548609,Python,PyPy3 (2.4.0),py,Accepted,183,38256,325,
s532821845,p02982,u922018373,1562548609,C++,C++14 (GCC 5.4.1),cpp,Wrong Answer,1,256,1492,
s972770539,p02982,u438265890,1562548607,C++,C++14 (GCC 5.4.1),cpp,Accepted,1,256,667,
s434675364,p02982,u199912250,1562548607,C++,C++14 (GCC 5.4.1),cpp,Accepted,1,256,1050,
s051106943,p02982,u222643068,1562548607,Python,Python (3.4.3),py,Accepted,18,3064,300,
s410949435,p02982,u583742345,1562548606,C++,C++14 (GCC 5.4.1),cpp,Wrong Answer,1,256,928,
s950383644,p02982,u116328320,1562548606,Python,Python (3.4.3),py,Accepted,18,3064,352,
s763517840,p02982,u314642288,1562548606,JavaScript,JavaScript (node.js v5.12),js,Accepted,54,7500,1075,
s762549598,p02982,u539916870,1562548606,C++,C++14 (GCC 5.4.1),cpp,Compile Error,,,648,
s857279365,p02982,u010725318,1562548605,C++,C++14 (GCC 5.4.1),cpp,Accepted,1,256,645,
s272653934,p02982,u310023971,1562548605,Python,Python (3.4.3),py,Accepted,17,3064,334,
s737145514,p02982,u481250941,1562548603,Python,Python (3.4.3),py,Accepted,18,3064,454,
s164780637,p02982,u146205443,1562548602,Java,Java8 (OpenJDK 1.8.0),java,Accepted,78,23124,931,
s761183203,p02982,u492148983,1562548602,C++,C++14 (GCC 5.4.1),cpp,Accepted,1,128,410,
s725817723,p02982,u539953365,1562548602,Python,Python (3.4.3),py,Accepted,18,3064,396,
s450956698,p02982,u605917063,1562548601,Rust,Rust (1.15.1),rs,Accepted,2,4352,1168,
s641302502,p02982,u471144507,1562548601,C++,C++14 (GCC 5.4.1),cpp,Wrong Answer,1,256,679,
s799704944,p02982,u459798349,1562548601,Python,Python (3.4.3),py,Accepted,17,3064,396,
s324611969,p02982,u120143737,1562548601,C++,C++14 (GCC 5.4.1),cpp,Accepted,1,256,808,
s749692480,p02982,u511501183,1562548601,C++,C++14 (GCC 5.4.1),cpp,Accepted,1,256,660,
s177796174,p02982,u646148705,1562548601,C++,C++14 (GCC 5.4.1),cpp,Accepted,1,256,736,
s626371528,p02982,u150664457,1562548601,Python,Python (3.4.3),py,Accepted,17,3064,412,
s978055130,p02982,u917048429,1562548600,C++,C++14 (Clang 3.8.0),cpp,Accepted,7,888,2042,
s942601465,p02982,u059210959,1562548600,Python,Python (3.4.3),py,Accepted,66,6732,619,
s783657329,p02982,u802977614,1562548599,Python,Python (3.4.3),py,Accepted,17,3060,275,
s253658757,p02982,u812803774,1562548598,Python,Python (3.4.3),py,Accepted,150,12432,351,
s357210432,p02982,u727025296,1562548597,Python,Python (3.4.3),py,Accepted,28,3572,503,
s810411496,p02982,u829737781,1562548597,Haskell,Haskell (GHC 7.10.3),hs,Accepted,2,1020,603,
s252777981,p02982,u263352518,1562548597,Python,Python (3.4.3),py,Accepted,18,3064,422,
s690250762,p02982,u674114383,1562548597,C++,C++14 (GCC 5.4.1),cpp,Accepted,1,256,806,
s319313622,p02982,u237620737,1562548596,Ruby,Ruby (2.3.3),rb,Accepted,7,3836,331,
s576944803,p02982,u498620941,1562548596,Python,Python (3.4.3),py,Accepted,19,3064,430,
s301316072,p02982,u919633157,1562548596,Python,Python (3.4.3),py,Accepted,17,3064,316,
s666097913,p02982,u610473220,1562548595,Python,Python (3.4.3),py,Wrong Answer,18,3064,409,
s137945436,p02982,u886771373,1562548594,C++,C++14 (GCC 5.4.1),cpp,Accepted,1,256,958,
s221641182,p02982,u504228740,1562548593,Java,Java8 (OpenJDK 1.8.0),java,Accepted,106,21716,568,
s516356239,p02982,u498650088,1562548591,C++,C++14 (GCC 5.4.1),cpp,Accepted,1,256,571,
s293058961,p02982,u594592689,1562548591,C++,C++14 (GCC 5.4.1),cpp,Accepted,1,256,470,
s843487791,p02982,u278602440,1562548591,C++,C++14 (GCC 5.4.1),cpp,Accepted,1,256,544,
s101748910,p02982,u505953563,1562548591,C++,C++14 (GCC 5.4.1),cpp,Accepted,1,256,908,
s638997902,p02982,u148555958,1562548590,C++,C++14 (GCC 5.4.1),cpp,Accepted,1,256,676,
s073997743,p02982,u613623257,1562548590,C++,C++14 (GCC 5.4.1),cpp,Accepted,1,256,892,
s013398051,p02982,u662068510,1562548589,C++,C++14 (GCC 5.4.1),cpp,Wrong Answer,1,256,634,
s721821089,p02982,u855138664,1562548589,C++,C++14 (GCC 5.4.1),cpp,Accepted,2,640,1085,
s823775089,p02982,u014847113,1562548589,C,C (GCC 5.4.1),c,Accepted,1,128,494,
s752717021,p02982,u926242698,1562548589,C++,C++14 (GCC 5.4.1),cpp,Accepted,1,256,1731,
s301728951,p02982,u848950237,1562548587,C++,C++14 (GCC 5.4.1),cpp,Wrong Answer,1,256,393,
s427994110,p02982,u288432959,1562548586,C++,C++14 (GCC 5.4.1),cpp,Accepted,1,384,2655,
s256735748,p02982,u467168157,1562548586,C++,C++14 (GCC 5.4.1),cpp,Accepted,1,256,2615,
s677832386,p02982,u477694598,1562548586,C++,C++14 (GCC 5.4.1),cpp,Accepted,1,256,662,
s283721217,p02982,u072949274,1562548586,Python,Python (3.4.3),py,Accepted,149,13244,351,
s066805548,p02982,u117657834,1562548583,Java,Java8 (OpenJDK 1.8.0),java,Accepted,109,23764,795,
s296545182,p02982,u503228842,1562548583,Python,Python (3.4.3),py,Accepted,150,12504,509,
s328367295,p02982,u015914170,1562548583,C++,C++14 (GCC 5.4.1),cpp,Accepted,1,256,614,
s974283648,p02982,u534275734,1562548582,C++,C++14 (GCC 5.4.1),cpp,Accepted,1,256,957,
s608888883,p02982,u433195318,1562548582,C++,C++ (GCC 5.4.1),cpp,Wrong Answer,1,128,1236,
s148379516,p02982,u431042158,1562548580,C++,C++14 (GCC 5.4.1),cpp,Accepted,1,256,687,
s558267315,p02982,u135954097,1562548580,C++,C++14 (GCC 5.4.1),cpp,Accepted,1,256,876,
s070874129,p02982,u891387249,1562548579,Scala,Scala (2.11.7),scala,Accepted,358,25800,472,
s187938737,p02982,u580904613,1562548579,Python,Python (3.4.3),py,Accepted,149,12408,277,
s625371730,p02982,u922552549,1562548578,C++,C++14 (GCC 5.4.1),cpp,Compile Error,,,844,
s576763252,p02982,u350561505,1562548578,C++,C++14 (GCC 5.4.1),cpp,Accepted,1,256,520,
s352094313,p02982,u895526251,1562548577,Python,Python (3.4.3),py,Wrong Answer,17,3064,448,
s472726571,p02982,u708067384,1562548577,C++,C++ (GCC 5.4.1),cpp,Wrong Answer,1,128,631,
s238891336,p02982,u808809727,1562548576,C++,C++14 (GCC 5.4.1),cpp,Accepted,1,256,532,
s463857604,p02982,u363068170,1562548575,C++,C++14 (GCC 5.4.1),cpp,Accepted,1,256,687,
s307328979,p02982,u462976050,1562548574,Python,Python (3.4.3),py,Accepted,17,3064,388,
s422531561,p02982,u530223066,1562548574,C++,C++14 (GCC 5.4.1),cpp,Wrong Answer,4,512,1637,
s333818503,p02982,u377834804,1562548574,Python,Python (3.4.3),py,Accepted,150,12404,359,
s749048869,p02982,u965529378,1562548573,C++,C++14 (GCC 5.4.1),cpp,Accepted,1,256,681,
s897184514,p02982,u561186440,1562548573,C++,C++14 (GCC 5.4.1),cpp,Accepted,1,256,1130,
s337979298,p02982,u997368585,1562548573,C,C (GCC 5.4.1),c,Accepted,1,128,525,
s323117200,p02982,u912147518,1562548572,Python,Python (3.4.3),py,Accepted,22,3444,534,
s748151885,p02982,u056636437,1562548572,C++,C++14 (GCC 5.4.1),cpp,Accepted,3,896,1819,
s736253297,p02982,u718935188,1562548571,Kotlin,Kotlin (1.0.0),kt,Compile Error,,,2392,
s547398409,p02982,u058186113,1562548570,C++,C++14 (GCC 5.4.1),cpp,Accepted,1,256,633,
s455016112,p02982,u444349080,1562548570,C++,C++14 (GCC 5.4.1),cpp,Accepted,1,256,596,
s898446310,p02982,u337266378,1562548569,C++,C++14 (GCC 5.4.1),cpp,Wrong Answer,1,128,574,
s341835510,p02982,u452269253,1562548568,Python,Python (3.4.3),py,Runtime Error,17,3064,384,
s154481602,p02982,u425177436,1562548567,Python,Python (3.4.3),py,Accepted,17,3060,250,
s231571523,p02982,u200252727,1562548567,C++,C++14 (GCC 5.4.1),cpp,Accepted,1,256,528,
s451963215,p02982,u748241164,1562548566,Python,Python (3.4.3),py,Accepted,339,21792,340,
s115596981,p02982,u640800420,1562548566,C++,C++14 (GCC 5.4.1),cpp,Wrong Answer,1,256,529,
s369084141,p02982,u667024514,1562548566,Python,Python (3.4.3),py,Accepted,17,3064,354,
s767516589,p02982,u477878685,1562548566,C++,C++14 (GCC 5.4.1),cpp,Wrong Answer,1,256,627,
s858867675,p02982,u545094859,1562548566,C++,C++14 (GCC 5.4.1),cpp,Accepted,1,256,1107,
s911769400,p02982,u145602296,1562548565,Ruby,Ruby (2.3.3),rb,Accepted,12,2044,255,
s753330045,p02982,u751730221,1562548565,C++,C++14 (GCC 5.4.1),cpp,Accepted,1,256,705,
s914259305,p02982,u054652697,1562548565,C++,C++14 (GCC 5.4.1),cpp,Wrong Answer,1,256,1160,
s830638798,p02982,u726173718,1562548564,Lua,LuaJIT (2.0.4),lua,Wrong Answer,1,256,481,
s560079491,p02982,u798894056,1562548563,Python,Python (3.4.3),py,Accepted,308,20780,456,
s623004968,p02982,u297767059,1562548563,Python,Python (3.4.3),py,Accepted,18,3064,443,
s649013543,p02982,u552366486,1562548563,Ruby,Ruby (2.3.3),rb,Accepted,7,1788,441,
s562266123,p02982,u039360403,1562548562,Python,Python (3.4.3),py,Accepted,18,3064,372,
s560146263,p02982,u518883877,1562548562,C++,C++14 (GCC 5.4.1),cpp,Accepted,1,256,3611,
s244080244,p02982,u052476723,1562548562,C++,C++14 (GCC 5.4.1),cpp,Compile Error,,,641,
s760383365,p02982,u876386943,1562548561,C++,C++14 (GCC 5.4.1),cpp,Wrong Answer,1,256,596,
s595630486,p02982,u226951654,1562548561,C++,C++14 (GCC 5.4.1),cpp,Accepted,1,256,1016,
s086379294,p02982,u149419355,1562548561,Java,Java8 (OpenJDK 1.8.0),java,Accepted,109,21844,1204,
s368640131,p02982,u027002244,1562548561,Python,Python (3.4.3),py,Accepted,18,3064,517,
s309086107,p02982,u195054737,1562548560,C++,C++14 (GCC 5.4.1),cpp,Accepted,3,384,1802,
s223917548,p02982,u713465512,1562548560,Python,Python (3.4.3),py,Accepted,18,3064,455,
s050273573,p02982,u086056891,1562548560,Python,Python (3.4.3),py,Accepted,23,3064,363,
s510494397,p02982,u899909022,1562548560,Python,Python (3.4.3),py,Accepted,18,3064,365,
s749871119,p02982,u934685914,1562548559,C++,C++14 (GCC 5.4.1),cpp,Accepted,1,256,1751,
s103860066,p02982,u840713046,1562548559,C++,C++14 (GCC 5.4.1),cpp,Accepted,1,256,774,
s486625818,p02982,u464540027,1562548559,C++,C++14 (GCC 5.4.1),cpp,Accepted,1,256,676,
s627934100,p02982,u260947909,1562548559,Python,PyPy3 (2.4.0),py,Accepted,179,38384,285,
s804755353,p02982,u900937596,1562548559,C++,C++14 (GCC 5.4.1),cpp,Accepted,1,256,721,
s594455736,p02982,u924467864,1562548559,Python,Python (3.4.3),py,Accepted,150,12468,467,
s628032773,p02982,u558182684,1562548558,Python,PyPy3 (2.4.0),py,Runtime Error,174,38640,218,
s999116063,p02982,u962383502,1562548558,C++,C++14 (GCC 5.4.1),cpp,Accepted,1,256,667,
s351002569,p02982,u007785897,1562548558,Python,Python (3.4.3),py,Accepted,149,12452,301,
s486047476,p02982,u470208427,1562548557,Python,Python (3.4.3),py,Accepted,18,3064,356,
s484780258,p02982,u239528020,1562548557,Python,Python (3.4.3),py,Accepted,18,3064,357,
s047772361,p02982,u225577738,1562548556,Python,Python (3.4.3),py,Accepted,18,3064,324,
s820277655,p02982,u875347753,1562548556,C++,C++14 (GCC 5.4.1),cpp,Accepted,1,256,514,
s100305824,p02982,u257192613,1562548556,C++,C++14 (GCC 5.4.1),cpp,Accepted,1,256,1612,
s410824918,p02982,u890870565,1562548555,C++,C++14 (GCC 5.4.1),cpp,Accepted,1,256,1417,
s117393741,p02982,u255821449,1562548555,Python,Python (3.4.3),py,Accepted,17,3188,419,
s413408434,p02982,u339937125,1562548555,C++,C++14 (GCC 5.4.1),cpp,Accepted,1,256,449,
s112298110,p02982,u203062059,1562548555,C++,C++14 (GCC 5.4.1),cpp,Accepted,1,256,1810,
s574380088,p02982,u952022797,1562548554,Python,Python (3.4.3),py,Accepted,46,4848,1818,
s113810008,p02982,u463655976,1562548554,Python,Python (3.4.3),py,Accepted,17,3064,338,
s908464158,p02982,u813174766,1562548553,C++,C++14 (GCC 5.4.1),cpp,Accepted,1,256,847,
s085899673,p02982,u785465309,1562548553,C++,C++14 (GCC 5.4.1),cpp,Accepted,1,256,882,
s100409896,p02982,u479918572,1562548553,Python,PyPy3 (2.4.0),py,Runtime Error,165,38640,321,
s436025943,p02982,u438662618,1562548553,Python,Python (3.4.3),py,Accepted,17,3064,395,
s711307309,p02982,u663333959,1562548551,Java,Java8 (OpenJDK 1.8.0),java,Accepted,73,21076,1467,
s981639436,p02982,u988912858,1562548551,Ruby,Ruby (2.3.3),rb,Accepted,7,1788,368,
s505281812,p02982,u850491413,1562548550,Python,PyPy3 (2.4.0),py,Accepted,175,38384,376,
s056681619,p02982,u024416480,1562548550,C++,C++14 (GCC 5.4.1),cpp,Compile Error,,,7617,
s447043045,p02982,u702943266,1562548549,C++,C++14 (GCC 5.4.1),cpp,Accepted,1,256,614,
s135335514,p02982,u588767381,1562548549,C++,C++14 (GCC 5.4.1),cpp,Accepted,1,256,762,
s197193511,p02982,u554954744,1562548549,Python,PyPy3 (2.4.0),py,Accepted,181,38384,363,
s817103936,p02982,u440032761,1562548549,C++,C++14 (GCC 5.4.1),cpp,Accepted,1,256,600,
s074662428,p02982,u589268546,1562548549,C#,C# (Mono 4.6.2.0),cs,Accepted,22,13268,2387,
s217868493,p02982,u728082661,1562548548,C++,C++14 (GCC 5.4.1),cpp,Accepted,1,256,593,
s883416180,p02982,u097408484,1562548548,C++,C++14 (GCC 5.4.1),cpp,Accepted,1,256,1304,
s998848710,p02982,u629420046,1562548546,C++,C++14 (GCC 5.4.1),cpp,Accepted,2,384,604,
s455048383,p02982,u114648678,1562548546,Python,Python (3.4.3),py,Accepted,18,3060,352,
s554864736,p02982,u996290370,1562548545,TypeScript,TypeScript (2.1.6),ts,Accepted,54,9420,649,
s559172671,p02982,u930574673,1562548544,Python,Python (3.4.3),py,Accepted,149,12452,312,
s813957747,p02982,u399700294,1562548544,C++,C++14 (GCC 5.4.1),cpp,Accepted,1,256,737,
s620706516,p02982,u205324159,1562548544,C++,C++14 (GCC 5.4.1),cpp,Accepted,1,256,707,
s297115147,p02982,u250338668,1562548544,C++,C++14 (GCC 5.4.1),cpp,Wrong Answer,3,384,619,
s014485880,p02982,u633684453,1562548542,Python,Python (3.4.3),py,Accepted,18,3064,405,
s574736883,p02982,u657913472,1562548542,Octave,Octave (4.0.2),octave,Accepted,592,44944,78,
s836125273,p02982,u065079240,1562548542,Python,Python (3.4.3),py,Accepted,17,3060,322,
s636069255,p02982,u217556271,1562548542,Python,Python (3.4.3),py,Accepted,56,6352,719,
s731736985,p02982,u298945776,1562548541,Python,Python (3.4.3),py,Wrong Answer,17,3188,362,
s870149811,p02982,u505953563,1562548541,C++,C++14 (GCC 5.4.1),cpp,Wrong Answer,1,256,930,
s612325556,p02982,u626337957,1562548541,Python,Python (3.4.3),py,Accepted,17,3060,336,
s740939336,p02982,u608297208,1562548540,Nim,Nim (0.13.0),nim,Wrong Answer,1,256,683,
s258641637,p02982,u375619974,1562548540,C++,C++14 (GCC 5.4.1),cpp,Compile Error,,,1529,
s129359562,p02982,u526603504,1562548540,Python,Python (3.4.3),py,Accepted,18,3064,739,
s725040997,p02982,u141610915,1562548540,Python,Python (3.4.3),py,Accepted,18,3064,343,
s378046710,p02982,u384094369,1562548539,Python,Python (3.4.3),py,Accepted,17,3064,362,
s759268520,p02982,u917872021,1562548539,Python,Python (3.4.3),py,Accepted,18,3064,490,
s039108353,p02982,u242556886,1562548538,C++,C++14 (GCC 5.4.1),cpp,Accepted,1,256,638,
s648148284,p02982,u728566015,1562548537,Python,Python (3.4.3),py,Runtime Error,17,2940,326,
s465681852,p02982,u825143564,1562548536,C++,C++14 (GCC 5.4.1),cpp,Accepted,1,256,602,
s326371035,p02982,u811897616,1562548536,C++,C++14 (GCC 5.4.1),cpp,Wrong Answer,1,256,534,
s065525454,p02982,u148555958,1562548536,C++,C++14 (GCC 5.4.1),cpp,Wrong Answer,1,256,666,
s446828212,p02982,u950721652,1562548535,C++,C++14 (GCC 5.4.1),cpp,Accepted,1,256,676,
s897390335,p02982,u591725500,1562548535,C++,C++14 (GCC 5.4.1),cpp,Accepted,1,256,816,
s237002239,p02982,u902577051,1562548535,Python,PyPy3 (2.4.0),py,Accepted,168,38384,426,
s137011520,p02982,u320241053,1562548534,C++,C++14 (GCC 5.4.1),cpp,Accepted,1,256,646,
s521921813,p02982,u222643068,1562548534,Python,Python (3.4.3),py,Wrong Answer,17,3064,315,
s453959572,p02982,u342005896,1562548534,C++,C++14 (GCC 5.4.1),cpp,Accepted,1,256,772,
s737916552,p02982,u405612058,1562548533,C++,C++14 (GCC 5.4.1),cpp,Accepted,1,256,885,
s126055621,p02982,u813450934,1562548533,Python,Python (3.4.3),py,Accepted,17,3188,391,
s665234255,p02982,u303037478,1562548533,Python,PyPy3 (2.4.0),py,Accepted,162,38256,360,
s805166897,p02982,u404244809,1562548532,C++,C++14 (GCC 5.4.1),cpp,Accepted,1,256,1303,
s486163128,p02982,u094001297,1562548532,C++,C++14 (GCC 5.4.1),cpp,Accepted,1,256,638,
s320237336,p02982,u020161676,1562548532,JavaScript,JavaScript (node.js v5.12),js,Wrong Answer,54,7500,654,
s083966169,p02982,u468811760,1562548532,C++,C++14 (GCC 5.4.1),cpp,Accepted,1,256,675,
s475036390,p02982,u501858653,1562548529,Haskell,Haskell (GHC 7.10.3),hs,Accepted,1,508,696,
s672265251,p02982,u999406210,1562548529,C++,C++14 (GCC 5.4.1),cpp,Accepted,1,256,1145,
s928806919,p02982,u604398799,1562548529,Python,Python (3.4.3),py,Accepted,208,14124,4604,
s983662188,p02982,u373364108,1562548528,C++,C++14 (Clang 3.8.0),cpp,Accepted,1,256,1874,
s079341335,p02982,u021877732,1562548527,C++,C++14 (GCC 5.4.1),cpp,Accepted,1,256,1118,
s079908047,p02982,u041075929,1562548527,C++,C++14 (GCC 5.4.1),cpp,Accepted,1,256,850,
s721654192,p02982,u010232954,1562548527,C#,C# (Mono 4.6.2.0),cs,Accepted,27,13524,1242,
s201831476,p02982,u812973725,1562548526,C,C (GCC 5.4.1),c,Accepted,1,128,526,
s717339317,p02982,u097304477,1562548525,Java,Java8 (OpenJDK 1.8.0),java,Accepted,71,20948,6148,
s703298412,p02982,u287367500,1562548525,C++,C++14 (GCC 5.4.1),cpp,Accepted,1,256,761,
s729266535,p02982,u342443598,1562548525,OCaml,OCaml (4.02.3),ml,Accepted,1,2432,1456,
s766897960,p02982,u587425560,1562548525,Python,Python (3.4.3),py,Accepted,17,3064,461,
s352746415,p02982,u762677575,1562548524,C++,C++14 (GCC 5.4.1),cpp,Accepted,1,256,922,
s220398604,p02982,u015418072,1562548524,Python,Python (3.4.3),py,Accepted,17,3064,430,
s270587884,p02982,u883203948,1562548524,Python,Python (3.4.3),py,Accepted,149,12448,387,
s189743315,p02982,u006251926,1562548524,Python,Python (3.4.3),py,Accepted,18,3064,343,
s294004907,p02982,u716826907,1562548523,Ruby,Ruby (2.3.3),rb,Accepted,7,1788,237,
s376763412,p02982,u671861352,1562548523,Python,Python (3.4.3),py,Accepted,149,12492,280,
s051746717,p02982,u216459554,1562548522,C++,C++14 (GCC 5.4.1),cpp,Accepted,1,256,1407,
s444919320,p02982,u511344501,1562548522,C++,C++14 (GCC 5.4.1),cpp,Accepted,1,256,880,
s748215720,p02982,u598073939,1562548522,Fortran,Fortran (gfortran v4.8.4),f,Accepted,1,256,433,
s629005877,p02982,u266742706,1562548521,Go,Go (1.6),go,Accepted,1,640,3136,
s385015851,p02982,u889812821,1562548521,C++,C++14 (GCC 5.4.1),cpp,Accepted,1,256,501,
s816294352,p02982,u923488187,1562548520,C++,C++14 (GCC 5.4.1),cpp,Accepted,1,256,877,
s428842156,p02982,u942393279,1562548520,C++,C++14 (GCC 5.4.1),cpp,Accepted,2,256,624,
s692270475,p02982,u379951749,1562548520,C++,C++14 (GCC 5.4.1),cpp,Accepted,1,256,1091,
s866717424,p02982,u443924743,1562548520,Ruby,Ruby (2.3.3),rb,Accepted,7,1788,291,
s950590688,p02982,u448290027,1562548519,C++,C++14 (GCC 5.4.1),cpp,Wrong Answer,1,256,2428,
s291405700,p02982,u237493274,1562548519,Python,Python (3.4.3),py,Accepted,150,12500,251,
s485298352,p02982,u545368057,1562548519,Python,Python (3.4.3),py,Wrong Answer,19,3064,432,
s348395193,p02982,u518883877,1562548519,C++,C++14 (GCC 5.4.1),cpp,Runtime Error,134,384,3611,
s929304606,p02982,u377415042,1562548519,Python,Python (3.4.3),py,Accepted,150,12424,417,
s489356113,p02982,u899975427,1562548519,Python,Python (3.4.3),py,Accepted,18,3064,302,
s396958220,p02982,u657913472,1562548518,Octave,Octave (4.0.2),octave,Accepted,614,44300,80,
s566567043,p02982,u576115185,1562548518,C++,C++14 (GCC 5.4.1),cpp,Accepted,1,256,1135,
s646666119,p02982,u889640107,1562548517,Go,Go (1.6),go,Accepted,1,640,857,
s728549692,p02982,u575781793,1562548516,C++,C++14 (GCC 5.4.1),cpp,Accepted,1,256,9625,
s042010660,p02982,u076506345,1562548516,C++,C++14 (GCC 5.4.1),cpp,Accepted,1,256,2674,
s117122445,p02982,u874333466,1562548515,Python,Python (3.4.3),py,Wrong Answer,17,3064,617,
s096983996,p02982,u240031669,1562548514,C++,C++14 (GCC 5.4.1),cpp,Accepted,2,256,1547,
s557032695,p02982,u569041543,1562548513,C++,C++14 (GCC 5.4.1),cpp,Wrong Answer,1,256,796,
s282760231,p02982,u072949274,1562548513,Python,PyPy3 (2.4.0),py,Runtime Error,179,38640,351,
s437950391,p02982,u361726856,1562548513,C++,C++14 (GCC 5.4.1),cpp,Accepted,1,256,913,
s626030001,p02982,u571028333,1562548512,Python,PyPy3 (2.4.0),py,Accepted,184,38384,344,
s203410965,p02982,u068727970,1562548512,Python,Python (3.4.3),py,Accepted,17,3064,384,
s392187973,p02982,u276588887,1562548511,C++,C++14 (GCC 5.4.1),cpp,Wrong Answer,1,256,1104,
s476013963,p02982,u249899624,1562548511,C++,C++14 (GCC 5.4.1),cpp,Accepted,1,256,479,
s895760724,p02982,u575909439,1562548511,Java,Java8 (OpenJDK 1.8.0),java,Accepted,109,23764,827,
s052172691,p02982,u539339654,1562548510,C++,C++14 (GCC 5.4.1),cpp,Accepted,1,128,1712,
s138631429,p02982,u493627944,1562548510,Python,Python (3.4.3),py,Accepted,17,3064,479,
s831175994,p02982,u661125964,1562548510,C++,C++14 (GCC 5.4.1),cpp,Accepted,2,384,593,
s309089178,p02982,u240904580,1562548509,C++,C++14 (GCC 5.4.1),cpp,Accepted,1,256,818,
s354267733,p02982,u255172538,1562548509,C++,C++ (GCC 5.4.1),cpp,Accepted,1,256,711,
s754950622,p02982,u043140379,1562548508,Python,Python (3.4.3),py,Accepted,33,4208,513,
s069069959,p02982,u543894008,1562548508,Python,Python (3.4.3),py,Accepted,18,3064,331,
s757680683,p02982,u475972508,1562548507,C++,C++14 (GCC 5.4.1),cpp,Accepted,1,256,707,
s948790545,p02982,u651808137,1562548507,Rust,Rust (1.15.1),rs,Accepted,2,4352,1086,
s256158197,p02982,u178249601,1562548506,Python,Python (3.4.3),py,Wrong Answer,17,3064,421,
s344653919,p02982,u655834330,1562548506,Python,Python (3.4.3),py,Accepted,17,3064,715,
s982052239,p02982,u391533749,1562548506,Python,Python (3.4.3),py,Accepted,18,3064,377,
s744828665,p02982,u855087874,1562548505,C++,C++14 (GCC 5.4.1),cpp,Accepted,1,256,667,
s009351777,p02982,u091286840,1562548505,C++,C++14 (GCC 5.4.1),cpp,Accepted,1,640,495,
s539793902,p02982,u497552697,1562548505,C++,C++14 (GCC 5.4.1),cpp,Accepted,1,256,657,
s090978806,p02982,u522214671,1562548504,Python,Python (3.4.3),py,Accepted,18,3064,375,
s644172898,p02982,u713492631,1562548503,Python,Python (3.4.3),py,Accepted,17,3064,446,
s408853492,p02982,u366480899,1562548503,C++,C++14 (GCC 5.4.1),cpp,Accepted,1,256,644,
s516051035,p02982,u765525480,1562548503,C++,C++14 (GCC 5.4.1),cpp,Accepted,1,256,746,
s534437455,p02982,u146779775,1562548503,C++,C++14 (GCC 5.4.1),cpp,Accepted,1,256,629,
s650907352,p02982,u908432409,1562548503,C++,C++14 (GCC 5.4.1),cpp,Accepted,1,256,4158,
s537736232,p02982,u576115185,1562548503,C++,C++14 (GCC 5.4.1),cpp,Runtime Error,286,384,1327,
s039778708,p02982,u701237149,1562548503,C++,C++14 (GCC 5.4.1),cpp,Accepted,1,256,645,
s766561597,p02982,u976560086,1562548502,C++,C++14 (GCC 5.4.1),cpp,Accepted,1,256,1360,
s359423690,p02982,u342005896,1562548502,C++,C++14 (GCC 5.4.1),cpp,Compile Error,,,770,
s246255190,p02982,u561013007,1562548502,C++,C++14 (GCC 5.4.1),cpp,Accepted,1,256,814,
s701044858,p02982,u437638594,1562548502,Python,Python (3.4.3),py,Accepted,17,3064,440,
s877743435,p02982,u243556669,1562548501,C++,C++14 (GCC 5.4.1),cpp,Accepted,1,256,812,
s373486043,p02982,u313007881,1562548501,C++,C++14 (GCC 5.4.1),cpp,Runtime Error,123,256,809,
s645440323,p02982,u904123392,1562548501,C++,C++14 (GCC 5.4.1),cpp,Accepted,1,256,650,
s919542793,p02982,u649037611,1562548501,Go,Go (1.6),go,Accepted,1,512,504,
s440167502,p02982,u174028570,1562548499,C++,C++14 (GCC 5.4.1),cpp,Accepted,1,128,650,
s176727277,p02982,u783675879,1562548498,C++,C++14 (GCC 5.4.1),cpp,Accepted,5,12032,11641,
s739086167,p02982,u845251421,1562548498,Python,Python (3.4.3),py,Accepted,357,21412,376,
s054155926,p02982,u531372048,1562548498,C++,C++14 (GCC 5.4.1),cpp,Accepted,1,256,871,
s516739542,p02982,u069838609,1562548497,Python,PyPy3 (2.4.0),py,Accepted,181,38896,537,
s983635611,p02982,u190234543,1562548497,C++,C++14 (GCC 5.4.1),cpp,Accepted,1,256,1787,
s607407506,p02982,u497552697,1562548497,Bash,Bash (GNU bash v4.3.11),sh,Runtime Error,15,1396,657,
s816520905,p02982,u133607477,1562548497,C++,C++14 (Clang 3.8.0),cpp,Accepted,8,888,1211,
s445519834,p02982,u419383010,1562548497,C++,C++14 (GCC 5.4.1),cpp,Accepted,1,256,954,
s206897950,p02982,u846796522,1562548495,C++,C++14 (GCC 5.4.1),cpp,Accepted,1,256,987,
s530854220,p02982,u728082661,1562548495,C++,C++14 (GCC 5.4.1),cpp,Compile Error,,,565,
s574923317,p02982,u230078189,1562548494,C++,C++14 (GCC 5.4.1),cpp,Accepted,1,256,457,
s378386923,p02982,u846041485,1562548494,C++,C++14 (GCC 5.4.1),cpp,Accepted,1,256,839,
s969514241,p02982,u526818046,1562548494,Kotlin,Kotlin (1.0.0),kt,Compile Error,,,461,
s794221945,p02982,u699826748,1562548494,C++,C++14 (GCC 5.4.1),cpp,Accepted,1,256,437,
s627079179,p02982,u832158848,1562548493,Python,Python (3.4.3),py,Accepted,17,3064,338,
s846046942,p02982,u346395915,1562548493,Python,Python (3.4.3),py,Accepted,18,3188,403,
s277380287,p02982,u350049649,1562548493,Python,Python (3.4.3),py,Accepted,18,3188,359,
s470903989,p02982,u324739185,1562548491,TypeScript,TypeScript (2.1.6),ts,Accepted,53,7372,747,
s942179943,p02982,u660258862,1562548491,C#,C# (Mono 4.6.2.0),cs,Accepted,24,13396,1015,
s097687850,p02982,u565795452,1562548490,C++,C++14 (GCC 5.4.1),cpp,Wrong Answer,1,256,745,
s858420741,p02982,u483366732,1562548489,C++,C++14 (GCC 5.4.1),cpp,Accepted,1,256,1643,
s672368328,p02982,u952491523,1562548489,Python,Python (3.4.3),py,Accepted,17,3064,389,
s277027788,p02982,u040251933,1562548489,C++,C++14 (GCC 5.4.1),cpp,Accepted,4,504,2833,
s133854759,p02982,u826263061,1562548489,Python,PyPy3 (2.4.0),py,Accepted,164,38256,469,
s555298916,p02982,u058297300,1562548489,C++,C++14 (GCC 5.4.1),cpp,Accepted,1,256,1038,
s532482831,p02982,u677347379,1562548488,C++,C++14 (GCC 5.4.1),cpp,Accepted,2,256,559,
s114322349,p02982,u494379309,1562548488,C++,C++14 (GCC 5.4.1),cpp,Accepted,1,256,620,
s490652796,p02982,u305668100,1562548488,C++,C++14 (GCC 5.4.1),cpp,Accepted,1,128,1182,
s775022147,p02982,u052476723,1562548487,C++,C++14 (GCC 5.4.1),cpp,Compile Error,,,636,
s071291044,p02982,u518623219,1562548487,C++,C++14 (GCC 5.4.1),cpp,Accepted,1,256,841,
s795828898,p02982,u131340563,1562548486,C++,C++14 (GCC 5.4.1),cpp,Accepted,1,256,1127,
s025883444,p02982,u621935300,1562548485,Python,PyPy2 (5.6.0),py,Accepted,45,31084,264,
s355841511,p02982,u555947166,1562548484,Python,Python (3.4.3),py,Accepted,19,3060,381,
s033718612,p02982,u762677575,1562548484,C++,C++14 (GCC 5.4.1),cpp,Compile Error,,,903,
s684607260,p02982,u661336847,1562548484,C++,C++ (GCC 5.4.1),cpp,Compile Error,,,598,
s312591673,p02982,u952656646,1562548484,Python,Python (3.4.3),py,Accepted,18,3064,402,
s791387653,p02982,u019356802,1562548483,C++,C++14 (GCC 5.4.1),cpp,Accepted,1,256,662,
s273833554,p02982,u368383065,1562548483,C++,C++14 (GCC 5.4.1),cpp,Accepted,1,256,393,
s373198113,p02982,u346308892,1562548483,Python,Python (3.4.3),py,Accepted,150,12500,349,
s080577240,p02982,u699602362,1562548482,C++,C++14 (GCC 5.4.1),cpp,Accepted,1,256,584,
s333820650,p02982,u238704641,1562548482,Python,Python (3.4.3),py,Accepted,18,3064,369,
s944131507,p02982,u108648546,1562548481,C++,C++14 (GCC 5.4.1),cpp,Accepted,1,256,754,
s565527122,p02982,u050276949,1562548481,Fortran,Fortran (gfortran v4.8.4),f,Accepted,6,640,461,
s375550435,p02982,u008729541,1562548481,C++,C++14 (GCC 5.4.1),cpp,Accepted,1,256,483,
s871561268,p02982,u375006224,1562548481,Python,PyPy3 (2.4.0),py,Runtime Error,165,38256,320,
s509363344,p02982,u455707769,1562548481,Python,Python (3.4.3),py,Accepted,18,3188,367,
s343876055,p02982,u659511702,1562548480,Python,Python (3.4.3),py,Accepted,18,3188,332,
s139522817,p02982,u069429049,1562548480,Java,Java8 (OpenJDK 1.8.0),java,Accepted,129,22996,821,
s777649308,p02982,u605853117,1562548480,Python,Python (3.4.3),py,Accepted,295,21276,324,
s503269997,p02982,u520434261,1562548479,Kotlin,Kotlin (1.0.0),kt,Accepted,250,37872,586,
s330412375,p02982,u718935188,1562548478,Kotlin,Kotlin (1.0.0),kt,Compile Error,,,2382,
s522436031,p02982,u592186586,1562548478,C++,C++14 (GCC 5.4.1),cpp,Wrong Answer,1,256,1459,
s916432488,p02982,u814171899,1562548477,Python,Python (3.4.3),py,Accepted,17,3064,307,
s087399905,p02982,u975701785,1562548477,C++,C++14 (GCC 5.4.1),cpp,Accepted,1,256,876,
s225835155,p02982,u991846372,1562548475,C++,C++14 (GCC 5.4.1),cpp,Accepted,1,256,471,
s003004902,p02982,u534953209,1562548475,Python,Python (3.4.3),py,Accepted,17,3064,477,
s525518107,p02982,u468862268,1562548475,C++,C++14 (GCC 5.4.1),cpp,Wrong Answer,1,256,1031,
s138761367,p02982,u700986952,1562548475,C++,C++14 (GCC 5.4.1),cpp,Accepted,1,256,834,
s294115762,p02982,u996450615,1562548475,C++,C++14 (GCC 5.4.1),cpp,Accepted,1,256,667,
s221399506,p02982,u650868520,1562548474,C++,C++14 (GCC 5.4.1),cpp,Accepted,1,256,741,
s509318277,p02982,u470986987,1562548473,C++,C++14 (GCC 5.4.1),cpp,Accepted,1,256,558,
s696196317,p02982,u321915648,1562548472,C++,C++14 (GCC 5.4.1),cpp,Accepted,1,256,1224,
s137221759,p02982,u269804060,1562548472,C++,C++14 (GCC 5.4.1),cpp,Accepted,1,256,791,
s563192023,p02982,u935723832,1562548471,C++,C++14 (GCC 5.4.1),cpp,Accepted,1,256,415,
s653246574,p02982,u643523813,1562548471,Python,Python (3.4.3),py,Accepted,17,3188,347,
s611343268,p02982,u646965135,1562548471,Rust,Rust (1.15.1),rs,Accepted,2,4352,5224,
s797775410,p02982,u858520692,1562548471,C++,C++14 (GCC 5.4.1),cpp,Accepted,1,256,437,
s838285083,p02982,u578462133,1562548470,Python,Python (3.4.3),py,Accepted,17,3064,359,
s567546448,p02982,u942230032,1562548470,C++,C++14 (GCC 5.4.1),cpp,Accepted,1,256,1562,
s333873603,p02982,u085528265,1562548469,C#,C# (Mono 4.6.2.0),cs,Accepted,24,13396,1251,
s966127232,p02982,u804505290,1562548469,Python,Python (3.4.3),py,Accepted,18,3064,316,
s315141022,p02982,u951952491,1562548469,C++,C++14 (GCC 5.4.1),cpp,Accepted,3,384,544,
s638443348,p02982,u664207511,1562548469,C++,C++14 (GCC 5.4.1),cpp,Accepted,1,256,553,
s958000056,p02982,u172785970,1562548468,Python,Python (3.4.3),py,Accepted,17,3064,227,
s558844574,p02982,u723494462,1562548468,C++,C++14 (GCC 5.4.1),cpp,Accepted,1,256,415,
s165850610,p02982,u952491523,1562548466,Python,Python (3.4.3),py,Wrong Answer,17,3064,405,
s128672651,p02982,u055529891,1562548466,Python,Python (3.4.3),py,Accepted,17,3064,415,
s949986240,p02982,u824905100,1562548466,C++,C++14 (GCC 5.4.1),cpp,Accepted,1,256,5930,
s184007317,p02982,u802963389,1562548466,Python,Python (3.4.3),py,Accepted,18,3064,442,
s529645839,p02982,u240904580,1562548466,C++,C++14 (GCC 5.4.1),cpp,Compile Error,,,801,
s073739133,p02982,u142996493,1562548465,C++,C++14 (GCC 5.4.1),cpp,Accepted,10,31744,4809,
s805506643,p02982,u823451365,1562548465,Ruby,Ruby (2.3.3),rb,Accepted,7,1788,328,
s294677900,p02982,u354916249,1562548465,Python,Python (3.4.3),py,Accepted,17,3060,323,
s781804771,p02982,u148555958,1562548465,C++,C++14 (GCC 5.4.1),cpp,Wrong Answer,1,256,666,
s075870469,p02982,u737715061,1562548465,Python,Python (3.4.3),py,Accepted,17,3064,462,
s099668695,p02982,u276498379,1562548463,C++,C++14 (GCC 5.4.1),cpp,Accepted,3,256,570,
s256462947,p02982,u076783581,1562548463,C++,C++14 (GCC 5.4.1),cpp,Accepted,1,256,622,
s524009229,p02982,u780675733,1562548463,Python,Python (3.4.3),py,Accepted,18,3064,336,
s869357417,p02982,u337657882,1562548463,C,C (GCC 5.4.1),c,Accepted,1,128,403,
s763083771,p02982,u391331433,1562548463,C++,C++14 (GCC 5.4.1),cpp,Accepted,1,256,1666,
s591152139,p02982,u825842302,1562548463,Python,Python (3.4.3),py,Wrong Answer,18,3064,480,
s463108179,p02982,u557698358,1562548462,C++,C++14 (GCC 5.4.1),cpp,Accepted,1,256,547,
s896077812,p02982,u086407583,1562548461,C++,C++14 (GCC 5.4.1),cpp,Accepted,1,256,513,
s603542463,p02982,u914173586,1562548461,C++,C++14 (GCC 5.4.1),cpp,Accepted,1,256,910,
s331824883,p02982,u538921909,1562548461,C++,C++14 (GCC 5.4.1),cpp,Accepted,1,256,735,
s907018428,p02982,u233185849,1562548461,Java,Java8 (OpenJDK 1.8.0),java,Accepted,71,23252,1358,
s894170458,p02982,u835629653,1562548461,C++,C++14 (GCC 5.4.1),cpp,Accepted,1,256,2283,
s131436940,p02982,u721316601,1562548460,Python,Python (3.4.3),py,Accepted,149,12500,296,
s521210246,p02982,u211109468,1562548460,C++,C++14 (GCC 5.4.1),cpp,Accepted,1,256,480,
s627693265,p02982,u885523920,1562548460,C++,C++14 (GCC 5.4.1),cpp,Wrong Answer,1,256,443,
s372226428,p02982,u638456847,1562548460,Python,Python (3.4.3),py,Accepted,18,3064,474,
s381406666,p02982,u848950237,1562548460,C++,C++14 (GCC 5.4.1),cpp,Compile Error,,,391,
s046889889,p02982,u377989038,1562548459,Python,Python (3.4.3),py,Accepted,17,3064,433,
s317896577,p02982,u463697306,1562548458,C++,C++14 (GCC 5.4.1),cpp,Accepted,1,256,1547,
s477499557,p02982,u973951392,1562548458,Rust,Rust (1.15.1),rs,Accepted,2,4352,2048,
s041907721,p02982,u260168182,1562548458,C++,C++14 (GCC 5.4.1),cpp,Wrong Answer,1,256,477,
s578113411,p02982,u593180859,1562548457,Java,Java8 (OpenJDK 1.8.0),java,Accepted,70,22996,2815,
s962700912,p02982,u637170240,1562548457,Python,Python (3.4.3),py,Accepted,18,3064,339,
s471083493,p02982,u792404329,1562548457,C++,C++14 (GCC 5.4.1),cpp,Accepted,1,256,1306,
s543015695,p02982,u521389909,1562548457,C++,C++14 (GCC 5.4.1),cpp,Accepted,1,256,753,
s205970031,p02982,u389679466,1562548456,Python,Python (3.4.3),py,Accepted,289,20880,442,
s013707106,p02982,u387013436,1562548455,C++,C++14 (GCC 5.4.1),cpp,Accepted,1,256,1277,
s042237286,p02982,u753583424,1562548454,C++,C++14 (GCC 5.4.1),cpp,Accepted,1,256,741,
s004930314,p02982,u470208427,1562548454,Python,Python (3.4.3),py,Wrong Answer,17,3064,365,
s025697739,p02982,u195054737,1562548454,C++,C++14 (GCC 5.4.1),cpp,Wrong Answer,1,256,1797,
s010149932,p02982,u934954661,1562548453,C++,C++14 (GCC 5.4.1),cpp,Accepted,1,256,1252,
s393191063,p02982,u657913472,1562548453,Octave,Octave (4.0.2),octave,Wrong Answer,642,53044,106,
s688050277,p02982,u549516870,1562548452,C++,C++14 (GCC 5.4.1),cpp,Accepted,1,256,947,
s984119011,p02982,u467736898,1562548452,Python,Python (3.4.3),py,Accepted,18,3060,298,
s196502532,p02982,u918009437,1562548451,Python,Python (3.4.3),py,Accepted,18,3064,625,
s218627922,p02982,u454557108,1562548451,Python,Python (3.4.3),py,Accepted,18,3064,353,
s484669065,p02982,u142082997,1562548451,TypeScript,TypeScript (2.1.6),ts,Accepted,54,7500,643,
s435499922,p02982,u917282863,1562548450,C++,C++14 (GCC 5.4.1),cpp,Accepted,1,256,1010,
s892184493,p02982,u987267288,1562548450,C++,C++14 (GCC 5.4.1),cpp,Accepted,1,256,4377,
s036794280,p02982,u127882207,1562548450,C++,C++14 (GCC 5.4.1),cpp,Accepted,1,256,961,
s273755564,p02982,u209067041,1562548449,C++,C++14 (GCC 5.4.1),cpp,Accepted,1,256,649,
s129606907,p02982,u954976049,1562548449,C++,C++14 (GCC 5.4.1),cpp,Accepted,1,256,534,
s841038273,p02982,u591008980,1562548449,C++,C++14 (GCC 5.4.1),cpp,Accepted,1,256,767,
s210750740,p02982,u427681070,1562548448,C++,C++14 (GCC 5.4.1),cpp,Accepted,1,256,1005,
s074983054,p02982,u139561065,1562548448,C++,C++14 (GCC 5.4.1),cpp,Accepted,1,256,897,
s707968655,p02982,u722189950,1562548448,Python,Python (3.4.3),py,Accepted,17,3188,309,
s744601427,p02982,u219197917,1562548448,Python,PyPy3 (2.4.0),py,Accepted,166,38384,348,
s113376077,p02982,u948459352,1562548447,C++,C++14 (GCC 5.4.1),cpp,Accepted,2,640,510,
s776918944,p02982,u889423178,1562548447,C++,C++14 (GCC 5.4.1),cpp,Accepted,1,256,628,
s856150850,p02982,u553348533,1562548447,Python,Python (3.4.3),py,Accepted,17,3064,370,
s265741101,p02982,u794729709,1562548446,Java,Java8 (OpenJDK 1.8.0),java,Accepted,77,21460,1379,
s340941801,p02982,u764956288,1562548446,Python,Python (3.4.3),py,Runtime Error,149,12408,384,
s330114639,p02982,u253726906,1562548446,Java,Java8 (OpenJDK 1.8.0),java,Accepted,109,21844,609,
s595744729,p02982,u616217092,1562548444,Python,Python (3.4.3),py,Accepted,18,3064,474,
s780376454,p02982,u094534482,1562548443,C++,C++14 (GCC 5.4.1),cpp,Accepted,3,4096,2101,
s553772722,p02982,u387806792,1562548442,Java,Java8 (OpenJDK 1.8.0),java,Accepted,108,21460,958,
s405263104,p02982,u380391081,1562548442,C++,C++14 (GCC 5.4.1),cpp,Accepted,1,256,717,
s656294869,p02982,u192903163,1562548442,C++,C++14 (GCC 5.4.1),cpp,Accepted,1,256,1199,
s671114377,p02982,u732546570,1562548442,C++,C++14 (GCC 5.4.1),cpp,Accepted,1,256,699,
s480555056,p02982,u534296203,1562548441,Python,PyPy3 (2.4.0),py,Accepted,171,38384,395,
s383005391,p02982,u536745747,1562548441,C++,C++14 (GCC 5.4.1),cpp,Wrong Answer,1,256,781,
s694047810,p02982,u113091201,1562548440,Python,Python (2.7.6),py,Accepted,10,2692,289,
s218807453,p02982,u590198086,1562548440,C++,C++14 (GCC 5.4.1),cpp,Accepted,1,256,948,
s383744921,p02982,u460412596,1562548440,C++,C++14 (GCC 5.4.1),cpp,Accepted,1,256,538,
s490473828,p02982,u624867468,1562548438,C++,C++14 (GCC 5.4.1),cpp,Accepted,1,256,564,
s304292540,p02982,u474423089,1562548438,Python,Python (3.4.3),py,Accepted,18,3188,456,
s952521340,p02982,u091286840,1562548438,C++,C++14 (GCC 5.4.1),cpp,Runtime Error,129,256,491,
s805536867,p02982,u612858131,1562548437,C++,C++14 (GCC 5.4.1),cpp,Accepted,1,256,1647,
s333474349,p02982,u960783046,1562548437,Python,Python (3.4.3),py,Accepted,18,3064,459,
s525780064,p02982,u714378447,1562548437,Python,Python (3.4.3),py,Accepted,149,12452,302,
s686703408,p02982,u778814286,1562548437,Python,PyPy3 (2.4.0),py,Accepted,172,38512,949,
s565024213,p02982,u114207999,1562548437,C++,C++14 (GCC 5.4.1),cpp,Accepted,1,256,677,
s244780452,p02982,u516811325,1562548435,C++,C++14 (GCC 5.4.1),cpp,Accepted,1,256,589,
s696314127,p02982,u085526499,1562548435,C,C (GCC 5.4.1),c,Accepted,1,128,596,
s596681359,p02982,u546736430,1562548435,C++,C++14 (GCC 5.4.1),cpp,Accepted,1,256,440,
s705007372,p02982,u246975555,1562548434,Python,Python (3.4.3),py,Runtime Error,151,12440,336,
s825179194,p02982,u002386242,1562548434,C++,C++14 (GCC 5.4.1),cpp,Accepted,1,256,695,
s307514023,p02982,u728082661,1562548434,C++,C++14 (GCC 5.4.1),cpp,Compile Error,,,560,
s288665472,p02982,u642435852,1562548434,C++,C++14 (GCC 5.4.1),cpp,Accepted,1,256,485,
s937773594,p02982,u867522815,1562548433,Rust,Rust (1.15.1),rs,Accepted,2,4352,2225,
s783519266,p02982,u004256738,1562548433,C++,C++14 (GCC 5.4.1),cpp,Accepted,1,256,826,
s614760988,p02982,u756036193,1562548432,C++,C++14 (GCC 5.4.1),cpp,Accepted,1,256,373,
s977900214,p02982,u538246954,1562548432,Java,Java8 (OpenJDK 1.8.0),java,Accepted,77,22996,16882,
s002019205,p02982,u349832549,1562548432,Ruby,Ruby (2.3.3),rb,Accepted,7,1788,498,
s032858221,p02982,u608297208,1562548431,Nim,Nim (0.13.0),nim,Wrong Answer,1,256,677,
s221635078,p02982,u669240121,1562548431,Python,Python (3.4.3),py,Accepted,17,3064,395,
s861660574,p02982,u039805629,1562548431,C++,C++14 (Clang 3.8.0),cpp,Accepted,10,888,1465,
s457257787,p02982,u708986486,1562548431,C++,C++14 (GCC 5.4.1),cpp,Accepted,1,256,1192,
s281397264,p02982,u149419355,1562548431,Java,Java8 (OpenJDK 1.8.0),java,Wrong Answer,106,23124,1203,
s690597201,p02982,u906428167,1562548430,Python,PyPy3 (2.4.0),py,Accepted,452,105068,2237,
s975803252,p02982,u909375072,1562548429,C++,C++14 (GCC 5.4.1),cpp,Accepted,3,512,2013,
s273286890,p02982,u346307762,1562548428,PHP,PHP7 (7.0.15),php,Wrong Answer,11,4728,558,
s562213577,p02982,u085564315,1562548428,C++,C++14 (GCC 5.4.1),cpp,Accepted,1,256,909,
s434323569,p02982,u604412462,1562548427,Python,Python (3.4.3),py,Accepted,17,3064,324,
s612392297,p02982,u186967328,1562548427,Python,Python (3.4.3),py,Accepted,17,3064,432,
s139591084,p02982,u052476723,1562548426,C++,C++14 (GCC 5.4.1),cpp,Compile Error,,,630,
s092363479,p02982,u215722591,1562548425,C++,C++14 (GCC 5.4.1),cpp,Accepted,1,256,613,
s898770010,p02982,u138253748,1562548425,Rust,Rust (1.15.1),rs,Accepted,2,4352,2147,
s839681999,p02982,u598869726,1562548425,C++,C++14 (Clang 3.8.0),cpp,Accepted,7,888,469,
s662314637,p02982,u895536055,1562548425,C++,C++14 (GCC 5.4.1),cpp,Accepted,1,256,509,
s641609176,p02982,u474161185,1562548424,C++,C++14 (GCC 5.4.1),cpp,Accepted,1,256,651,
s285946163,p02982,u455505352,1562548423,C,C (Clang 3.8.0),c,Compile Error,,,1269,
s029859254,p02982,u121192152,1562548423,Python,Python (3.4.3),py,Accepted,362,21548,303,
s587637199,p02982,u595786324,1562548422,C++,C++14 (GCC 5.4.1),cpp,Accepted,2,640,845,
s525855780,p02982,u261868146,1562548422,C++,C++14 (GCC 5.4.1),cpp,Accepted,1,256,499,
s116391510,p02982,u723550619,1562548421,C++,C++14 (GCC 5.4.1),cpp,Accepted,1,256,734,
s500346064,p02982,u335830383,1562548420,Python,PyPy3 (2.4.0),py,Accepted,194,38256,386,
s670642031,p02982,u382748202,1562548419,Python,Python (3.4.3),py,Accepted,18,3064,364,
s523757841,p02982,u655122274,1562548419,Ruby,Ruby (2.3.3),rb,Accepted,7,1788,333,
s008108823,p02982,u243786252,1562548419,C++,C++14 (GCC 5.4.1),cpp,Accepted,1,256,1082,
s641011835,p02982,u167161639,1562548419,C++,C++14 (GCC 5.4.1),cpp,Accepted,1,256,696,
s475010320,p02982,u843135954,1562548418,Python,Python (3.4.3),py,Accepted,18,3064,526,
s183422155,p02982,u275488634,1562548418,C++,C++14 (GCC 5.4.1),cpp,Accepted,1,256,496,
s945122598,p02982,u341846697,1562548418,C++,C++14 (GCC 5.4.1),cpp,Wrong Answer,1,256,755,
s130994468,p02982,u662614053,1562548418,C++,C++14 (GCC 5.4.1),cpp,Accepted,1,256,1053,
s631359824,p02982,u513900925,1562548417,Python,Python (3.4.3),py,Accepted,17,3188,362,
s220472324,p02982,u075298186,1562548417,C++,C++14 (GCC 5.4.1),cpp,Accepted,1,256,770,
s246931238,p02982,u795009336,1562548417,C++,C++14 (GCC 5.4.1),cpp,Accepted,1,256,461,
s942083636,p02982,u397763977,1562548416,Ruby,Ruby (2.3.3),rb,Accepted,12,2300,291,
s346920440,p02982,u470437951,1562548416,C++,C++14 (GCC 5.4.1),cpp,Accepted,1,256,830,
s084010713,p02982,u001566280,1562548416,C++,C++14 (GCC 5.4.1),cpp,Wrong Answer,1,256,1416,
s096707921,p02982,u261374036,1562548416,Python,PyPy3 (2.4.0),py,Accepted,170,38256,382,
s250296022,p02982,u527058497,1562548415,C++,C++14 (GCC 5.4.1),cpp,Accepted,1,256,865,
s673215543,p02982,u054016602,1562548415,C++,C++14 (GCC 5.4.1),cpp,Accepted,1,256,755,
s440173776,p02982,u973152737,1562548415,C++,C++14 (GCC 5.4.1),cpp,Accepted,1,256,411,
s847329887,p02982,u697367509,1562548415,C++,C++14 (GCC 5.4.1),cpp,Accepted,1,256,414,
s300985847,p02982,u735038435,1562548414,C#,C# (Mono 4.6.2.0),cs,Accepted,21,11092,2871,
s216051890,p02982,u899645116,1562548414,C++,C++14 (GCC 5.4.1),cpp,Accepted,1,256,1151,
s866141597,p02982,u628332144,1562548414,C++,C++14 (GCC 5.4.1),cpp,Accepted,1,256,925,
s705730995,p02982,u312066476,1562548413,C++,C++14 (GCC 5.4.1),cpp,Accepted,1,256,483,
s484922358,p02982,u695429668,1562548413,Python,PyPy3 (2.4.0),py,Accepted,174,38384,514,
s661356221,p02982,u714564133,1562548413,C++,C++14 (GCC 5.4.1),cpp,Accepted,1,256,968,
s836926637,p02982,u904804404,1562548413,Python,PyPy3 (2.4.0),py,Accepted,176,38320,291,
s192646560,p02982,u055685044,1562548413,C++,C++14 (GCC 5.4.1),cpp,Accepted,4,384,688,
s746835246,p02982,u933685059,1562548413,C++,C++14 (GCC 5.4.1),cpp,Accepted,2,384,530,
s452501907,p02982,u074445770,1562548412,C++,C++14 (GCC 5.4.1),cpp,Accepted,1,256,1834,
s076819748,p02982,u325709450,1562548412,Ruby,Ruby (2.3.3),rb,Accepted,7,1788,252,
s969539908,p02982,u450733728,1562548411,C++,C++14 (GCC 5.4.1),cpp,Accepted,1,256,1000,
s847053952,p02982,u572745161,1562548411,Ruby,Ruby (2.3.3),rb,Accepted,7,1788,325,
s077684355,p02982,u129607134,1562548411,C++,C++14 (Clang 3.8.0),cpp,Accepted,7,888,908,
s972236386,p02982,u216069198,1562548411,C++,C++14 (GCC 5.4.1),cpp,Accepted,1,256,2963,
s093971001,p02982,u839188633,1562548411,Python,Python (3.4.3),py,Accepted,17,3060,270,
s340221236,p02982,u740813346,1562548411,Python,Python (3.4.3),py,Accepted,151,12484,320,
s728424647,p02982,u885523920,1562548411,C++,C++14 (GCC 5.4.1),cpp,Wrong Answer,1,256,443,
s736178973,p02982,u561358604,1562548410,C++,C++14 (GCC 5.4.1),cpp,Accepted,1,256,492,
s514964673,p02982,u754375546,1562548410,Ruby,Ruby (2.3.3),rb,Accepted,12,2172,462,
s663037612,p02982,u269772701,1562548410,Java,Java8 (OpenJDK 1.8.0),java,Accepted,79,25044,2826,
s530166416,p02982,u778948914,1562548409,C++,C++14 (GCC 5.4.1),cpp,Accepted,1,256,1262,
s351946851,p02982,u089711240,1562548409,Python,Python (3.4.3),py,Accepted,18,3064,377,
s203356310,p02982,u543173665,1562548408,C,C (GCC 5.4.1),c,Accepted,1,128,943,
s822548511,p02982,u074306398,1562548407,C++,C++14 (GCC 5.4.1),cpp,Accepted,1,256,453,
s412097491,p02982,u806601169,1562548407,C++,C++14 (GCC 5.4.1),cpp,Accepted,1,256,1323,
s411082315,p02982,u552730117,1562548407,Java,Java8 (OpenJDK 1.8.0),java,Accepted,103,21588,742,
s667490521,p02982,u391544286,1562548406,C++,C++14 (GCC 5.4.1),cpp,Accepted,1,256,541,
s963110656,p02982,u022871813,1562548405,Python,Python (3.4.3),py,Accepted,17,3064,464,
s684667012,p02982,u032627078,1562548405,C++,C++14 (GCC 5.4.1),cpp,Accepted,1,256,1690,
s494479950,p02982,u080883543,1562548405,Python,Python (3.4.3),py,Accepted,148,12488,325,
s078322540,p02982,u401614948,1562548404,Python,Python (3.4.3),py,Accepted,20,3064,351,
s232732126,p02982,u487476769,1562548404,C++,C++14 (GCC 5.4.1),cpp,Accepted,1,256,5961,
s112016586,p02982,u179778090,1562548404,C,C (GCC 5.4.1),c,Wrong Answer,1,128,498,
s542108214,p02982,u680068823,1562548404,C++,C++14 (GCC 5.4.1),cpp,Accepted,1,256,322,
s875968545,p02982,u642435852,1562548404,C++,C++14 (GCC 5.4.1),cpp,Accepted,4,384,485,
s284332176,p02982,u166970909,1562548404,C,C (GCC 5.4.1),c,Accepted,1,128,557,
s145065205,p02982,u083960235,1562548403,Python,Python (3.4.3),py,Accepted,18,3064,577,
s333575675,p02982,u115086397,1562548403,C++,C++14 (GCC 5.4.1),cpp,Accepted,33,384,725,
s280646725,p02982,u363315718,1562548403,Python,Python (3.4.3),py,Accepted,53,5584,793,
s134604215,p02982,u528470578,1562548402,Python,PyPy3 (2.4.0),py,Accepted,181,38576,356,
s894389716,p02982,u331757937,1562548401,Java,Java8 (OpenJDK 1.8.0),java,Accepted,73,25556,3819,
s264681988,p02982,u632679464,1562548401,C++,C++14 (GCC 5.4.1),cpp,Accepted,1,256,436,
s131267024,p02982,u518730706,1562548400,C#,C# (Mono 4.6.2.0),cs,Accepted,25,13396,8658,
s324733915,p02982,u073500051,1562548400,C++,C++14 (GCC 5.4.1),cpp,Accepted,1,256,615,
s134349306,p02982,u672995180,1562548400,C++,C++14 (GCC 5.4.1),cpp,Accepted,1,256,631,
s576904339,p02982,u859897687,1562548400,Python,PyPy3 (2.4.0),py,Accepted,165,38384,278,
s116157872,p02982,u699193595,1562548399,C++,C++14 (GCC 5.4.1),cpp,Wrong Answer,1,256,787,
s007046105,p02982,u231685196,1562548399,Python,Python (3.4.3),py,Accepted,164,13372,891,
s984764751,p02982,u323492289,1562548398,Python,Python (3.4.3),py,Accepted,150,12504,449,
s749924943,p02982,u829203929,1562548397,Python,Python (3.4.3),py,Accepted,152,12484,451,
s937812149,p02982,u029452384,1562548397,Python,Python (3.4.3),py,Accepted,153,12396,392,
s469977467,p02982,u244832678,1562548397,C++,C++14 (GCC 5.4.1),cpp,Accepted,1,256,469,
s893008603,p02982,u578423830,1562548397,Java,Java8 (OpenJDK 1.8.0),java,Accepted,101,21844,950,
s720821230,p02982,u711800642,1562548397,C++,C++14 (GCC 5.4.1),cpp,Accepted,1,256,660,
s950920036,p02982,u886790158,1562548396,C++,C++14 (Clang 3.8.0),cpp,Accepted,8,888,787,
s985315348,p02982,u342005896,1562548396,C++,C++14 (GCC 5.4.1),cpp,Compile Error,,,753,
s637414802,p02982,u688509741,1562548396,C++,C++14 (GCC 5.4.1),cpp,Accepted,1,256,481,
s191608906,p02982,u441197772,1562548396,Python,Python (3.4.3),py,Accepted,17,3188,313,
s900077329,p02982,u866752019,1562548395,Rust,Rust (1.15.1),rs,Accepted,2,4352,1650,
s392901129,p02982,u691380397,1562548394,C++,C++14 (GCC 5.4.1),cpp,Accepted,1,256,945,
s913271570,p02982,u744908753,1562548393,Ruby,Ruby (2.3.3),rb,Accepted,7,1788,325,
s271254894,p02982,u769062455,1562548392,C++,C++14 (GCC 5.4.1),cpp,Accepted,1,256,866,
s333387345,p02982,u568693769,1562548392,Python,Python (3.4.3),py,Accepted,17,3064,304,
s419656981,p02982,u123896133,1562548392,C++,C++14 (GCC 5.4.1),cpp,Accepted,1,256,613,
s354540164,p02982,u437562292,1562548392,C#,C# (Mono 4.6.2.0),cs,Accepted,20,11092,1215,
s928874414,p02982,u911627967,1562548392,C++,C++14 (GCC 5.4.1),cpp,Accepted,1,256,657,
s888646293,p02982,u766262621,1562548391,C++,C++14 (GCC 5.4.1),cpp,Accepted,1,128,603,
s161647177,p02982,u535907456,1562548390,Python,Python (3.4.3),py,Accepted,17,3188,439,
s277079930,p02982,u350561505,1562548389,C++,C++14 (GCC 5.4.1),cpp,Wrong Answer,2,256,626,
s282407647,p02982,u878967567,1562548389,C++,C++14 (GCC 5.4.1),cpp,Accepted,1,256,670,
s295092502,p02982,u915355756,1562548389,Python,Python (3.4.3),py,Accepted,18,3188,337,
s067716011,p02982,u088000503,1562548389,C++,C++14 (GCC 5.4.1),cpp,Accepted,1,256,556,
s681610975,p02982,u256315261,1562548389,Python,Python (3.4.3),py,Accepted,150,12504,373,
s927020500,p02982,u253952966,1562548389,Python,Python (3.4.3),py,Accepted,17,3188,353,
s467618201,p02982,u111471511,1562548389,Python,Python (3.4.3),py,Accepted,151,12416,435,
s005400279,p02982,u724418357,1562548388,C++,C++14 (GCC 5.4.1),cpp,Accepted,3,256,979,
s218919429,p02982,u159335277,1562548388,C++,C++14 (Clang 3.8.0),cpp,Wrong Answer,1,256,634,
s071038948,p02982,u138013242,1562548387,Python,PyPy3 (2.4.0),py,Accepted,166,38384,393,
s087673424,p02982,u296150111,1562548387,Python,Python (3.4.3),py,Accepted,18,3064,322,
s981075248,p02982,u098870186,1562548387,Ruby,Ruby (2.3.3),rb,Accepted,7,1916,224,
s049349932,p02982,u177643271,1562548387,C++,C++14 (GCC 5.4.1),cpp,Accepted,1,256,652,
s003589607,p02982,u047393579,1562548386,Python,PyPy3 (2.4.0),py,Accepted,170,38256,332,
s172242014,p02982,u477096296,1562548386,C++,C++14 (GCC 5.4.1),cpp,Accepted,1,256,742,
s013238870,p02982,u684901760,1562548386,C++,C++14 (GCC 5.4.1),cpp,Wrong Answer,1,128,626,
s055100753,p02982,u740054550,1562548386,C#,C# (Mono 4.6.2.0),cs,Accepted,22,11220,2725,
s615504167,p02982,u172386990,1562548386,Python,PyPy3 (2.4.0),py,Accepted,166,38384,460,
s607121513,p02982,u970308980,1562548386,Python,Python (3.4.3),py,Accepted,17,3060,335,
s205929540,p02982,u868975661,1562548386,Java,Java8 (OpenJDK 1.8.0),java,Accepted,116,21844,900,
s088679847,p02982,u375879613,1562548385,C++,C++14 (GCC 5.4.1),cpp,Accepted,1,256,531,
s903581097,p02982,u397763977,1562548385,Ruby,Ruby (2.3.3),rb,Wrong Answer,8,1788,290,
s363574752,p02982,u584174687,1562548384,Python,PyPy3 (2.4.0),py,Accepted,165,38384,527,
s422839279,p02982,u488956163,1562548384,Rust,Rust (1.15.1),rs,Accepted,2,4352,979,
s768083265,p02982,u848359007,1562548384,C++,C++14 (GCC 5.4.1),cpp,Accepted,1,256,545,
s163275601,p02982,u810067372,1562548384,C++,C++14 (GCC 5.4.1),cpp,Accepted,1,256,433,
s446709364,p02982,u285598935,1562548384,C++,C++14 (GCC 5.4.1),cpp,Accepted,1,256,1024,
s312148657,p02982,u750215086,1562548384,C++,C++14 (GCC 5.4.1),cpp,Accepted,1,256,910,
s368587927,p02982,u066651036,1562548384,C++,C++14 (GCC 5.4.1),cpp,Accepted,1,256,2135,
s051074847,p02982,u849739818,1562548384,C#,C# (Mono 4.6.2.0),cs,Accepted,25,13396,2806,
s989040843,p02982,u795009336,1562548383,C++,C++14 (GCC 5.4.1),cpp,Wrong Answer,1,256,461,
s092462644,p02982,u548094461,1562548383,C++,C++11 (GCC 4.8.1),cpp,Accepted,1,256,644,
s573133544,p02982,u833492079,1562548383,Python,Python (3.4.3),py,Accepted,17,3064,543,
s625943712,p02982,u043150661,1562548382,Kotlin,Kotlin (1.0.0),kt,Accepted,243,37780,631,
s559938228,p02982,u441575327,1562548382,Python,Python (3.4.3),py,Accepted,17,3064,509,
s904254562,p02982,u734548018,1562548382,Python,Python (3.4.3),py,Wrong Answer,17,3064,351,
s042275408,p02982,u811612390,1562548382,C,C (GCC 5.4.1),c,Wrong Answer,1,128,524,
s494888432,p02982,u813174766,1562548381,C++,C++14 (GCC 5.4.1),cpp,Wrong Answer,1,256,848,
s115228018,p02982,u870610226,1562548381,C++,C++14 (GCC 5.4.1),cpp,Accepted,1,256,496,
s389732663,p02982,u516922881,1562548381,C++,C++14 (GCC 5.4.1),cpp,Accepted,1,256,621,
s295392671,p02982,u467078684,1562548381,C#,C# (Mono 4.6.2.0),cs,Accepted,21,11092,1211,
s090906649,p02982,u285991898,1562548381,C++,C++14 (GCC 5.4.1),cpp,Wrong Answer,1,256,819,
s169202341,p02982,u942714396,1562548381,C++,C++14 (GCC 5.4.1),cpp,Accepted,2,640,588,
s825988805,p02982,u371535422,1562548380,C++,C++14 (GCC 5.4.1),cpp,Accepted,1,256,4392,
s928476548,p02982,u385644001,1562548380,Python,PyPy3 (2.4.0),py,Accepted,166,38384,333,
s530163526,p02982,u985702351,1562548379,C++,C++14 (GCC 5.4.1),cpp,Accepted,1,256,1366,
s235260386,p02982,u193591892,1562548379,C++,C++14 (GCC 5.4.1),cpp,Accepted,1,256,977,
s259934036,p02982,u872191059,1562548379,Python,PyPy3 (2.4.0),py,Accepted,171,38256,298,
s174491289,p02982,u462078186,1562548378,C++,C++14 (GCC 5.4.1),cpp,Accepted,2,256,873,
s961360658,p02982,u219508174,1562548378,C++,C++14 (GCC 5.4.1),cpp,Accepted,1,256,1376,
s357142331,p02982,u623687794,1562548378,Python,Python (3.4.3),py,Accepted,17,3064,278,
s220186590,p02982,u953237709,1562548378,Python,Python (3.4.3),py,Accepted,18,3064,439,
s434408840,p02982,u402629484,1562548378,Python,Python (3.4.3),py,Accepted,17,3060,290,
s558549033,p02982,u460737328,1562548377,Python,Python (3.4.3),py,Accepted,18,3064,372,
s396215829,p02982,u174434198,1562548376,C++,C++14 (GCC 5.4.1),cpp,Accepted,1,256,711,
s900027803,p02982,u127473726,1562548376,C++,C++14 (GCC 5.4.1),cpp,Accepted,1,256,1025,
s264243125,p02982,u904804404,1562548376,Python,PyPy3 (2.4.0),py,Wrong Answer,171,38424,289,
s691303848,p02982,u545094859,1562548375,C++,C++14 (GCC 5.4.1),cpp,Wrong Answer,1,256,1106,
s801729815,p02982,u783825935,1562548375,C++,C++14 (GCC 5.4.1),cpp,Accepted,1,256,968,
s995946668,p02982,u263654061,1562548374,C++,C++14 (GCC 5.4.1),cpp,Accepted,1,256,773,
s053410541,p02982,u773115096,1562548374,C++,C++14 (GCC 5.4.1),cpp,Accepted,2,3200,1288,
s160698216,p02982,u360116509,1562548374,Python,Python (3.4.3),py,Accepted,17,3188,391,
s158960096,p02982,u475503988,1562548373,Python,Python (3.4.3),py,Accepted,17,3064,368,
s111395374,p02982,u164300951,1562548373,C++,C++14 (GCC 5.4.1),cpp,Wrong Answer,1,256,2376,
s262249537,p02982,u095426154,1562548373,Python,Python (3.4.3),py,Accepted,17,3188,322,
s055404302,p02982,u172035535,1562548373,Python,Python (3.4.3),py,Accepted,17,3060,253,
s032901591,p02982,u961528573,1562548372,C++,C++14 (GCC 5.4.1),cpp,Accepted,1,256,915,
s721923853,p02982,u047197186,1562548372,Python,Python (3.4.3),py,Accepted,17,3064,435,
s251203591,p02982,u139235669,1562548372,C++,C++14 (GCC 5.4.1),cpp,Accepted,1,256,1462,
s911749265,p02982,u956758464,1562548371,C++,C++14 (GCC 5.4.1),cpp,Accepted,1,256,719,
s996347769,p02982,u178192749,1562548371,Python,Python (3.4.3),py,Accepted,311,21628,343,
s145304495,p02982,u254766083,1562548370,C++,C++14 (GCC 5.4.1),cpp,Accepted,1,256,898,
s263784354,p02982,u505953563,1562548370,C++,C++14 (GCC 5.4.1),cpp,Wrong Answer,1,256,897,
s745300918,p02982,u700219079,1562548370,C++,C++14 (GCC 5.4.1),cpp,Accepted,3,1408,564,
s052826851,p02982,u730476362,1562548370,C++,C++14 (GCC 5.4.1),cpp,Accepted,1,256,1174,
s901038212,p02982,u747884126,1562548370,Python,Python (3.4.3),py,Accepted,17,3188,325,
s008889247,p02982,u242525751,1562548369,Python,PyPy3 (2.4.0),py,Accepted,166,38256,302,
s160089464,p02982,u174603263,1562548369,Python,Python (3.4.3),py,Accepted,65,5736,936,
s401217168,p02982,u714724786,1562548369,Ruby,Ruby (2.3.3),rb,Accepted,7,1788,753,
s513962036,p02982,u898967808,1562548368,Python,Python (3.4.3),py,Accepted,17,3064,346,
s784714709,p02982,u714973848,1562548368,C++,C++14 (GCC 5.4.1),cpp,Accepted,1,256,413,
s589487738,p02982,u868451058,1562548368,C++,C++14 (GCC 5.4.1),cpp,Accepted,1,128,577,
s123144056,p02982,u861755736,1562548368,Java,Java8 (OpenJDK 1.8.0),java,Accepted,109,21972,609,
s388915101,p02982,u185354171,1562548368,Python,PyPy3 (2.4.0),py,Accepted,173,38384,436,
s578745899,p02982,u711539583,1562548368,Python,Python (3.4.3),py,Accepted,18,3064,410,
s938592042,p02982,u009219947,1562548366,Python,Python (3.4.3),py,Accepted,17,3060,335,
s858326602,p02982,u893920400,1562548366,C++,C++14 (GCC 5.4.1),cpp,Accepted,1,256,3722,
s112528856,p02982,u147305315,1562548365,C++,C++14 (GCC 5.4.1),cpp,Accepted,1,384,1021,
s847254902,p02982,u980716006,1562548365,C++,C++14 (GCC 5.4.1),cpp,Accepted,1,256,1153,
s744988879,p02982,u508492526,1562548364,C++,C++14 (GCC 5.4.1),cpp,Accepted,1,256,609,
s375311068,p02982,u408053343,1562548364,C++,C++14 (GCC 5.4.1),cpp,Wrong Answer,1,256,735,
s088699277,p02982,u982234424,1562548363,C++,C++14 (GCC 5.4.1),cpp,Accepted,1,256,739,
s150441117,p02982,u355424600,1562548362,C++,C++14 (GCC 5.4.1),cpp,Accepted,1,256,791,
s984754086,p02982,u979667682,1562548362,Python,PyPy3 (2.4.0),py,Accepted,281,66156,548,
s341126928,p02982,u902151549,1562548361,Python,Python (3.4.3),py,Accepted,38,5300,642,
s005235340,p02982,u963903527,1562548361,Python,Python (3.4.3),py,Accepted,148,12112,453,
s900510319,p02982,u820047642,1562548361,Python,Python (3.4.3),py,Accepted,18,3188,301,
s362651627,p02982,u956194864,1562548360,Python,Python (3.4.3),py,Accepted,320,21760,375,
s413412792,p02982,u400497478,1562548359,C++,C++14 (GCC 5.4.1),cpp,Accepted,1,256,657,
s792484722,p02982,u526818046,1562548359,Kotlin,Kotlin (1.0.0),kt,Compile Error,,,456,
s941684802,p02982,u700986952,1562548359,C++,C++14 (GCC 5.4.1),cpp,Wrong Answer,1,256,833,
s164868070,p02982,u178515699,1562548359,Ruby,Ruby (2.3.3),rb,Accepted,7,1788,385,
s269088220,p02982,u931834240,1562548358,Python,PyPy3 (2.4.0),py,Accepted,163,38256,420,
s634109097,p02982,u934099192,1562548358,Python,Python (3.4.3),py,Accepted,150,12396,301,
s895823887,p02982,u737951432,1562548357,C++,C++14 (GCC 5.4.1),cpp,Accepted,1,256,661,
s854088579,p02982,u681150536,1562548357,Python,Python (3.4.3),py,Accepted,17,3064,399,
s672558602,p02982,u521293705,1562548356,Java,Java8 (OpenJDK 1.8.0),java,Accepted,112,23252,935,
s628931331,p02982,u052247353,1562548356,C++,C++14 (GCC 5.4.1),cpp,Accepted,1,256,852,
s943329886,p02982,u423846157,1562548355,C++,C++14 (GCC 5.4.1),cpp,Accepted,1,256,2553,
s173452366,p02982,u533885955,1562548355,Python,Python (3.4.3),py,Accepted,57,3064,413,
s189996734,p02982,u578751202,1562548355,C++,C++14 (GCC 5.4.1),cpp,Accepted,1,256,1709,
s300959778,p02982,u066920386,1562548354,C++,C++14 (GCC 5.4.1),cpp,Accepted,1,256,1987,
s073675341,p02982,u170324846,1562548354,Python,Python (3.4.3),py,Accepted,18,3064,422,
s671022706,p02982,u757738907,1562548353,C++,C++14 (GCC 5.4.1),cpp,Accepted,1,256,2794,
s162020475,p02982,u739318530,1562548353,C++,C++14 (GCC 5.4.1),cpp,Accepted,1,256,559,
s110842435,p02982,u712993629,1562548353,C++,C++14 (GCC 5.4.1),cpp,Accepted,1,256,6436,
s713866136,p02982,u097804107,1562548353,Python,Python (3.4.3),py,Accepted,17,3188,366,
s276741080,p02982,u256351611,1562548352,Python,Python (3.4.3),py,Accepted,18,3064,348,
s541866491,p02982,u563252794,1562548351,C++,C++14 (GCC 5.4.1),cpp,Wrong Answer,1,256,448,
s046527382,p02982,u334260611,1562548351,Python,Python (3.4.3),py,Accepted,17,3064,404,
s281634351,p02982,u285409047,1562548351,C++,C++14 (GCC 5.4.1),cpp,Accepted,1,256,582,
s473861584,p02982,u621104964,1562548350,C++,C++14 (Clang 3.8.0),cpp,Accepted,2,384,1075,
s992247402,p02982,u678652070,1562548350,C++,C++14 (GCC 5.4.1),cpp,Accepted,1,256,407,
s069156665,p02982,u291303494,1562548350,Python,Python (3.4.3),py,Accepted,18,3064,353,
s350907812,p02982,u647767910,1562548350,Python,Python (3.4.3),py,Accepted,17,3188,484,
s961455967,p02982,u802614675,1562548349,Rust,Rust (1.15.1),rs,Accepted,2,4352,2188,
s700120035,p02982,u288087195,1562548349,C++,C++14 (GCC 5.4.1),cpp,Accepted,1,256,922,
s515697929,p02982,u876784108,1562548349,C++,C++14 (GCC 5.4.1),cpp,Accepted,1,256,516,
s073009100,p02982,u256031597,1562548349,Python,Python (3.4.3),py,Accepted,17,3188,309,
s940797090,p02982,u111365362,1562548349,Python,Python (3.4.3),py,Accepted,18,3064,333,
s769543612,p02982,u774189121,1562548349,C++,C++14 (GCC 5.4.1),cpp,Accepted,1,256,2151,
s706242592,p02982,u420892802,1562548348,C++,C++14 (GCC 5.4.1),cpp,Accepted,1,256,402,
s192427990,p02982,u885352715,1562548348,C,C (GCC 5.4.1),c,Accepted,1,128,1155,
s739266794,p02982,u328099989,1562548347,Python,Python (3.4.3),py,Accepted,17,3060,370,
s607724021,p02982,u331404418,1562548347,C++,C++14 (GCC 5.4.1),cpp,Accepted,1,256,402,
s659373716,p02982,u743229067,1562548346,C++,C++14 (GCC 5.4.1),cpp,Accepted,1,256,735,
s531847559,p02982,u579786106,1562548346,D,D (DMD64 v2.070.1),d,Accepted,1,256,2086,
s074440337,p02982,u066369439,1562548346,C++,C++14 (GCC 5.4.1),cpp,Accepted,1,256,1684,
s825095583,p02982,u476482490,1562548346,Java,Java8 (OpenJDK 1.8.0),java,Accepted,106,21460,1019,
s994690183,p02982,u762955009,1562548345,Java,Java8 (OpenJDK 1.8.0),java,Accepted,72,21588,2850,
s696018872,p02982,u381394404,1562548345,C++,C++14 (GCC 5.4.1),cpp,Accepted,1,256,6826,
s376417321,p02982,u019311283,1562548345,C#,C# (Mono 4.6.2.0),cs,Accepted,21,11220,2094,
s161420953,p02982,u294630296,1562548345,Python,Python (3.4.3),py,Accepted,18,3188,325,
s308768906,p02982,u657512990,1562548345,C++,C++14 (GCC 5.4.1),cpp,Accepted,1,256,640,
s252435733,p02982,u447610671,1562548345,C++,C++14 (GCC 5.4.1),cpp,Accepted,1,256,410,
s508031874,p02982,u266643907,1562548344,C++,C++14 (GCC 5.4.1),cpp,Accepted,1,256,1480,
s538834959,p02982,u627431737,1562548344,C++,C++14 (GCC 5.4.1),cpp,Accepted,1,256,848,
s938074967,p02982,u562728594,1562548344,C++,C++14 (GCC 5.4.1),cpp,Accepted,1,256,629,
s958980977,p02982,u571199625,1562548344,Python,Python (3.4.3),py,Accepted,18,3064,401,
s130798202,p02982,u465233477,1562548343,C++,C++14 (GCC 5.4.1),cpp,Accepted,1,256,752,
s620796364,p02982,u216374186,1562548342,C++,C++14 (GCC 5.4.1),cpp,Accepted,3,512,662,
s538646791,p02982,u889750959,1562548342,Kotlin,Kotlin (1.0.0),kt,Accepted,241,38124,698,
s348923740,p02982,u370534468,1562548342,C#,C# (Mono 4.6.2.0),cs,Accepted,25,13396,956,
s667265369,p02982,u561992253,1562548342,Python,Python (3.4.3),py,Accepted,308,20756,445,
s234243886,p02982,u640930204,1562548341,C++,C++14 (GCC 5.4.1),cpp,Accepted,1,256,1139,
s702622395,p02982,u505558493,1562548340,Kotlin,Kotlin (1.0.0),kt,Accepted,238,37904,1183,
s158963200,p02982,u159335277,1562548340,C++,C++14 (Clang 3.8.0),cpp,Wrong Answer,5,888,670,
s293418485,p02982,u510959226,1562548340,C++,C++14 (GCC 5.4.1),cpp,Accepted,1,256,605,
s905077519,p02982,u678503521,1562548339,C++,C++14 (GCC 5.4.1),cpp,Accepted,1,256,638,
s566198780,p02982,u025688159,1562548339,C#,C# (Mono 4.6.2.0),cs,Accepted,24,13396,3423,
s837425496,p02982,u976817999,1562548339,Java,Java8 (OpenJDK 1.8.0),java,Accepted,79,23124,2094,
s059895596,p02982,u324303263,1562548339,C++,C++14 (GCC 5.4.1),cpp,Accepted,1,256,1395,
s299197260,p02982,u150787983,1562548338,Python,Python (3.4.3),py,Accepted,19,3064,412,
s011191379,p02982,u119345557,1562548338,C++,C++14 (GCC 5.4.1),cpp,Accepted,1,256,1576,
s157072605,p02982,u344425917,1562548338,C++,C++14 (GCC 5.4.1),cpp,Accepted,1,256,1200,
s376713116,p02982,u373111370,1562548337,Python,Python (3.4.3),py,Accepted,18,3064,416,
s139410015,p02982,u979960743,1562548337,C++,C++14 (GCC 5.4.1),cpp,Accepted,1,256,464,
s284558351,p02982,u854831509,1562548337,C++,C++14 (GCC 5.4.1),cpp,Accepted,1,256,549,
s236307835,p02982,u597252152,1562548336,C++,C++14 (GCC 5.4.1),cpp,Accepted,1,256,633,
s648260442,p02982,u100547715,1562548336,C++,C++14 (GCC 5.4.1),cpp,Accepted,1,256,562,
s755535816,p02982,u412632563,1562548336,C#,C# (Mono 4.6.2.0),cs,Accepted,27,11476,6047,
s848108387,p02982,u853477575,1562548336,C,C (GCC 5.4.1),c,Accepted,1,128,675,
s247404342,p02982,u654455149,1562548334,Scala,Scala (2.11.7),scala,Accepted,349,25536,566,
s297039741,p02982,u461984674,1562548334,C++,C++14 (GCC 5.4.1),cpp,Accepted,1,256,1131,
s116234762,p02982,u637771514,1562548333,C++,C++14 (GCC 5.4.1),cpp,Accepted,1,256,775,
s764013269,p02982,u923341003,1562548333,Python,Python (3.4.3),py,Accepted,284,21644,360,
s294396429,p02982,u297477387,1562548333,C++,C++14 (GCC 5.4.1),cpp,Accepted,1,256,554,
s324005080,p02982,u350561505,1562548332,Python,Python (3.4.3),py,Runtime Error,17,2940,626,
s353710649,p02982,u630281418,1562548332,Python,Python (3.4.3),py,Accepted,18,3064,360,
s857039459,p02982,u047371982,1562548331,C++,C++14 (GCC 5.4.1),cpp,Accepted,1,128,460,
s466037730,p02982,u480527921,1562548331,C++,C++14 (GCC 5.4.1),cpp,Accepted,1,256,2781,
s338468988,p02982,u708255304,1562548331,Python,Python (3.4.3),py,Accepted,17,3060,378,
s431131365,p02982,u013962767,1562548331,C,C (GCC 5.4.1),c,Accepted,1,128,543,
s685420843,p02982,u491400073,1562548330,C++,C++14 (GCC 5.4.1),cpp,Accepted,1,256,611,
s838595351,p02982,u037006720,1562548330,C++,C++14 (GCC 5.4.1),cpp,Accepted,1,256,896,
s481317289,p02982,u732502311,1562548330,C++,C++14 (GCC 5.4.1),cpp,Accepted,1,256,541,
s109873689,p02982,u784283302,1562548330,C++,C++14 (GCC 5.4.1),cpp,Accepted,1,256,449,
s000244650,p02982,u339233484,1562548329,C++,C++14 (GCC 5.4.1),cpp,Accepted,1,256,1214,
s086446133,p02982,u617987447,1562548329,C++,C++14 (GCC 5.4.1),cpp,Accepted,1,256,626,
s909703836,p02982,u901295506,1562548328,C++,C++14 (GCC 5.4.1),cpp,Accepted,1,256,1038,
s031667580,p02982,u533885955,1562548328,Python,Python (3.4.3),py,Wrong Answer,51,3064,440,
s315171334,p02982,u601167480,1562548327,C++,C++14 (GCC 5.4.1),cpp,Accepted,3,256,488,
s878620120,p02982,u502389123,1562548327,Python,Python (3.4.3),py,Accepted,17,3188,345,
s134354239,p02982,u954602412,1562548325,C++,C++14 (GCC 5.4.1),cpp,Accepted,1,256,593,
s898385562,p02982,u576115185,1562548325,C++,C++14 (GCC 5.4.1),cpp,Wrong Answer,1,256,1104,
s446596361,p02982,u480300350,1562548325,Python,Python (3.4.3),py,Accepted,17,3064,378,
s863583441,p02982,u774144672,1562548324,C++,C++14 (GCC 5.4.1),cpp,Accepted,1,256,2139,
s037530050,p02982,u546943614,1562548324,C++,C++14 (GCC 5.4.1),cpp,Accepted,1,256,678,
s761057595,p02982,u326891688,1562548323,Ruby,Ruby (2.3.3),rb,Accepted,7,1788,438,
s968209714,p02982,u465699806,1562548322,C++,C++14 (GCC 5.4.1),cpp,Accepted,1,256,4258,
s805517467,p02982,u224756887,1562548322,C++,C++14 (GCC 5.4.1),cpp,Accepted,5,5120,2350,
s167732251,p02982,u795009336,1562548322,C++,C++14 (GCC 5.4.1),cpp,Wrong Answer,2,256,460,
s697631098,p02982,u338225045,1562548322,Python,Python (3.4.3),py,Wrong Answer,18,3064,413,
s845045369,p02982,u503890246,1562548322,Ruby,Ruby (2.3.3),rb,Accepted,7,1788,330,
s156453134,p02982,u278356323,1562548321,Python,Python (3.4.3),py,Accepted,17,3188,577,
s653614400,p02982,u948208013,1562548320,C++,C++14 (GCC 5.4.1),cpp,Wrong Answer,1,256,574,
s320610369,p02982,u047816928,1562548320,Python,Python (3.4.3),py,Accepted,18,3188,331,
s708297472,p02982,u336721073,1562548319,C++,C++14 (GCC 5.4.1),cpp,Accepted,1,256,687,
s954083772,p02982,u535555850,1562548319,C++,C++14 (GCC 5.4.1),cpp,Accepted,3,512,1309,
s732603568,p02982,u368016155,1562548319,Python,Python (3.4.3),py,Runtime Error,17,3064,335,
s066067946,p02982,u151724181,1562548319,C++,C++14 (GCC 5.4.1),cpp,Accepted,1,256,639,
s363940092,p02982,u584924463,1562548319,Java,Java8 (OpenJDK 1.8.0),java,Accepted,102,22740,863,
s456832206,p02982,u634159866,1562548318,Python,Python (3.4.3),py,Accepted,17,3064,322,
s143123022,p02982,u405923605,1562548318,C++,C++14 (GCC 5.4.1),cpp,Accepted,1,256,940,
s345804512,p02982,u711617636,1562548317,C#,C# (Mono 4.6.2.0),cs,Accepted,24,13396,1465,
s649941301,p02982,u563252794,1562548316,C++,C++14 (GCC 5.4.1),cpp,Compile Error,,,445,
s790266210,p02982,u219873012,1562548316,C++,C++14 (GCC 5.4.1),cpp,Accepted,1,256,2604,
s886557246,p02982,u320491590,1562548316,C++,C++14 (GCC 5.4.1),cpp,Accepted,1,256,878,
s433677270,p02982,u408910484,1562548315,C++,C++14 (Clang 3.8.0),cpp,Accepted,8,888,3175,
s801116943,p02982,u578751202,1562548314,C++,C++14 (GCC 5.4.1),cpp,Runtime Error,131,384,2597,
s245946785,p02982,u038569501,1562548314,C++,C++14 (GCC 5.4.1),cpp,Accepted,1,256,621,
s080997473,p02982,u845442981,1562548313,Java,Java8 (OpenJDK 1.8.0),java,Accepted,115,21716,857,
s810919699,p02982,u834691501,1562548313,C++,C++14 (GCC 5.4.1),cpp,Accepted,1,256,1596,
s207007384,p02982,u755499606,1562548313,C++,C++14 (GCC 5.4.1),cpp,Accepted,3,512,504,
s610588152,p02982,u439009525,1562548311,Python,PyPy3 (2.4.0),py,Accepted,177,38384,301,
s689218239,p02982,u390618988,1562548311,Python,PyPy3 (2.4.0),py,Accepted,183,38384,377,
s313875161,p02982,u442327849,1562548311,C++,C++14 (GCC 5.4.1),cpp,Accepted,1,256,843,
s569064021,p02982,u882359130,1562548310,Python,Python (3.4.3),py,Accepted,18,3188,329,
s736620038,p02982,u997113115,1562548310,Python,PyPy3 (2.4.0),py,Accepted,180,38256,325,
s972095039,p02982,u538921909,1562548310,C++,C++14 (GCC 5.4.1),cpp,Compile Error,,,485,
s184113393,p02982,u551692187,1562548310,Python,Python (3.4.3),py,Accepted,18,3064,546,
s685658676,p02982,u463950771,1562548310,Python,Python (3.4.3),py,Accepted,17,3064,401,
s663368136,p02982,u993642190,1562548309,Python,Python (3.4.3),py,Accepted,17,3064,555,
s884223811,p02982,u677523557,1562548309,Python,Python (3.4.3),py,Accepted,20,3060,351,
s298392747,p02982,u698284709,1562548307,C++,C++14 (GCC 5.4.1),cpp,Accepted,1,256,569,
s553671672,p02982,u846271630,1562548306,C++,C++14 (GCC 5.4.1),cpp,Accepted,8,2304,669,
s275884255,p02982,u852158538,1562548306,C++,C++14 (GCC 5.4.1),cpp,Accepted,1,256,1038,
s147142919,p02982,u340293807,1562548306,C++,C++14 (GCC 5.4.1),cpp,Accepted,1,256,1859,
s372571937,p02982,u019229278,1562548306,C++,C++14 (GCC 5.4.1),cpp,Accepted,1,256,411,
s857534042,p02982,u625729943,1562548305,Python,PyPy3 (2.4.0),py,Accepted,180,38384,385,
s151512455,p02982,u305781333,1562548305,Python,Python (3.4.3),py,Accepted,17,3060,323,
s362174617,p02982,u671687924,1562548304,C++,C++14 (GCC 5.4.1),cpp,Accepted,1,256,3100,
s564320352,p02982,u751468134,1562548304,Go,Go (1.6),go,Accepted,1,640,7039,
s880744062,p02982,u053309694,1562548304,C++,C++14 (GCC 5.4.1),cpp,Accepted,1,256,1111,
s457822530,p02982,u651803486,1562548303,Python,Python (3.4.3),py,Accepted,17,3064,336,
s257138320,p02982,u995179535,1562548303,C++,C++14 (GCC 5.4.1),cpp,Wrong Answer,2,384,528,
s087597768,p02982,u982630224,1562548303,Java,Java8 (OpenJDK 1.8.0),java,Accepted,110,21716,631,
s093180789,p02982,u267552846,1562548302,Rust,Rust (1.15.1),rs,Accepted,2,4352,994,
s093884821,p02982,u625092455,1562548302,C++,C++14 (Clang 3.8.0),cpp,Wrong Answer,12,888,3909,
s805863168,p02982,u551408542,1562548302,C++,C++14 (GCC 5.4.1),cpp,Accepted,1,256,1069,
s583193654,p02982,u505025747,1562548302,C++,C++ (Clang 3.8.0),cpp,Accepted,7,888,1216,
s019473182,p02982,u945452839,1562548301,C++,C++14 (GCC 5.4.1),cpp,Accepted,1,256,739,
s199268120,p02982,u640641692,1562548301,C++,C++14 (GCC 5.4.1),cpp,Wrong Answer,4,512,4363,
s716606217,p02982,u918391323,1562548301,Java,Java8 (OpenJDK 1.8.0),java,Accepted,69,21460,1068,
s469341197,p02982,u121993123,1562548301,C++,C++14 (GCC 5.4.1),cpp,Accepted,1,256,634,
s095272003,p02982,u725475134,1562548301,C++,C++14 (GCC 5.4.1),cpp,Accepted,1,256,692,
s344451354,p02982,u097204018,1562548301,Java,Java8 (OpenJDK 1.8.0),java,Accepted,70,21076,3460,
s447186881,p02982,u375977529,1562548301,Go,Go (1.6),go,Accepted,1,512,490,
s080016064,p02982,u785975381,1562548300,C++,C++14 (GCC 5.4.1),cpp,Accepted,1,256,1115,
s244375748,p02982,u317754719,1562548300,C++,C++14 (GCC 5.4.1),cpp,Accepted,1,256,704,
s736100147,p02982,u056636437,1562548300,C++,C++14 (GCC 5.4.1),cpp,Wrong Answer,1,256,1830,
s438909703,p02982,u966582222,1562548300,C++,C++14 (GCC 5.4.1),cpp,Accepted,1,256,385,
s464452532,p02982,u552502395,1562548299,Java,Java8 (OpenJDK 1.8.0),java,Accepted,108,21972,1095,
s328433625,p02982,u708042136,1562548299,C#,C# (Mono 4.6.2.0),cs,Accepted,21,11092,1880,
s768735169,p02982,u811612390,1562548299,C,C (GCC 5.4.1),c,Wrong Answer,1,128,525,
s131524693,p02982,u912599273,1562548299,Java,Java8 (OpenJDK 1.8.0),java,Accepted,112,22356,562,
s548037344,p02982,u328174452,1562548298,Ruby,Ruby (2.3.3),rb,Accepted,7,1788,403,
s288374543,p02982,u889914341,1562548298,Python,Python (3.4.3),py,Accepted,18,3188,396,
s304618681,p02982,u366125700,1562548298,C++,C++14 (GCC 5.4.1),cpp,Accepted,1,256,990,
s965514371,p02982,u408053343,1562548297,C++,C++14 (GCC 5.4.1),cpp,Wrong Answer,1,256,734,
s897059965,p02982,u546925116,1562548296,C++,C++14 (GCC 5.4.1),cpp,Accepted,1,128,503,
s310182840,p02982,u816580121,1562548296,C++,C++14 (GCC 5.4.1),cpp,Accepted,1,256,692,
s923618021,p02982,u672494157,1562548296,Python,Python (3.4.3),py,Accepted,17,3064,779,
s470708213,p02982,u087165202,1562548295,Ruby,Ruby (2.3.3),rb,Accepted,8,1788,341,
s892651528,p02982,u980078875,1562548295,C++,C++14 (GCC 5.4.1),cpp,Accepted,1,256,816,
s002228795,p02982,u194268736,1562548295,C++,C++14 (GCC 5.4.1),cpp,Accepted,1,256,626,
s111885407,p02982,u522784682,1562548295,C++,C++14 (GCC 5.4.1),cpp,Accepted,2,384,725,
s848840059,p02982,u094155508,1562548294,C++,C++14 (Clang 3.8.0),cpp,Accepted,8,888,620,
s412695680,p02982,u970449052,1562548294,Python,Python (3.4.3),py,Accepted,17,3064,337,
s053906096,p02982,u534417782,1562548294,C++,C++14 (GCC 5.4.1),cpp,Wrong Answer,1,256,684,
s348576013,p02982,u278954496,1562548294,C++,C++14 (GCC 5.4.1),cpp,Accepted,1,256,554,
s358941554,p02982,u461478706,1562548294,JavaScript,JavaScript (node.js v5.12),js,Accepted,54,7372,639,
s777191772,p02982,u992670047,1562548293,C++,C++14 (GCC 5.4.1),cpp,Accepted,1,256,814,
s587152502,p02982,u403800404,1562548293,C++,C++14 (GCC 5.4.1),cpp,Accepted,1,256,1205,
s275104794,p02982,u931636178,1562548293,Python,Python (3.4.3),py,Accepted,17,3064,382,
s834599799,p02982,u398211442,1562548292,C++,C++14 (GCC 5.4.1),cpp,Accepted,1,256,992,
s217807828,p02982,u115110170,1562548292,Python,Python (3.4.3),py,Accepted,17,3064,343,
s275523274,p02982,u784072785,1562548292,C++,C++ (GCC 5.4.1),cpp,Accepted,1,256,841,
s842455966,p02982,u759162415,1562548292,C++,C++14 (GCC 5.4.1),cpp,Accepted,1,256,730,
s071815945,p02982,u249685005,1562548292,Python,Python (3.4.3),py,Accepted,17,3188,417,
s688201999,p02982,u473633103,1562548292,Python,Python (3.4.3),py,Accepted,297,21624,296,
s948344111,p02982,u693953100,1562548291,Python,Python (3.4.3),py,Accepted,17,3064,304,
s158527615,p02982,u474036918,1562548291,C#,C# (Mono 4.6.2.0),cs,Accepted,21,11092,998,
s129886054,p02982,u525363585,1562548291,C++,C++14 (GCC 5.4.1),cpp,Accepted,1,256,638,
s984255769,p02982,u994988729,1562548291,Python,Python (3.4.3),py,Accepted,17,3064,330,
s420170535,p02982,u240509821,1562548291,C++,C++14 (GCC 5.4.1),cpp,Accepted,1,256,2520,
s488831322,p02982,u377777817,1562548291,Rust,Rust (1.15.1),rs,Accepted,2,4352,2921,
s732127592,p02982,u030992242,1562548291,C++,C++14 (GCC 5.4.1),cpp,Accepted,1,256,2114,
s954749477,p02982,u826764011,1562548290,C++,C++14 (GCC 5.4.1),cpp,Accepted,3,640,592,
s581798481,p02982,u177411511,1562548290,Python,Python (3.4.3),py,Accepted,20,3064,581,
s042715221,p02982,u318785595,1562548289,C++,C++14 (GCC 5.4.1),cpp,Accepted,3,384,769,
s331677115,p02982,u270170852,1562548289,C++,C++14 (GCC 5.4.1),cpp,Accepted,1,256,966,
s864035902,p02982,u355520191,1562548289,C++,C++14 (GCC 5.4.1),cpp,Accepted,1,128,611,
s709563432,p02982,u847478937,1562548289,Ruby,Ruby (2.3.3),rb,Accepted,7,1916,457,
s913517885,p02982,u265157551,1562548288,Python,Python (3.4.3),py,Accepted,342,21316,849,
s029661852,p02982,u088895504,1562548288,C++,C++14 (GCC 5.4.1),cpp,Accepted,1,256,1257,
s426182696,p02982,u386819480,1562548288,Python,Python (3.4.3),py,Accepted,18,3064,986,
s892193814,p02982,u563252794,1562548288,C++,C++14 (GCC 5.4.1),cpp,Compile Error,,,432,
s244850794,p02982,u113872560,1562548287,Go,Go (1.6),go,Accepted,1,512,535,
s267259851,p02982,u366677622,1562548287,C++,C++14 (GCC 5.4.1),cpp,Accepted,4,256,436,
s449296691,p02982,u102445737,1562548287,Python,PyPy3 (2.4.0),py,Accepted,173,38256,533,
s263468044,p02982,u238510421,1562548287,Python,PyPy3 (2.4.0),py,Accepted,166,38384,364,
s635961756,p02982,u539517139,1562548286,Python,Python (3.4.3),py,Wrong Answer,18,3060,298,
s653637555,p02982,u432194969,1562548286,C++,C++14 (GCC 5.4.1),cpp,Accepted,1,256,838,
s610496102,p02982,u545672909,1562548285,Python,PyPy3 (2.4.0),py,Accepted,164,38452,629,
s410783027,p02982,u297590902,1562548285,C++,C++14 (GCC 5.4.1),cpp,Accepted,1,256,958,
s877260561,p02982,u208006483,1562548284,C#,C# (Mono 4.6.2.0),cs,Accepted,29,13652,10695,
s846911997,p02982,u047023156,1562548284,Python,Python (3.4.3),py,Accepted,17,3064,406,
s227682719,p02982,u795141112,1562548284,Java,Java8 (OpenJDK 1.8.0),java,Accepted,109,23252,1104,
s626253521,p02982,u620480037,1562548284,Python,Python (3.4.3),py,Accepted,17,3188,322,
s800634247,p02982,u770383516,1562548284,C++,C++14 (GCC 5.4.1),cpp,Accepted,1,256,898,
s754986602,p02982,u319818856,1562548284,Python,Python (3.4.3),py,Accepted,17,3064,555,
s198046439,p02982,u397763977,1562548283,Ruby,Ruby (2.3.3),rb,Wrong Answer,7,1788,289,
s696105878,p02982,u227082700,1562548283,Python,Python (3.4.3),py,Accepted,18,3064,282,
s869950869,p02982,u711524482,1562548283,C++,C++14 (GCC 5.4.1),cpp,Accepted,1,256,713,
s366192294,p02982,u450956662,1562548282,Python,Python (3.4.3),py,Accepted,18,3064,428,
s156057529,p02982,u004311543,1562548282,C#,C# (Mono 4.6.2.0),cs,Accepted,26,11484,23902,
s015607573,p02982,u384109138,1562548281,C#,C# (Mono 4.6.2.0),cs,Accepted,26,13524,921,
s259157201,p02982,u833932983,1562548281,JavaScript,JavaScript (node.js v5.12),js,Accepted,214,21064,537,
s089269907,p02982,u130834452,1562548281,C++,C++14 (GCC 5.4.1),cpp,Accepted,2,384,1422,
s074532501,p02982,u408927978,1562548281,C++,C++14 (GCC 5.4.1),cpp,Accepted,1,256,20758,
s232719091,p02982,u514114987,1562548280,C++,C++14 (GCC 5.4.1),cpp,Accepted,1,256,631,
s445027019,p02982,u414220724,1562548280,C++,C++14 (GCC 5.4.1),cpp,Accepted,1,256,1256,
s093081421,p02982,u023141436,1562548280,Python,Python (3.4.3),py,Accepted,17,3188,296,
s290154093,p02982,u623036523,1562548278,C++,C++14 (GCC 5.4.1),cpp,Wrong Answer,1,128,466,
s707646510,p02982,u291766461,1562548276,Python,Python (3.4.3),py,Accepted,20,3188,469,
s842299216,p02982,u916974091,1562548275,C++,C++14 (GCC 5.4.1),cpp,Accepted,1,256,2838,
s062245786,p02982,u592186586,1562548275,C++,C++14 (GCC 5.4.1),cpp,Wrong Answer,1,256,1446,
s608871191,p02982,u478904840,1562548274,C++,C++14 (GCC 5.4.1),cpp,Accepted,1,256,509,
s216347834,p02982,u256281774,1562548274,Python,Python (3.4.3),py,Accepted,17,3188,434,
s611860913,p02982,u494927057,1562548274,Python,Python (3.4.3),py,Accepted,18,3064,393,
s324218418,p02982,u414369901,1562548274,C++,C++14 (GCC 5.4.1),cpp,Accepted,1,256,748,
s156423275,p02982,u468862268,1562548274,C++,C++14 (GCC 5.4.1),cpp,Wrong Answer,1,256,984,
s855566031,p02982,u321226359,1562548274,C++,C++14 (GCC 5.4.1),cpp,Accepted,1,256,895,
s417102596,p02982,u530012357,1562548274,C++,C++14 (GCC 5.4.1),cpp,Accepted,2,3200,745,
s503421486,p02982,u026483463,1562548273,C++,C++14 (GCC 5.4.1),cpp,Accepted,1,256,633,
s421986929,p02982,u518883877,1562548273,C++,C++14 (GCC 5.4.1),cpp,Wrong Answer,2,256,3565,
s010463726,p02982,u771524928,1562548273,C++,C++14 (GCC 5.4.1),cpp,Accepted,1,256,2664,
s220926259,p02982,u931483715,1562548272,C++,C++14 (GCC 5.4.1),cpp,Accepted,1,128,533,
s458651021,p02982,u324303263,1562548272,C++,C++14 (GCC 5.4.1),cpp,Wrong Answer,1,256,1406,
s263330072,p02982,u014617387,1562548272,C++,C++14 (GCC 5.4.1),cpp,Accepted,1,256,1073,
s879914093,p02982,u187878098,1562548271,C++,C++14 (GCC 5.4.1),cpp,Accepted,4,384,1298,
s223167847,p02982,u640930204,1562548271,C++,C++14 (GCC 5.4.1),cpp,Wrong Answer,1,256,1138,
s545184324,p02982,u374531474,1562548271,Python,PyPy3 (2.4.0),py,Accepted,164,38256,347,
s084145428,p02982,u902500155,1562548271,C++,C++14 (GCC 5.4.1),cpp,Accepted,1,256,1084,
s494483633,p02982,u774189121,1562548270,C++,C++14 (GCC 5.4.1),cpp,Wrong Answer,2,256,2149,
s075608886,p02982,u676699191,1562548270,C++,C++14 (GCC 5.4.1),cpp,Accepted,1,256,669,
s346105387,p02982,u792670114,1562548270,Python,Python (3.4.3),py,Accepted,17,3064,332,
s837523351,p02982,u552357043,1562548270,Python,Python (3.4.3),py,Accepted,17,3064,285,
s818093913,p02982,u618608862,1562548270,C,C (GCC 5.4.1),c,Accepted,1,128,538,
s193152468,p02982,u962206827,1562548270,C++,C++14 (GCC 5.4.1),cpp,Accepted,3,1152,864,
s402844959,p02982,u274055316,1562548269,C++,C++14 (GCC 5.4.1),cpp,Accepted,1,256,875,
s065272467,p02982,u501673852,1562548269,C++,C++14 (GCC 5.4.1),cpp,Accepted,4,256,1206,
s517447528,p02982,u505025747,1562548269,C++,C++ (Clang 3.8.0),cpp,Compile Error,,,1215,
s375060606,p02982,u089032001,1562548268,Python,Python (3.4.3),py,Accepted,18,3188,398,
s184232032,p02982,u643495354,1562548268,Python,Python (3.4.3),py,Accepted,17,3188,456,
s345122181,p02982,u873104118,1562548268,C++,C++14 (GCC 5.4.1),cpp,Accepted,1,256,1127,
s836384928,p02982,u136378781,1562548268,C++,C++14 (GCC 5.4.1),cpp,Accepted,1,256,1799,
s535092778,p02982,u056277698,1562548268,Python,PyPy3 (2.4.0),py,Accepted,166,38384,397,
s676298167,p02982,u261246129,1562548268,Python,Python (3.4.3),py,Accepted,18,3060,339,
s948613229,p02982,u316322317,1562548267,Python,Python (3.4.3),py,Accepted,18,3064,363,
s413796040,p02982,u783038859,1562548267,Python,PyPy3 (2.4.0),py,Accepted,168,38384,406,
s683648593,p02982,u263813935,1562548266,Java,Java8 (OpenJDK 1.8.0),java,Accepted,111,21844,846,
s700414124,p02982,u049739819,1562548266,Java,Java8 (OpenJDK 1.8.0),java,Accepted,112,21972,605,
s868082023,p02982,u900045983,1562548266,Python,Python (3.4.3),py,Accepted,320,21468,528,
s269719539,p02982,u594518120,1562548266,Python,Python (3.4.3),py,Accepted,18,3064,344,
s521040409,p02982,u589330060,1562548266,C++,C++14 (GCC 5.4.1),cpp,Accepted,1,256,1399,
s501300533,p02982,u660341491,1562548265,C++,C++14 (GCC 5.4.1),cpp,Accepted,1,256,671,
s702619562,p02982,u150436276,1562548265,C++,C++14 (GCC 5.4.1),cpp,Accepted,1,256,514,
s736867595,p02982,u439911726,1562548265,C++,C++14 (GCC 5.4.1),cpp,Accepted,1,256,749,
s718094497,p02982,u756388720,1562548265,C++,C++14 (GCC 5.4.1),cpp,Accepted,1,256,633,
s354567870,p02982,u227604873,1562548265,C,C (GCC 5.4.1),c,Accepted,1,128,493,
s393898468,p02982,u193690465,1562548264,C++,C++14 (Clang 3.8.0),cpp,Accepted,7,888,15923,
s038510594,p02982,u372177994,1562548264,C++,C++14 (GCC 5.4.1),cpp,Accepted,1,256,660,
s566884294,p02982,u482583772,1562548264,Ruby,Ruby (2.3.3),rb,Accepted,7,1788,323,
s341710710,p02982,u362844338,1562548264,C#,C# (Mono 4.6.2.0),cs,Accepted,22,11220,2218,
s490100752,p02982,u066910956,1562548263,C++,C++14 (GCC 5.4.1),cpp,Accepted,1,256,683,
s569266459,p02982,u568787360,1562548263,Java,Java8 (OpenJDK 1.8.0),java,Accepted,108,23124,691,
s216731409,p02982,u583354994,1562548263,C++,C++14 (GCC 5.4.1),cpp,Accepted,1,256,582,
s961568026,p02982,u341406884,1562548263,C++,C++14 (GCC 5.4.1),cpp,Accepted,1,256,746,
s201192714,p02982,u269459751,1562548263,Python,PyPy3 (2.4.0),py,Accepted,169,38384,369,
s265836085,p02982,u627417051,1562548263,Python,Python (3.4.3),py,Accepted,19,3064,326,
s338552207,p02982,u629650917,1562548262,C++,C++14 (GCC 5.4.1),cpp,Accepted,1,384,1315,
s310916994,p02982,u186332581,1562548261,C++,C++14 (GCC 5.4.1),cpp,Accepted,1,256,468,
s902140782,p02982,u492026192,1562548261,Python,Python (3.4.3),py,Accepted,149,12420,379,
s942958872,p02982,u714232191,1562548261,C++,C++14 (GCC 5.4.1),cpp,Accepted,1,256,455,
s906495906,p02982,u570018655,1562548260,C++,C++14 (GCC 5.4.1),cpp,Accepted,2,256,691,
s895371690,p02982,u679951803,1562548260,C,C (GCC 5.4.1),c,Accepted,1,128,901,
s588879304,p02982,u077019541,1562548260,Python,Python (3.4.3),py,Accepted,19,3188,389,
s362632029,p02982,u757189157,1562548259,C++,C++14 (GCC 5.4.1),cpp,Accepted,1,256,525,
s650024715,p02982,u940831163,1562548259,Python,Python (3.4.3),py,Accepted,18,3188,324,
s291031716,p02982,u931462344,1562548259,Python,Python (3.4.3),py,Accepted,18,3064,338,
s248421998,p02982,u238312012,1562548259,C++,C++14 (GCC 5.4.1),cpp,Accepted,1,256,940,
s240519003,p02982,u274811210,1562548258,PHP,PHP7 (7.0.15),php,Accepted,9,4604,458,
s139898068,p02982,u182791129,1562548258,C++,C++14 (GCC 5.4.1),cpp,Accepted,1,256,550,
s485676510,p02982,u101513772,1562548258,C++,C++14 (GCC 5.4.1),cpp,Accepted,1,256,1754,
s215753394,p02982,u808006670,1562548258,C++,C++14 (GCC 5.4.1),cpp,Accepted,1,256,1080,
s688464860,p02982,u601932003,1562548257,Java,Java8 (OpenJDK 1.8.0),java,Accepted,70,21460,1638,
s087828072,p02982,u992326674,1562548256,C++,C++14 (GCC 5.4.1),cpp,Accepted,1,256,3291,
s992420873,p02982,u255943004,1562548256,Python,Python (3.4.3),py,Accepted,317,21500,304,
s050695337,p02982,u864171425,1562548256,C++,C++14 (GCC 5.4.1),cpp,Accepted,1,256,759,
s911870446,p02982,u554988565,1562548256,C++,C++14 (GCC 5.4.1),cpp,Wrong Answer,1,256,671,
s531228866,p02982,u065923107,1562548255,C++,C++14 (GCC 5.4.1),cpp,Accepted,1,256,935,
s892155858,p02982,u224246439,1562548254,C++,C++14 (GCC 5.4.1),cpp,Accepted,1,256,539,
s547762377,p02982,u388697579,1562548254,C++,C++14 (GCC 5.4.1),cpp,Accepted,1,256,724,
s388729708,p02982,u286955577,1562548254,Python,Python (3.4.3),py,Accepted,18,3064,348,
s718810327,p02982,u756439833,1562548254,Python,PyPy3 (2.4.0),py,Accepted,174,38384,428,
s197356861,p02982,u898983806,1562548254,C++,C++14 (GCC 5.4.1),cpp,Accepted,1,256,933,
s932273313,p02982,u439009525,1562548254,Python,PyPy3 (2.4.0),py,Wrong Answer,181,38256,299,
s481055963,p02982,u936790121,1562548254,C++,C++14 (GCC 5.4.1),cpp,Accepted,1,384,2276,
s080237405,p02982,u761529120,1562548254,Python,Python (3.4.3),py,Accepted,46,3064,365,
s321700003,p02982,u615782628,1562548253,C,C (Clang 3.8.0),c,Accepted,1,128,2580,
s473658612,p02982,u551692187,1562548253,Python,Python (3.4.3),py,Wrong Answer,18,3064,545,
s473200824,p02982,u254187258,1562548253,C++,C++14 (GCC 5.4.1),cpp,Accepted,1,256,1187,
s281036563,p02982,u865741247,1562548252,Python,Python (3.4.3),py,Accepted,99,7064,388,
s716604718,p02982,u172929647,1562548252,C++,C++14 (GCC 5.4.1),cpp,Accepted,5,8064,32183,
s295931161,p02982,u305824645,1562548252,C++,C++14 (GCC 5.4.1),cpp,Accepted,1,256,853,
s428491377,p02982,u981708764,1562548252,D,D (DMD64 v2.070.1),d,Accepted,1,256,7239,
s251997145,p02982,u586681080,1562548251,Haskell,Haskell (GHC 7.10.3),hs,Accepted,1,508,4954,
s029747636,p02982,u296150111,1562548251,Python,Python (3.4.3),py,Wrong Answer,17,3064,321,
s090950212,p02982,u628871447,1562548250,C++,C++14 (GCC 5.4.1),cpp,Accepted,1,256,817,
s389597722,p02982,u782930273,1562548250,Python,Python (3.4.3),py,Accepted,150,12424,368,
s559543788,p02982,u016128476,1562548250,Python,Python (3.4.3),py,Accepted,18,3188,369,
s177117014,p02982,u058580040,1562548250,Rust,Rust (1.15.1),rs,Accepted,2,4352,5997,
s256241040,p02982,u003018968,1562548250,Java,Java8 (OpenJDK 1.8.0),java,Accepted,70,21588,15555,
s371283584,p02982,u543848816,1562548249,C++,C++14 (GCC 5.4.1),cpp,Accepted,1,256,448,
s537378270,p02982,u602223636,1562548249,C++,C++14 (GCC 5.4.1),cpp,Accepted,1,256,493,
s784547485,p02982,u148555958,1562548249,C++,C++14 (GCC 5.4.1),cpp,Wrong Answer,1,256,675,
s421436588,p02982,u915934642,1562548249,C++,C++14 (Clang 3.8.0),cpp,Accepted,6,888,896,
s771247784,p02982,u659629720,1562548249,C++,C++14 (GCC 5.4.1),cpp,Accepted,1,256,589,
s246288092,p02982,u194243606,1562548249,C,C (GCC 5.4.1),c,Accepted,1,128,549,
s063164259,p02982,u649915042,1562548248,C++,C++14 (GCC 5.4.1),cpp,Accepted,3,512,603,
s302197836,p02982,u934118424,1562548248,C++,C++14 (GCC 5.4.1),cpp,Accepted,1,128,489,
s048288472,p02982,u850390157,1562548248,Python,Python (3.4.3),py,Accepted,17,3064,436,
s504931671,p02982,u134833921,1562548248,C++,C++14 (GCC 5.4.1),cpp,Accepted,2,3200,384,
s300626906,p02982,u528005130,1562548248,C++,C++14 (GCC 5.4.1),cpp,Accepted,1,256,808,
s050208865,p02982,u064478845,1562548247,C++,C++14 (GCC 5.4.1),cpp,Accepted,1,256,1733,
s818765350,p02982,u369402805,1562548247,Python,Python (3.4.3),py,Accepted,17,3064,532,
s379131152,p02982,u398610336,1562548247,C++,C++14 (GCC 5.4.1),cpp,Accepted,1,256,675,
s790661867,p02982,u242679311,1562548246,C++,C++14 (GCC 5.4.1),cpp,Accepted,1,256,921,
s173829062,p02982,u828521673,1562548246,C++,C++14 (GCC 5.4.1),cpp,Accepted,1,256,1113,
s821795670,p02982,u540491484,1562548245,C++,C++14 (GCC 5.4.1),cpp,Accepted,1,256,980,
s054086682,p02982,u753946386,1562548245,Java,Java8 (OpenJDK 1.8.0),java,Accepted,73,21460,4107,
s260091479,p02982,u994001258,1562548244,C++,C++14 (GCC 5.4.1),cpp,Accepted,1,256,804,
s085188804,p02982,u772041670,1562548244,C++,C++14 (GCC 5.4.1),cpp,Accepted,1,256,584,
s416978106,p02982,u404075706,1562548244,C++,C++14 (GCC 5.4.1),cpp,Accepted,1,256,1478,
s472741396,p02982,u635182517,1562548243,Python,Python (3.4.3),py,Wrong Answer,20,3060,326,
s483060773,p02982,u280512618,1562548243,C++,C++14 (GCC 5.4.1),cpp,Accepted,1,256,760,
s388369754,p02982,u553605501,1562548242,C++,C++14 (Clang 3.8.0),cpp,Accepted,7,888,881,
s790619092,p02982,u293072892,1562548242,C++,C++14 (GCC 5.4.1),cpp,Accepted,1,256,594,
s674585793,p02982,u371762349,1562548242,C++,C++14 (GCC 5.4.1),cpp,Accepted,2,384,481,
s884692972,p02982,u055303078,1562548242,C++,C++14 (GCC 5.4.1),cpp,Accepted,1,256,1231,
s748383555,p02982,u090266528,1562548241,Python,Python (3.4.3),py,Accepted,326,21804,287,
s057673330,p02982,u754144235,1562548241,C++,C++14 (Clang 3.8.0),cpp,Accepted,8,888,693,
s856362450,p02982,u392797842,1562548241,C++,C++14 (GCC 5.4.1),cpp,Accepted,1,256,445,
s782454086,p02982,u093744128,1562548241,C++,C++14 (GCC 5.4.1),cpp,Accepted,1,256,462,
s583506479,p02982,u460819600,1562548241,C++,C++14 (GCC 5.4.1),cpp,Accepted,1,256,1880,
s024263464,p02982,u111421568,1562548241,Kotlin,Kotlin (1.0.0),kt,Accepted,189,31136,708,
s514572264,p02982,u427344224,1562548240,Python,Python (3.4.3),py,Accepted,18,3064,438,
s220588880,p02982,u231552419,1562548240,Python,PyPy3 (2.4.0),py,Accepted,173,39280,678,
s824382792,p02982,u688527214,1562548239,Crystal,Crystal (0.20.5),cr,Accepted,2,636,233,
s232087926,p02982,u267022560,1562548239,C++,C++14 (GCC 5.4.1),cpp,Accepted,1,256,1029,
s807460865,p02982,u569736690,1562548238,Java,Java8 (OpenJDK 1.8.0),java,Accepted,110,21844,872,
s833001864,p02982,u421777980,1562548237,Rust,Rust (1.15.1),rs,Wrong Answer,2,4352,2301,
s143823840,p02982,u728279667,1562548236,Nim,Nim (0.13.0),nim,Accepted,1,256,528,
s521660833,p02982,u221285045,1562548236,C++,C++14 (GCC 5.4.1),cpp,Accepted,1,256,1193,
s573133682,p02982,u054759548,1562548236,C++,C++14 (GCC 5.4.1),cpp,Accepted,1,256,785,
s914879311,p02982,u904833081,1562548236,C++,C++14 (GCC 5.4.1),cpp,Accepted,1,256,692,
s720326381,p02982,u013962767,1562548236,C,C (GCC 5.4.1),c,Wrong Answer,1,128,543,
s039985936,p02982,u837951457,1562548236,C++,C++14 (GCC 5.4.1),cpp,Accepted,1,256,650,
s287093113,p02982,u460819600,1562548236,C++,C++14 (GCC 5.4.1),cpp,Accepted,1,256,1880,
s886998233,p02982,u194412908,1562548236,C#,C# (Mono 4.6.2.0),cs,Accepted,22,13268,3306,
s590417951,p02982,u363992934,1562548236,Python,Python (3.4.3),py,Accepted,18,3188,392,
s364163409,p02982,u460646465,1562548235,C++,C++14 (GCC 5.4.1),cpp,Accepted,9,764,420,
s699562339,p02982,u905268546,1562548235,Python,Python (3.4.3),py,Accepted,17,3060,310,
s889803001,p02982,u151531137,1562548235,C#,C# (Mono 4.6.2.0),cs,Accepted,24,13396,1106,
s638231263,p02982,u588341295,1562548234,Python,Python (3.4.3),py,Accepted,18,3064,872,
s215548233,p02982,u743561048,1562548234,C++,C++14 (GCC 5.4.1),cpp,Accepted,1,256,2694,
s578736857,p02982,u398025421,1562548234,C++,C++14 (GCC 5.4.1),cpp,Accepted,1,256,704,
s437089633,p02982,u337054478,1562548234,C++,C++14 (GCC 5.4.1),cpp,Accepted,1,256,1268,
s314782579,p02982,u167931717,1562548233,C++,C++14 (GCC 5.4.1),cpp,Accepted,1,256,11854,
s076034806,p02982,u110383845,1562548232,C++,C++14 (GCC 5.4.1),cpp,Accepted,1,256,3879,
s033620477,p02982,u877220920,1562548232,Python,Python (3.4.3),py,Accepted,18,3060,337,
s899574129,p02982,u832409298,1562548232,Python,Python (3.4.3),py,Accepted,18,3064,812,
s610142849,p02982,u623115612,1562548231,C++,C++14 (GCC 5.4.1),cpp,Accepted,1,256,561,
s908309036,p02982,u405923605,1562548231,C++,C++14 (GCC 5.4.1),cpp,Wrong Answer,2,256,919,
s612431545,p02982,u509368316,1562548231,Python,Python (3.4.3),py,Accepted,17,3064,296,
s259252723,p02982,u194894739,1562548230,Python,Python (3.4.3),py,Accepted,23,3316,402,
s705999508,p02982,u785578220,1562548229,Python,Python (3.4.3),py,Accepted,18,3064,458,
s442981639,p02982,u214304095,1562548229,C++,C++14 (GCC 5.4.1),cpp,Accepted,1,256,797,
s210163728,p02982,u840105874,1562548229,C++,C++14 (GCC 5.4.1),cpp,Accepted,1,256,1217,
s733677455,p02982,u381108555,1562548229,C++,C++14 (GCC 5.4.1),cpp,Accepted,1,256,1264,
s893404718,p02982,u594956556,1562548228,Python,Python (3.4.3),py,Accepted,17,3188,317,
s639110392,p02982,u332201621,1562548228,C++,C++14 (GCC 5.4.1),cpp,Accepted,1,256,2465,
s668050640,p02982,u093170535,1562548228,C++,C++14 (GCC 5.4.1),cpp,Accepted,1,256,408,
s288787446,p02982,u386806796,1562548228,C++,C++14 (GCC 5.4.1),cpp,Accepted,1,256,749,
s700946678,p02982,u991534398,1562548228,C++,C++14 (GCC 5.4.1),cpp,Accepted,1,640,795,
s597440011,p02982,u978494963,1562548228,Python,Python (3.4.3),py,Accepted,40,5244,864,
s459406031,p02982,u676754184,1562548227,C#,C# (Mono 4.6.2.0),cs,Accepted,25,13396,1324,
s717509134,p02982,u010069411,1562548227,Python,Python (3.4.3),py,Accepted,17,3064,319,
s235973217,p02982,u414947284,1562548227,C++,C++14 (GCC 5.4.1),cpp,Accepted,3,256,618,
s437762862,p02982,u385617244,1562548227,C++,C++14 (GCC 5.4.1),cpp,Accepted,3,384,2030,
s157774151,p02982,u287132915,1562548227,Python,Python (3.4.3),py,Accepted,312,21404,371,
s536416394,p02982,u426108351,1562548226,Python,Python (3.4.3),py,Accepted,17,3188,310,
s001017065,p02982,u751718721,1562548226,C++,C++14 (GCC 5.4.1),cpp,Accepted,1,256,2229,
s403049507,p02982,u434662823,1562548225,C++,C++14 (GCC 5.4.1),cpp,Accepted,1,256,1333,
s542367134,p02982,u726872801,1562548225,Java,Java8 (OpenJDK 1.8.0),java,Accepted,113,23764,1030,
s921482600,p02982,u908349502,1562548225,Python,Python (3.4.3),py,Accepted,308,3064,410,
s515459304,p02982,u422769833,1562548224,C++,C++14 (GCC 5.4.1),cpp,Accepted,1,256,795,
s404953656,p02982,u546943614,1562548224,C++,C++14 (GCC 5.4.1),cpp,Wrong Answer,1,256,677,
s557641937,p02982,u271469978,1562548223,Python,Python (3.4.3),py,Accepted,18,3064,364,
s419799716,p02982,u314050667,1562548222,Python,Python (3.4.3),py,Accepted,17,3064,323,
s647674222,p02982,u880400515,1562548222,Python,Python (3.4.3),py,Accepted,20,3064,412,
s204351619,p02982,u679245300,1562548222,C++,C++14 (GCC 5.4.1),cpp,Accepted,1,256,791,
s614666720,p02982,u766779796,1562548221,C++,C++14 (GCC 5.4.1),cpp,Accepted,1,256,820,
s010981305,p02982,u593546783,1562548221,C++,C++14 (GCC 5.4.1),cpp,Accepted,1,256,751,
s738962891,p02982,u860649643,1562548221,Python,PyPy3 (2.4.0),py,Accepted,174,38384,330,
s189773821,p02982,u047371023,1562548221,C++,C++14 (GCC 5.4.1),cpp,Wrong Answer,2,256,468,
s049138043,p02982,u050698451,1562548221,C++,C++14 (GCC 5.4.1),cpp,Accepted,3,512,1013,
s863208754,p02982,u370768058,1562548220,C++,C++14 (GCC 5.4.1),cpp,Accepted,1,256,1583,
s147424724,p02982,u945228737,1562548220,Python,Python (3.4.3),py,Accepted,17,3060,481,
s518760373,p02982,u740069741,1562548220,C++,C++14 (GCC 5.4.1),cpp,Accepted,1,256,600,
s515671787,p02982,u559765551,1562548219,C++,C++14 (GCC 5.4.1),cpp,Accepted,1,256,550,
s656082783,p02982,u129290043,1562548219,C++,C++14 (GCC 5.4.1),cpp,Accepted,1,256,1052,
s685227508,p02982,u412550879,1562548218,C++,C++14 (GCC 5.4.1),cpp,Accepted,1,256,1030,
s186934823,p02982,u973991908,1562548218,C++,C++14 (GCC 5.4.1),cpp,Accepted,1,256,707,
s114234655,p02982,u455505352,1562548218,C++,C++14 (GCC 5.4.1),cpp,Compile Error,,,1240,
s190862759,p02982,u651317892,1562548218,C++,C++14 (GCC 5.4.1),cpp,Accepted,1,256,610,
s100256333,p02982,u977389981,1562548218,Python,Python (3.4.3),py,Accepted,150,12496,335,
s242072150,p02982,u027284591,1562548217,C++,C++14 (GCC 5.4.1),cpp,Accepted,1,256,904,
s278873301,p02982,u092650292,1562548217,Python,Python (3.4.3),py,Accepted,18,3064,364,
s460858643,p02982,u389438219,1562548217,C++,C++14 (GCC 5.4.1),cpp,Accepted,1,256,2177,
s859188081,p02982,u152861889,1562548217,Python,Python (3.4.3),py,Accepted,17,3064,325,
s010047924,p02982,u843036991,1562548217,C++,C++14 (GCC 5.4.1),cpp,Accepted,1,256,598,
s326079908,p02982,u330712095,1562548216,Python,Python (3.4.3),py,Accepted,18,3064,489,
s657682000,p02982,u677523557,1562548216,Python,Python (3.4.3),py,Wrong Answer,18,3060,351,
s486563704,p02982,u149583407,1562548215,C++,C++14 (GCC 5.4.1),cpp,Accepted,1,256,834,
s394116026,p02982,u516926974,1562548215,C#,C# (Mono 4.6.2.0),cs,Accepted,22,13268,1280,
s072815284,p02982,u087917227,1562548215,Python,Python (3.4.3),py,Accepted,17,3064,448,
s653959648,p02982,u611562941,1562548214,Python,PyPy3 (2.4.0),py,Accepted,167,38488,342,
s549284069,p02982,u262288723,1562548214,C++,C++14 (GCC 5.4.1),cpp,Accepted,1,256,980,
s752789750,p02982,u150376070,1562548214,C++,C++14 (GCC 5.4.1),cpp,Accepted,1,256,2423,
s253767940,p02982,u020160935,1562548214,C++,C++14 (GCC 5.4.1),cpp,Accepted,3,384,790,
s027858363,p02982,u528523331,1562548214,C++,C++14 (GCC 5.4.1),cpp,Accepted,1,256,748,
s007821823,p02982,u190018920,1562548214,C++,C++14 (GCC 5.4.1),cpp,Accepted,1,256,737,
s297369892,p02982,u016531517,1562548214,C++,C++14 (GCC 5.4.1),cpp,Accepted,1,256,882,
s720926683,p02982,u319222706,1562548214,C++,C++14 (GCC 5.4.1),cpp,Accepted,1,256,13555,
s913082266,p02982,u558699902,1562548213,Python,Python (3.4.3),py,Accepted,338,24376,1362,
s045098540,p02982,u448161583,1562548212,Python,Python (3.4.3),py,Accepted,148,12428,458,
s572007259,p02982,u762193256,1562548212,C#,C# (Mono 4.6.2.0),cs,Accepted,29,13524,3236,
s780805093,p02982,u305138467,1562548212,C++,C++14 (GCC 5.4.1),cpp,Accepted,1,256,1121,
s760224824,p02982,u612721349,1562548212,Python,PyPy3 (2.4.0),py,Accepted,169,38384,526,
s742831924,p02982,u850894780,1562548212,C++,C++14 (GCC 5.4.1),cpp,Accepted,1,256,791,
s285128658,p02982,u331948661,1562548211,C++,C++14 (GCC 5.4.1),cpp,Accepted,1,256,529,
s936528687,p02982,u338119590,1562548211,C++,C++14 (GCC 5.4.1),cpp,Accepted,1,256,454,
s243195241,p02982,u501424696,1562548211,Python,PyPy3 (2.4.0),py,Accepted,170,38384,408,
s957556004,p02982,u030726788,1562548211,Python,Python (3.4.3),py,Accepted,152,12448,371,
s594802667,p02982,u074650488,1562548211,C++,C++14 (GCC 5.4.1),cpp,Accepted,1,256,626,
s458464265,p02982,u314960567,1562548210,C++,C++14 (GCC 5.4.1),cpp,Accepted,1,256,999,
s285921624,p02982,u525227429,1562548210,Python,Python (3.4.3),py,Accepted,1091,21644,353,
s683390858,p02982,u148019779,1562548209,C++,C++14 (GCC 5.4.1),cpp,Accepted,1,256,663,
s098046827,p02982,u414712570,1562548209,C++,C++14 (GCC 5.4.1),cpp,Accepted,1,128,615,
s258960207,p02982,u286223754,1562548209,C++,C++14 (GCC 5.4.1),cpp,Wrong Answer,1,256,746,
s071855560,p02982,u660444966,1562548209,Java,Java8 (OpenJDK 1.8.0),java,Accepted,125,24532,829,
s099598922,p02982,u660750079,1562548208,Python,Python (3.4.3),py,Accepted,18,3188,353,
s315799612,p02982,u218356514,1562548207,C++,C++14 (GCC 5.4.1),cpp,Accepted,1,256,615,
s799620192,p02982,u368201579,1562548207,C#,C# (Mono 4.6.2.0),cs,Accepted,27,13524,15495,
s921771434,p02982,u039041830,1562548207,C++,C++14 (GCC 5.4.1),cpp,Accepted,1,256,991,
s343839162,p02982,u229596090,1562548207,C++,C++14 (GCC 5.4.1),cpp,Accepted,1,256,558,
s301600324,p02982,u130196064,1562548206,C++,C++14 (GCC 5.4.1),cpp,Accepted,4,256,2805,
s509044216,p02982,u575074893,1562548206,Rust,Rust (1.15.1),rs,Accepted,2,4352,13208,
s319733767,p02982,u801608329,1562548206,C++,C++14 (GCC 5.4.1),cpp,Accepted,1,128,658,
s968492808,p02982,u820612421,1562548205,C++,C++14 (GCC 5.4.1),cpp,Accepted,1,256,3718,
s112008324,p02982,u103569822,1562548205,C++,C++14 (GCC 5.4.1),cpp,Accepted,1,256,502,
s132844789,p02982,u693569496,1562548205,C++,C++14 (GCC 5.4.1),cpp,Accepted,1,256,838,
s105936504,p02982,u121794232,1562548205,C++,C++14 (GCC 5.4.1),cpp,Accepted,1,256,870,
s511203459,p02982,u880731071,1562548204,Go,Go (1.6),go,Accepted,1,640,1172,
s924108788,p02982,u640248738,1562548204,C++,C++14 (GCC 5.4.1),cpp,Accepted,1,256,731,
s335064395,p02982,u698571659,1562548204,C++,C++14 (GCC 5.4.1),cpp,Accepted,1,256,580,
s501046406,p02982,u677440371,1562548203,Python,Python (3.4.3),py,Accepted,18,3064,417,
s249070234,p02982,u849756457,1562548203,Python,Python (3.4.3),py,Accepted,18,3064,466,
s087840541,p02982,u282164747,1562548203,Go,Go (1.6),go,Accepted,1,512,639,
s144883909,p02982,u591589288,1562548202,Python,Python (3.4.3),py,Accepted,17,3064,439,
s111928408,p02982,u902787159,1562548202,C++,C++14 (GCC 5.4.1),cpp,Accepted,1,256,515,
s821912953,p02982,u909806206,1562548202,C#,C# (Mono 4.6.2.0),cs,Accepted,30,13396,1581,
s939873756,p02982,u894555185,1562548202,C++,C++14 (GCC 5.4.1),cpp,Accepted,1,256,729,
s302513830,p02982,u517447467,1562548202,Python,Python (3.4.3),py,Accepted,150,12476,311,
s650910870,p02982,u334712262,1562548201,Python,Python (3.4.3),py,Accepted,65,6852,1436,
s052447435,p02982,u243453868,1562548201,Python,Python (3.4.3),py,Accepted,20,3440,467,
s453509455,p02982,u168578024,1562548201,C++,C++14 (GCC 5.4.1),cpp,Accepted,1,256,5516,
s750439060,p02982,u173662133,1562548201,Java,Java8 (OpenJDK 1.8.0),java,Accepted,116,21204,1265,
s781951112,p02982,u837951457,1562548201,C++,C++14 (GCC 5.4.1),cpp,Wrong Answer,1,256,689,
s154163890,p02982,u436045956,1562548201,C++,C++14 (GCC 5.4.1),cpp,Accepted,3,512,1063,
s368237343,p02982,u492352831,1562548201,C++,C++14 (Clang 3.8.0),cpp,Accepted,7,888,659,
s346625624,p02982,u764228018,1562548199,C++,C++14 (GCC 5.4.1),cpp,Accepted,2,256,1769,
s115356908,p02982,u064722905,1562548198,C++,C++14 (GCC 5.4.1),cpp,Accepted,1,256,527,
s720580257,p02982,u539517139,1562548197,Python,Python (3.4.3),py,Runtime Error,18,3060,298,
s777572864,p02982,u511782553,1562548197,PHP,PHP7 (7.0.15),php,Accepted,12,4856,453,
s702286299,p02982,u801102476,1562548197,C,C (GCC 5.4.1),c,Accepted,1,128,788,
s133732349,p02982,u868281230,1562548197,C++,C++14 (GCC 5.4.1),cpp,Accepted,106,15104,1292,
s359252341,p02982,u491550356,1562548197,C++,C++14 (GCC 5.4.1),cpp,Accepted,1,256,2808,
s109425170,p02982,u052499405,1562548197,Python,Python (3.4.3),py,Accepted,17,3060,356,
s387569665,p02982,u775013393,1562548196,C++,C++14 (GCC 5.4.1),cpp,Accepted,1,256,1830,
s967558071,p02982,u555498801,1562548196,Python,Python (3.4.3),py,Accepted,310,21648,360,
s420481768,p02982,u569041543,1562548196,C++,C++14 (GCC 5.4.1),cpp,Wrong Answer,1,256,723,
s585363340,p02982,u785897267,1562548196,C++,C++ (GCC 5.4.1),cpp,Accepted,1,256,519,
s671069800,p02982,u987594251,1562548195,C++,C++14 (GCC 5.4.1),cpp,Accepted,1,256,728,
s639027181,p02982,u432702669,1562548195,C++,C++14 (GCC 5.4.1),cpp,Accepted,1,256,377,
s176239962,p02982,u190405389,1562548195,Python,PyPy3 (2.4.0),py,Accepted,175,38704,309,
s889323614,p02982,u660361728,1562548195,C++,C++ (GCC 5.4.1),cpp,Accepted,1,256,684,
s893688788,p02982,u201856486,1562548194,Python,Python (3.4.3),py,Accepted,151,12556,5209,
s529226712,p02982,u765606693,1562548194,C++,C++14 (GCC 5.4.1),cpp,Accepted,2,896,720,
s167033494,p02982,u449417320,1562548194,C++,C++14 (GCC 5.4.1),cpp,Accepted,1,256,775,
s191779187,p02982,u494448285,1562548193,C#,C# (Mono 4.6.2.0),cs,Accepted,21,13140,1923,
s380514157,p02982,u492614439,1562548193,Java,Java8 (OpenJDK 1.8.0),java,Accepted,70,21588,1288,
s382991057,p02982,u117327215,1562548193,C#,C# (Mono 4.6.2.0),cs,Wrong Answer,29,13652,11775,
s107068650,p02982,u926136838,1562548193,C++,C++14 (GCC 5.4.1),cpp,Accepted,1,256,893,
s507199475,p02982,u656679572,1562548193,C++,C++14 (GCC 5.4.1),cpp,Accepted,1,256,1148,
s739613538,p02982,u499875485,1562548193,C++,C++14 (GCC 5.4.1),cpp,Accepted,1,256,1969,
s031117143,p02982,u628047647,1562548192,C++,C++14 (GCC 5.4.1),cpp,Accepted,1,256,647,
s984019495,p02982,u836866227,1562548192,Go,Go (1.6),go,Accepted,1,640,682,
s908269466,p02982,u017293723,1562548192,C++,C++14 (GCC 5.4.1),cpp,Accepted,1,256,665,
s988315453,p02982,u506112954,1562548191,C++,C++14 (GCC 5.4.1),cpp,Accepted,3,384,649,
s756211339,p02982,u102334466,1562548191,C++,C++14 (GCC 5.4.1),cpp,Accepted,1,256,591,
s855758703,p02982,u364497081,1562548191,C++,C++14 (GCC 5.4.1),cpp,Accepted,1,256,676,
s205335308,p02982,u077337864,1562548191,Python,Python (3.4.3),py,Accepted,24,3064,468,
s898337232,p02982,u988882661,1562548191,C++,C++14 (GCC 5.4.1),cpp,Accepted,1,256,1712,
s126834408,p02982,u576844664,1562548190,C#,C# (Mono 4.6.2.0),cs,Accepted,25,13396,2780,
s759472966,p02982,u298497862,1562548190,C++,C++14 (GCC 5.4.1),cpp,Accepted,1,256,619,
s377209631,p02982,u697736195,1562548189,C++,C++14 (GCC 5.4.1),cpp,Accepted,1,256,763,
s798045311,p02982,u532573979,1562548189,C++,C++14 (GCC 5.4.1),cpp,Accepted,1,256,1124,
s709315035,p02982,u952094438,1562548188,C++,C++14 (GCC 5.4.1),cpp,Accepted,1,256,1124,
s802742155,p02982,u026686258,1562548188,C++,C++14 (GCC 5.4.1),cpp,Accepted,1,256,3215,
s409431531,p02982,u926678805,1562548187,Python,Python (3.4.3),py,Accepted,17,3188,422,
s298749543,p02982,u022138926,1562548187,Nim,Nim (0.13.0),nim,Accepted,1,256,6292,
s773316038,p02982,u045547337,1562548186,C++,C++14 (GCC 5.4.1),cpp,Accepted,1,640,517,
s940919534,p02982,u622523700,1562548186,Python,PyPy3 (2.4.0),py,Accepted,168,38384,317,
s670681645,p02982,u168139048,1562548185,Python,Python (3.4.3),py,Accepted,308,21764,671,
s505099601,p02982,u755830696,1562548185,C++,C++14 (GCC 5.4.1),cpp,Accepted,1,256,589,
s519137464,p02982,u845620905,1562548184,Python,Python (3.4.3),py,Accepted,17,3188,373,
s640542243,p02982,u107091170,1562548184,Python,Python (3.4.3),py,Accepted,17,3188,338,
s468205690,p02982,u552502395,1562548184,Java,Java8 (OpenJDK 1.8.0),java,Runtime Error,108,23764,1084,
s411509239,p02982,u729417323,1562548184,Python,Python (3.4.3),py,Accepted,18,3188,382,
s492321014,p02982,u815748711,1562548184,C#,C# (Mono 4.6.2.0),cs,Accepted,21,11092,2263,
s661550790,p02982,u546897790,1562548184,C++,C++14 (GCC 5.4.1),cpp,Accepted,1,256,958,
s142073121,p02982,u030685402,1562548183,C++,C++14 (GCC 5.4.1),cpp,Accepted,1,256,1311,
s201924324,p02982,u969850098,1562548183,Python,Python (3.4.3),py,Accepted,323,21432,360,
s981102225,p02982,u067729694,1562548183,Python,PyPy3 (2.4.0),py,Accepted,183,38256,325,
s020012789,p02982,u265768297,1562548182,C++,C++14 (GCC 5.4.1),cpp,Accepted,3,384,773,
s929176141,p02982,u032226420,1562548182,C++,C++14 (GCC 5.4.1),cpp,Accepted,1,256,997,
s520419540,p02982,u618107373,1562548182,Python,Python (3.4.3),py,Accepted,17,3188,368,
s627691444,p02982,u903596281,1562548182,Python,PyPy3 (2.4.0),py,Accepted,177,38256,266,
s249908409,p02982,u036493199,1562548182,Python,PyPy3 (2.4.0),py,Accepted,177,38256,391,
s560281084,p02982,u615782628,1562548182,C,C (Clang 3.8.0),c,Wrong Answer,1,128,2580,
s560903116,p02982,u191829404,1562548182,Python,Python (3.4.3),py,Accepted,33,3824,1348,
s051589487,p02982,u488352661,1562548181,C++,C++14 (GCC 5.4.1),cpp,Accepted,1,256,647,
s871720989,p02982,u201660334,1562548181,Python,Python (3.4.3),py,Accepted,17,3188,352,
s938096181,p02982,u314008046,1562548181,C++,C++14 (GCC 5.4.1),cpp,Accepted,1,256,851,
s851439798,p02982,u480806810,1562548180,C++,C++14 (GCC 5.4.1),cpp,Accepted,1,256,889,
s216734179,p02982,u019685451,1562548179,Python,Python (3.4.3),py,Accepted,17,3064,322,
s698000199,p02982,u219873012,1562548179,C++,C++14 (GCC 5.4.1),cpp,Wrong Answer,1,256,2603,
s158093254,p02982,u853633924,1562548178,Java,Java8 (OpenJDK 1.8.0),java,Accepted,79,23252,3986,
s456566289,p02982,u280978334,1562548178,Python,Python (3.4.3),py,Accepted,17,3064,319,
s891700195,p02982,u253790619,1562548178,C++,C++14 (GCC 5.4.1),cpp,Accepted,1,256,1694,
s023552014,p02982,u903460784,1562548178,Python,Python (3.4.3),py,Wrong Answer,313,20676,336,
s196563874,p02982,u240733151,1562548177,C++,C++14 (GCC 5.4.1),cpp,Accepted,1,256,638,
s607123226,p02982,u345626364,1562548177,Java,Java8 (OpenJDK 1.8.0),java,Accepted,114,23124,981,
s673521349,p02982,u577138895,1562548177,Python,PyPy3 (2.4.0),py,Accepted,170,38404,364,
s061015353,p02982,u551373727,1562548177,C++,C++14 (GCC 5.4.1),cpp,Accepted,1,256,846,
s992663953,p02982,u028681952,1562548177,C++,C++14 (GCC 5.4.1),cpp,Accepted,4,256,604,
s812723740,p02982,u067694854,1562548176,C++,C++14 (GCC 5.4.1),cpp,Accepted,1,256,973,
s179747207,p02982,u021358975,1562548176,Ruby,Ruby (2.3.3),rb,Accepted,7,1788,309,
s737385970,p02982,u285443936,1562548176,Python,Python (3.4.3),py,Accepted,17,3064,318,
s310616776,p02982,u401146093,1562548176,C++,C++14 (GCC 5.4.1),cpp,Accepted,1,256,1508,
s128887352,p02982,u352200121,1562548176,C++,C++14 (GCC 5.4.1),cpp,Accepted,1,256,601,
s296987552,p02982,u780465569,1562548175,Python,PyPy3 (2.4.0),py,Accepted,179,38256,376,
s789733590,p02982,u803893892,1562548175,C++,C++14 (GCC 5.4.1),cpp,Accepted,1,256,609,
s376854005,p02982,u560880370,1562548175,C++,C++14 (GCC 5.4.1),cpp,Accepted,2,1280,602,
s714371848,p02982,u878492982,1562548174,C++,C++14 (GCC 5.4.1),cpp,Accepted,3,384,744,
s656119371,p02982,u310752653,1562548174,Rust,Rust (1.15.1),rs,Accepted,3,8572,2679,
s279297429,p02982,u481767096,1562548174,C++,C++14 (GCC 5.4.1),cpp,Accepted,1,256,1145,
s090573399,p02982,u729617972,1562548173,Java,Java8 (OpenJDK 1.8.0),java,Accepted,113,22996,807,
s843139364,p02982,u304121198,1562548173,C++,C++14 (GCC 5.4.1),cpp,Accepted,1,256,6644,
s992439231,p02982,u381585104,1562548173,C++,C++14 (GCC 5.4.1),cpp,Accepted,1,256,1944,
s956756634,p02982,u036514535,1562548172,Python,Python (3.4.3),py,Accepted,313,21464,357,
s163394470,p02982,u016726316,1562548172,C++,C++14 (GCC 5.4.1),cpp,Accepted,1,256,564,
s798172609,p02982,u434282696,1562548172,Python,Python (3.4.3),py,Accepted,30,3316,332,
s111339303,p02982,u839397805,1562548171,C++,C++14 (GCC 5.4.1),cpp,Accepted,1,256,584,
s809039596,p02982,u099001254,1562548171,C#,C# (Mono 4.6.2.0),cs,Accepted,21,11092,941,
s974205289,p02982,u129074747,1562548171,C++,C++14 (Clang 3.8.0),cpp,Accepted,1,256,5553,
s461232324,p02982,u107639613,1562548171,Python,Python (3.4.3),py,Accepted,17,3188,355,
s273837157,p02982,u356605738,1562548170,D,D (DMD64 v2.070.1),d,Accepted,1,256,952,
s509757743,p02982,u504142483,1562548170,C++,C++14 (GCC 5.4.1),cpp,Accepted,1,256,2961,
s043495317,p02982,u977389981,1562548170,Python,PyPy3 (2.4.0),py,Runtime Error,170,38640,335,
s228016699,p02982,u305384049,1562548170,Java,Java8 (OpenJDK 1.8.0),java,Accepted,109,22996,1455,
s190371750,p02982,u730946954,1562548170,C++,C++14 (GCC 5.4.1),cpp,Accepted,1,256,566,
s905705372,p02982,u187878098,1562548170,C++,C++14 (GCC 5.4.1),cpp,Wrong Answer,2,512,1298,
s460464167,p02982,u958788330,1562548170,C,C (GCC 5.4.1),c,Accepted,1,128,712,
s653412890,p02982,u644778646,1562548170,Python,PyPy3 (2.4.0),py,Accepted,171,38512,336,
s007543285,p02982,u923606520,1562548170,Java,Java8 (OpenJDK 1.8.0),java,Accepted,72,20948,22443,
s558988144,p02982,u636137609,1562548170,C++,C++14 (GCC 5.4.1),cpp,Accepted,1,256,1364,
s390107743,p02982,u093384595,1562548169,Python,Python (3.4.3),py,Accepted,17,3060,298,
s133529970,p02982,u595893956,1562548169,C++,C++14 (GCC 5.4.1),cpp,Accepted,2,256,741,
s127313941,p02982,u356086562,1562548168,Rust,Rust (1.15.1),rs,Accepted,2,4352,1078,
s709809471,p02982,u709755864,1562548168,C++,C++14 (GCC 5.4.1),cpp,Accepted,1,256,4261,
s402286896,p02982,u971626508,1562548168,C++,C++14 (GCC 5.4.1),cpp,Accepted,1,256,4642,
s704120489,p02982,u870797515,1562548167,C++,C++14 (GCC 5.4.1),cpp,Accepted,1,256,1093,
s439397383,p02982,u153798346,1562548166,C++,C++14 (GCC 5.4.1),cpp,Accepted,1,256,1661,
s225855861,p02982,u152665036,1562548166,Java,Java8 (OpenJDK 1.8.0),java,Accepted,108,23252,684,
s927370348,p02982,u709604332,1562548166,C++,C++14 (GCC 5.4.1),cpp,Accepted,1,256,1005,
s814829559,p02982,u757568397,1562548165,Ruby,Ruby (2.3.3),rb,Accepted,7,1916,362,
s690781899,p02982,u904258057,1562548165,Python,Python (3.4.3),py,Accepted,18,3064,439,
s581273426,p02982,u709504283,1562548165,C++,C++14 (GCC 5.4.1),cpp,Accepted,1,256,458,
s779203268,p02982,u537782349,1562548164,Python,Python (3.4.3),py,Accepted,18,3060,316,
s527812520,p02982,u150376070,1562548164,C++,C++14 (GCC 5.4.1),cpp,Runtime Error,147,256,2423,
s641797758,p02982,u898209217,1562548163,Rust,Rust (1.15.1),rs,Accepted,2,4352,1680,
s793890174,p02982,u188664174,1562548163,C++,C++14 (GCC 5.4.1),cpp,Accepted,1,256,1021,
s925811940,p02982,u044635590,1562548163,Python,Python (3.4.3),py,Accepted,17,3188,408,
s866360289,p02982,u250338668,1562548163,C++,C++14 (GCC 5.4.1),cpp,Wrong Answer,19,512,585,
s877639677,p02982,u278954496,1562548162,C++,C++14 (GCC 5.4.1),cpp,Wrong Answer,1,256,524,
s537245854,p02982,u211255798,1562548162,C++,C++14 (GCC 5.4.1),cpp,Accepted,2,256,352,
s293749611,p02982,u118642796,1562548162,Python,PyPy3 (2.4.0),py,Accepted,172,38384,326,
s869155487,p02982,u652150585,1562548162,Python,Python (3.4.3),py,Accepted,31,3188,353,
s820550780,p02982,u199371251,1562548161,C++,C++14 (GCC 5.4.1),cpp,Accepted,1,256,1337,
s283853476,p02982,u867629498,1562548160,C++,C++14 (GCC 5.4.1),cpp,Accepted,1,256,828,
s606769092,p02982,u528720841,1562548160,C++,C++14 (GCC 5.4.1),cpp,Accepted,1,256,1785,
s926772641,p02982,u867005447,1562548160,Python,Python (3.4.3),py,Accepted,17,3060,317,
s165153106,p02982,u452379143,1562548160,C++,C++14 (GCC 5.4.1),cpp,Accepted,1,256,684,
s945474511,p02982,u882620594,1562548160,Python,PyPy3 (2.4.0),py,Accepted,165,38384,444,
s529594981,p02982,u119477929,1562548159,C++,C++14 (GCC 5.4.1),cpp,Accepted,1,256,772,
s719142250,p02982,u316341119,1562548159,Python,PyPy3 (2.4.0),py,Accepted,168,38384,421,
s380508323,p02982,u019780057,1562548159,C++,C++14 (GCC 5.4.1),cpp,Accepted,1,256,1141,
s902390436,p02982,u346812984,1562548159,C++,C++14 (GCC 5.4.1),cpp,Accepted,2,512,912,
s472199374,p02982,u058317639,1562548158,C++,C++14 (GCC 5.4.1),cpp,Accepted,9,4352,3219,
s861079229,p02982,u631238602,1562548158,Python,PyPy3 (2.4.0),py,Accepted,298,63412,1802,
s427451176,p02982,u637175065,1562548158,Go,Go (1.6),go,Accepted,1,512,571,
s672749123,p02982,u467826805,1562548157,C++,C++14 (GCC 5.4.1),cpp,Accepted,1,256,767,
s008397354,p02982,u347857824,1562548157,C#,C# (Mono 4.6.2.0),cs,Accepted,21,13140,4873,
s527727275,p02982,u229621546,1562548156,Python,Python (3.4.3),py,Accepted,17,3060,289,
s727891899,p02982,u676754184,1562548155,C++,C++14 (GCC 5.4.1),cpp,Compile Error,,,1158,
s664008928,p02982,u828752458,1562548155,C++,C++14 (GCC 5.4.1),cpp,Accepted,1,256,832,
s728123806,p02982,u310233294,1562548155,Python,Python (3.4.3),py,Accepted,18,3188,305,
s133106250,p02982,u711524482,1562548155,C++,C++14 (GCC 5.4.1),cpp,Wrong Answer,1,256,712,
s830096902,p02982,u782009499,1562548155,Python,Python (3.4.3),py,Accepted,18,3064,494,
s319665881,p02982,u627764960,1562548155,Ruby,Ruby (2.3.3),rb,Accepted,8,1916,361,
s522620691,p02982,u655975843,1562548155,C++,C++14 (GCC 5.4.1),cpp,Accepted,1,256,871,
s175263934,p02982,u943624079,1562548154,Rust,Rust (1.15.1),rs,Accepted,2,4352,1377,
s187301923,p02982,u978178314,1562548154,Python,PyPy3 (2.4.0),py,Accepted,170,38384,285,
s166985016,p02982,u381714561,1562548154,C++,C++14 (GCC 5.4.1),cpp,Accepted,1,256,1326,
s880562551,p02982,u127768253,1562548154,C++,C++14 (GCC 5.4.1),cpp,Accepted,1,256,797,
s453816237,p02982,u330690418,1562548154,Python,Python (3.4.3),py,Accepted,18,3188,270,
s701035265,p02982,u711295009,1562548154,Python,Python (3.4.3),py,Accepted,18,3064,528,
s280477399,p02982,u494788559,1562548153,Scala,Scala (2.11.7),scala,Accepted,358,25796,706,
s392792967,p02982,u399721252,1562548153,Python,PyPy3 (2.4.0),py,Accepted,173,39280,379,
s037831752,p02982,u657913472,1562548153,Octave,Octave (4.0.2),octave,Wrong Answer,677,46604,78,
s276198784,p02982,u045939752,1562548153,C++,C++14 (GCC 5.4.1),cpp,Accepted,1,256,1182,
s301407608,p02982,u761471989,1562548153,Python,Python (3.4.3),py,Accepted,18,3060,405,
s197130821,p02982,u989179648,1562548153,C++,C++14 (GCC 5.4.1),cpp,Accepted,1,256,885,
s996853429,p02982,u185464141,1562548153,C,C (GCC 5.4.1),c,Accepted,1,128,1822,
s390845363,p02982,u612721349,1562548152,Python,PyPy3 (2.4.0),py,Wrong Answer,167,38256,525,
s374793588,p02982,u576434377,1562548152,Python,Python (3.4.3),py,Accepted,20,3064,447,
s333145342,p02982,u944316525,1562548152,C++,C++14 (GCC 5.4.1),cpp,Accepted,1,256,1143,
s036924449,p02982,u989336028,1562548151,C++,C++14 (GCC 5.4.1),cpp,Accepted,1,256,541,
s374014374,p02982,u882209234,1562548151,Python,Python (3.4.3),py,Accepted,17,3064,331,
s450650662,p02982,u366089652,1562548150,C++,C++14 (GCC 5.4.1),cpp,Accepted,3,384,756,
s024377143,p02982,u545674098,1562548150,C++,C++14 (GCC 5.4.1),cpp,Accepted,1,256,649,
s959541888,p02982,u442030035,1562548150,Python,Python (3.4.3),py,Accepted,17,3064,356,
s871790193,p02982,u245879900,1562548150,Java,Java8 (OpenJDK 1.8.0),java,Accepted,82,21076,24420,
s804231864,p02982,u126227204,1562548150,Python,Python (3.4.3),py,Accepted,18,3188,328,
s162781548,p02982,u422242927,1562548150,Python,Python (3.4.3),py,Accepted,150,12408,299,
s265709818,p02982,u617987447,1562548150,C++,C++14 (GCC 5.4.1),cpp,Wrong Answer,1,256,625,
s511831208,p02982,u847890000,1562548150,Java,Java8 (OpenJDK 1.8.0),java,Accepted,80,19668,2619,
s578806701,p02982,u052546116,1562548150,Ruby,Ruby (2.3.3),rb,Accepted,8,1916,343,
s064679548,p02982,u337765821,1562548149,Python,Python (3.4.3),py,Accepted,17,3064,294,
s356978626,p02982,u202858603,1562548149,C++,C++14 (GCC 5.4.1),cpp,Accepted,1,256,970,
s498957976,p02982,u051338799,1562548149,C++,C++14 (GCC 5.4.1),cpp,Accepted,1,256,1035,
s152291806,p02982,u465327877,1562548149,C++,C++14 (GCC 5.4.1),cpp,Accepted,14,4388,694,
s909467139,p02982,u294429415,1562548149,Python,PyPy3 (2.4.0),py,Accepted,168,38384,332,
s895987934,p02982,u505953563,1562548148,C++,C++14 (GCC 5.4.1),cpp,Wrong Answer,1,256,813,
s014566303,p02982,u196506300,1562548148,C++,C++14 (GCC 5.4.1),cpp,Accepted,3,384,1485,
s523663865,p02982,u492352831,1562548148,C++,C++14 (Clang 3.8.0),cpp,Compile Error,,,1148,
s262703966,p02982,u667469290,1562548148,Python,Python (3.4.3),py,Accepted,18,3064,432,
s003215361,p02982,u587724217,1562548148,C++,C++14 (GCC 5.4.1),cpp,Accepted,1,256,840,
s928626604,p02982,u733814820,1562548148,Python,Python (3.4.3),py,Accepted,19,3064,402,
s287103085,p02982,u730528778,1562548148,C++,C++14 (GCC 5.4.1),cpp,Accepted,1,256,652,
s416733731,p02982,u226153407,1562548147,C++,C++14 (GCC 5.4.1),cpp,Accepted,2,1280,912,
s772472190,p02982,u640930204,1562548146,C++,C++14 (GCC 5.4.1),cpp,Wrong Answer,1,256,1135,
s951264457,p02982,u613241969,1562548146,C++,C++14 (GCC 5.4.1),cpp,Accepted,1,256,649,
s886400962,p02982,u785897267,1562548146,Scala,Scala (2.11.7),scala,Compile Error,,,519,
s236121930,p02982,u215329188,1562548146,Python,Python (3.4.3),py,Accepted,305,21500,337,
s731754945,p02982,u956947269,1562548146,C++,C++14 (GCC 5.4.1),cpp,Accepted,1,256,6563,
s337117475,p02982,u737838293,1562548145,C++,C++14 (GCC 5.4.1),cpp,Accepted,1,256,471,
s482581904,p02982,u228295160,1562548145,C++,C++14 (GCC 5.4.1),cpp,Accepted,1,256,2808,
s178259752,p02982,u448354193,1562548145,C++,C++14 (GCC 5.4.1),cpp,Accepted,2,512,792,
s143694257,p02982,u248209126,1562548145,PHP,PHP7 (7.0.15),php,Accepted,12,4728,382,
s149156429,p02982,u022138926,1562548144,Nim,Nim (0.13.0),nim,Compile Error,,,6307,
s429147037,p02982,u276204978,1562548144,Python,Python (3.4.3),py,Runtime Error,147,12504,326,
s558657651,p02982,u881705752,1562548143,C++,C++14 (Clang 3.8.0),cpp,Accepted,7,888,705,
s527783515,p02982,u542230407,1562548143,C++,C++14 (GCC 5.4.1),cpp,Accepted,1,256,375,
s117478383,p02982,u442581202,1562548143,Python,Python (3.4.3),py,Accepted,55,3064,405,
s498433166,p02982,u980716006,1562548142,C++,C++14 (GCC 5.4.1),cpp,Wrong Answer,1,256,1160,
s211585691,p02982,u555962250,1562548142,C++,C++14 (GCC 5.4.1),cpp,Accepted,3,512,493,
s688511811,p02982,u623231048,1562548142,Python,Python (3.4.3),py,Accepted,17,3060,317,
s130543393,p02982,u967508551,1562548141,Java,Java8 (OpenJDK 1.8.0),java,Accepted,71,25300,9899,
s640499833,p02982,u816097281,1562548141,JavaScript,JavaScript (node.js v5.12),js,Accepted,230,21064,492,
s309011990,p02982,u812973725,1562548141,C,C (GCC 5.4.1),c,Wrong Answer,1,128,545,
s766945663,p02982,u222293734,1562548140,C++,C++14 (GCC 5.4.1),cpp,Accepted,1,256,2657,
s609138557,p02982,u552502395,1562548140,Java,Java8 (OpenJDK 1.8.0),java,Runtime Error,121,21332,1084,
s613866811,p02982,u811472478,1562548139,C++,C++14 (GCC 5.4.1),cpp,Accepted,1,256,1162,
s021930087,p02982,u792404329,1562548139,C++,C++14 (GCC 5.4.1),cpp,Wrong Answer,1,256,1305,
s345137100,p02982,u729246375,1562548139,Ruby,Ruby (2.3.3),rb,Accepted,7,1788,319,
s974611155,p02982,u222207357,1562548139,Python,Python (3.4.3),py,Accepted,638,20936,421,
s791652693,p02982,u006659439,1562548139,C++,C++14 (GCC 5.4.1),cpp,Accepted,1,256,371,
s498792986,p02982,u646566089,1562548138,C++,C++14 (GCC 5.4.1),cpp,Accepted,1,256,629,
s823938257,p02982,u085486962,1562548138,C++,C++14 (GCC 5.4.1),cpp,Accepted,2,256,1137,
s312079043,p02982,u387147192,1562548138,C++,C++14 (GCC 5.4.1),cpp,Accepted,1,256,538,
s723854538,p02982,u138454574,1562548137,C++,C++14 (GCC 5.4.1),cpp,Accepted,1,256,405,
s706994646,p02982,u866482228,1562548137,C++,C++14 (GCC 5.4.1),cpp,Accepted,1,256,881,
s452180943,p02982,u853900857,1562548137,C#,C# (Mono 4.6.2.0),cs,Accepted,22,13268,2497,
s986626032,p02982,u592186586,1562548137,C++,C++14 (GCC 5.4.1),cpp,Wrong Answer,1,256,1450,
s395967556,p02982,u126232616,1562548137,Python,Python (3.4.3),py,Accepted,17,3060,407,
s411017750,p02982,u112775098,1562548137,C++,C++14 (GCC 5.4.1),cpp,Accepted,9,764,695,
s929742208,p02982,u414712570,1562548137,C++,C++14 (GCC 5.4.1),cpp,Compile Error,,,609,
s225965085,p02982,u677267454,1562548136,Python,Python (3.4.3),py,Accepted,17,3064,386,
s125425524,p02982,u800412582,1562548136,C++,C++14 (GCC 5.4.1),cpp,Accepted,1,256,736,
s724422007,p02982,u274055316,1562548136,C++,C++14 (GCC 5.4.1),cpp,Wrong Answer,1,256,875,
s749764683,p02982,u927534107,1562548135,Python,Python (3.4.3),py,Accepted,19,3064,334,
s585701743,p02982,u839953699,1562548135,C++,C++14 (GCC 5.4.1),cpp,Accepted,1,256,593,
s996530983,p02982,u005953190,1562548134,C++,C++14 (GCC 5.4.1),cpp,Accepted,1,256,976,
s323749395,p02982,u988402778,1562548134,Python,PyPy3 (2.4.0),py,Accepted,310,66412,9294,
s524170703,p02982,u619458041,1562548133,Python,Python (3.4.3),py,Accepted,17,3188,499,
s537407860,p02982,u841802158,1562548133,C++,C++14 (GCC 5.4.1),cpp,Accepted,1,256,1318,
s895982165,p02982,u857644621,1562548132,C++,C++14 (GCC 5.4.1),cpp,Accepted,1,128,795,
s215675434,p02982,u128978302,1562548132,Java,Java8 (OpenJDK 1.8.0),java,Accepted,119,23636,826,
s153646577,p02982,u899929023,1562548132,Python,Python (3.4.3),py,Accepted,316,21600,359,
s219204387,p02982,u121799456,1562548132,C++,C++14 (GCC 5.4.1),cpp,Accepted,1,256,4990,
s766889868,p02982,u807919574,1562548132,C++,C++14 (GCC 5.4.1),cpp,Accepted,1,256,751,
s244421151,p02982,u714300041,1562548132,Python,PyPy3 (2.4.0),py,Accepted,166,38384,456,
s896177526,p02982,u748639332,1562548131,C++,C++14 (GCC 5.4.1),cpp,Accepted,1,256,407,
s147103683,p02982,u317711717,1562548131,C++,C++14 (GCC 5.4.1),cpp,Accepted,1,256,1175,
s956953236,p02982,u381714561,1562548131,C++,C++14 (GCC 5.4.1),cpp,Wrong Answer,1,256,915,
s612085881,p02982,u176645218,1562548131,Python,Python (3.4.3),py,Accepted,385,21816,310,
s918178717,p02982,u816872429,1562548130,Python,PyPy3 (2.4.0),py,Accepted,172,38384,345,
s790808745,p02982,u969190727,1562548130,Python,Python (3.4.3),py,Accepted,18,3188,336,
s658426088,p02982,u930970950,1562548130,Python,Python (3.4.3),py,Accepted,17,3188,273,
s595975783,p02982,u818283165,1562548130,Python,PyPy3 (2.4.0),py,Accepted,168,38384,327,
s284162718,p02982,u220922076,1562548130,C++,C++14 (GCC 5.4.1),cpp,Accepted,1,256,616,
s968384922,p02982,u208713671,1562548129,Python,Python (3.4.3),py,Accepted,17,3064,443,
s616602552,p02982,u316355973,1562548129,Java,Java8 (OpenJDK 1.8.0),java,Accepted,69,21076,5204,
s820230279,p02982,u301893320,1562548128,C++,C++14 (GCC 5.4.1),cpp,Accepted,1,384,1042,
s379446572,p02982,u203891294,1562548128,C++,C++14 (GCC 5.4.1),cpp,Accepted,1,256,1010,
s929406384,p02982,u267710757,1562548128,C++,C++14 (GCC 5.4.1),cpp,Accepted,2,1280,2081,
s327097598,p02982,u325959156,1562548128,C++,C++14 (GCC 5.4.1),cpp,Accepted,1,256,395,
s933944385,p02982,u915934642,1562548128,C++,C++14 (Clang 3.8.0),cpp,Wrong Answer,7,888,890,
s156902469,p02982,u797437582,1562548128,C++,C++14 (GCC 5.4.1),cpp,Accepted,1,256,423,
s366354777,p02982,u725458677,1562548127,C++,C++14 (GCC 5.4.1),cpp,Accepted,1,256,1412,
s853694486,p02982,u736729525,1562548127,Python,Python (3.4.3),py,Accepted,18,3064,487,
s810048835,p02982,u482794458,1562548127,C++,C++14 (GCC 5.4.1),cpp,Accepted,1,256,763,
s696853103,p02982,u683667873,1562548127,C++,C++14 (GCC 5.4.1),cpp,Accepted,1,256,938,
s998941506,p02982,u943094398,1562548127,C++,C++14 (GCC 5.4.1),cpp,Accepted,1,256,1131,
s513724576,p02982,u833932983,1562548127,JavaScript,JavaScript (node.js v5.12),js,Wrong Answer,205,21064,516,
s671375673,p02982,u564847900,1562548126,C#,C# (Mono 4.6.2.0),cs,Accepted,30,13652,886,
s717329155,p02982,u116670634,1562548126,C++,C++14 (GCC 5.4.1),cpp,Accepted,1,256,1546,
s489161763,p02982,u846686917,1562548125,C++,C++14 (GCC 5.4.1),cpp,Accepted,1,256,693,
s702194708,p02982,u153556810,1562548125,Java,Java8 (OpenJDK 1.8.0),java,Accepted,133,23252,633,
s284671205,p02982,u102275718,1562548125,Python,Python (3.4.3),py,Accepted,17,3064,328,
s962577379,p02982,u372299304,1562548125,C++,C++14 (GCC 5.4.1),cpp,Accepted,1,256,631,
s918244412,p02982,u260221618,1562548125,C++,C++14 (GCC 5.4.1),cpp,Accepted,1,256,630,
s477342405,p02982,u452205338,1562548124,C++,C++14 (GCC 5.4.1),cpp,Accepted,2,384,898,
s302162913,p02982,u238994315,1562548124,C++,C++14 (GCC 5.4.1),cpp,Accepted,1,256,673,
s044912894,p02982,u511760927,1562548124,Java,Java8 (OpenJDK 1.8.0),java,Accepted,108,21844,686,
s892053325,p02982,u410118019,1562548124,Python,Python (3.4.3),py,Accepted,17,3060,258,
s580723552,p02982,u838644735,1562548124,Python,PyPy3 (2.4.0),py,Accepted,163,38256,391,
s845051843,p02982,u239493918,1562548124,C++,C++14 (GCC 5.4.1),cpp,Accepted,1,256,6038,
s338868187,p02982,u947304300,1562548124,C++,C++14 (GCC 5.4.1),cpp,Accepted,1,256,867,
s529403276,p02982,u949755084,1562548123,C++,C++14 (GCC 5.4.1),cpp,Accepted,1,256,661,
s814445642,p02982,u399967254,1562548123,C++,C++ (GCC 5.4.1),cpp,Accepted,3,256,602,
s743079430,p02982,u660918420,1562548123,C,C (GCC 5.4.1),c,Accepted,1,128,465,
s455216000,p02982,u877470159,1562548123,Python,PyPy3 (2.4.0),py,Accepted,170,39828,359,
s157012216,p02982,u705296057,1562548122,C++,C++14 (GCC 5.4.1),cpp,Compile Error,,,1670,
s868697413,p02982,u956530786,1562548122,D,D (DMD64 v2.070.1),d,Accepted,1,256,975,
s828564050,p02982,u673338219,1562548122,Python,Python (3.4.3),py,Accepted,17,3064,355,
s355734940,p02982,u113872560,1562548122,Go,Go (1.6),go,Wrong Answer,1,512,534,
s343899416,p02982,u572483595,1562548121,C++,C++14 (GCC 5.4.1),cpp,Accepted,1,256,628,
s643713369,p02982,u879099684,1562548121,C++,C++14 (GCC 5.4.1),cpp,Accepted,3,256,656,
s992683494,p02982,u069838609,1562548121,Python,PyPy3 (2.4.0),py,Wrong Answer,183,38384,474,
s880719465,p02982,u760218205,1562548121,C++,C++14 (GCC 5.4.1),cpp,Accepted,1,256,752,
s756655298,p02982,u307578234,1562548121,C++,C++14 (GCC 5.4.1),cpp,Accepted,2,256,1585,
s769990557,p02982,u242680486,1562548121,C++,C++14 (GCC 5.4.1),cpp,Accepted,1,256,2449,
s877605290,p02982,u538082988,1562548120,C++,C++14 (GCC 5.4.1),cpp,Accepted,1,256,401,
s260521861,p02982,u192295874,1562548120,C++,C++14 (GCC 5.4.1),cpp,Accepted,2,256,963,
s430511394,p02982,u629650917,1562548119,C++,C++14 (GCC 5.4.1),cpp,Runtime Error,101,256,1328,
s348464186,p02982,u030226344,1562548119,C++,C++14 (GCC 5.4.1),cpp,Accepted,1,256,411,
s092601993,p02982,u238991589,1562548119,C++,C++14 (GCC 5.4.1),cpp,Accepted,1,256,692,
s744590351,p02982,u158758819,1562548119,C++,C++14 (GCC 5.4.1),cpp,Accepted,1,256,573,
s067995976,p02982,u977193988,1562548119,Python,Python (3.4.3),py,Accepted,18,3188,333,
s867276866,p02982,u239342230,1562548119,Python,Python (3.4.3),py,Accepted,18,3064,358,
s897282606,p02982,u090325904,1562548118,C++,C++14 (GCC 5.4.1),cpp,Accepted,1,256,950,
s376660014,p02982,u426683236,1562548118,C++,C++14 (GCC 5.4.1),cpp,Accepted,1,384,915,
s146023359,p02982,u208006483,1562548118,C#,C# (Mono 4.6.2.0),cs,Wrong Answer,29,13652,10694,
s858709527,p02982,u300269535,1562548118,Python,PyPy3 (2.4.0),py,Accepted,168,38256,344,
s188233307,p02982,u284303673,1562548118,C++,C++14 (GCC 5.4.1),cpp,Accepted,1,256,2273,
s163470596,p02982,u620639655,1562548117,D,D (LDC 0.17.0),d,Accepted,1,256,596,
s971017542,p02982,u096635831,1562548117,Rust,Rust (1.15.1),rs,Accepted,2,4352,11876,
s745456923,p02982,u806855121,1562548116,Python,Python (3.4.3),py,Accepted,17,3064,323,
s774838596,p02982,u242638642,1562548116,C++,C++14 (GCC 5.4.1),cpp,Accepted,1,256,627,
s708554953,p02982,u658243311,1562548115,C++,C++14 (GCC 5.4.1),cpp,Accepted,1,256,596,
s654571361,p02982,u001566280,1562548115,C++,C++14 (GCC 5.4.1),cpp,Wrong Answer,1,256,1423,
s928479779,p02982,u098968285,1562548115,Python,PyPy3 (2.4.0),py,Accepted,180,38896,588,
s931114865,p02982,u133630059,1562548115,C++,C++14 (GCC 5.4.1),cpp,Accepted,1,256,1278,
s107780041,p02982,u554988565,1562548114,C++,C++14 (GCC 5.4.1),cpp,Wrong Answer,1,256,670,
s598402571,p02982,u952708174,1562548113,Python,Python (3.4.3),py,Accepted,17,3188,366,
s913833700,p02982,u625437412,1562548113,C++,C++14 (GCC 5.4.1),cpp,Accepted,1,256,437,
s095027876,p02982,u069325246,1562548113,C++,C++14 (GCC 5.4.1),cpp,Accepted,1,256,1340,
s839549376,p02982,u601167480,1562548112,C++,C++14 (GCC 5.4.1),cpp,Wrong Answer,1,256,532,
s047122773,p02982,u268318377,1562548112,Python,Python (3.4.3),py,Accepted,18,3064,360,
s402036912,p02982,u211544300,1562548111,C++,C++ (GCC 5.4.1),cpp,Accepted,1,128,472,
s315975889,p02982,u560880370,1562548111,C++,C++14 (GCC 5.4.1),cpp,Runtime Error,124,256,599,
s531193738,p02982,u887777069,1562548111,Nim,Nim (0.13.0),nim,Accepted,1,256,1754,
s143536731,p02982,u578938637,1562548111,C++,C++14 (Clang 3.8.0),cpp,Accepted,7,888,1259,
s607657670,p02982,u525974535,1562548111,C++,C++14 (GCC 5.4.1),cpp,Accepted,1,256,580,
s747756343,p02982,u756614568,1562548111,C++,C++14 (GCC 5.4.1),cpp,Accepted,1,256,1023,
s837522711,p02982,u544437817,1562548110,C++,C++14 (GCC 5.4.1),cpp,Accepted,1,256,552,
s547954660,p02982,u384261199,1562548110,Python,Python (3.4.3),py,Accepted,301,20760,345,
s597171019,p02982,u282228874,1562548110,Python,Python (3.4.3),py,Accepted,18,3064,354,
s959154485,p02982,u655369287,1562548110,C++,C++14 (GCC 5.4.1),cpp,Accepted,2,256,1010,
s335378570,p02982,u042105122,1562548110,C++,C++14 (GCC 5.4.1),cpp,Accepted,2,512,761,
s683844098,p02982,u063020782,1562548109,C++,C++14 (GCC 5.4.1),cpp,Accepted,1,256,756,
s773303542,p02982,u951672936,1562548109,Java,Java8 (OpenJDK 1.8.0),java,Accepted,74,21332,3868,
s412944568,p02982,u752498851,1562548109,C++,C++14 (GCC 5.4.1),cpp,Accepted,1,256,2113,
s591940913,p02982,u580362735,1562548109,Python,Python (3.4.3),py,Accepted,18,3188,298,
s717808189,p02982,u751964641,1562548108,C++,C++14 (GCC 5.4.1),cpp,Accepted,1,256,953,
s218480243,p02982,u954081460,1562548107,C++,C++14 (GCC 5.4.1),cpp,Accepted,1,256,388,
s267094109,p02982,u084202355,1562548107,C++,C++14 (GCC 5.4.1),cpp,Accepted,1,256,724,
s357345223,p02982,u593761424,1562548107,Python,Python (3.4.3),py,Accepted,18,3064,494,
s220609762,p02982,u386769326,1562548106,C++,C++14 (GCC 5.4.1),cpp,Accepted,1,256,760,
s552001544,p02982,u518468154,1562548106,C++,C++14 (GCC 5.4.1),cpp,Accepted,1,256,609,
s127955431,p02982,u584355711,1562548106,C++,C++14 (GCC 5.4.1),cpp,Accepted,1,256,2736,
s362989427,p02982,u487252913,1562548106,Java,Java8 (OpenJDK 1.8.0),java,Accepted,99,21844,886,
s469260132,p02982,u366541443,1562548106,Python,Python (3.4.3),py,Accepted,17,3064,407,
s555747613,p02982,u493750228,1562548106,C++,C++14 (GCC 5.4.1),cpp,Accepted,1,256,1360,
s839572118,p02982,u013629972,1562548105,Python,PyPy3 (2.4.0),py,Accepted,336,67052,981,
s138858166,p02982,u314018838,1562548105,C++,C++14 (GCC 5.4.1),cpp,Accepted,1,256,649,
s811232877,p02982,u676578971,1562548105,C++,C++14 (GCC 5.4.1),cpp,Accepted,1,256,1294,
s215773830,p02982,u657901243,1562548104,Python,Python (3.4.3),py,Accepted,18,3060,329,
s126117923,p02982,u150542210,1562548104,Go,Go (1.6),go,Accepted,1,640,1276,
s990680399,p02982,u064408584,1562548104,Python,Python (3.4.3),py,Accepted,17,3188,363,
s221869586,p02982,u704549083,1562548103,C++,C++14 (Clang 3.8.0),cpp,Accepted,8,4856,450,
s447702328,p02982,u720829795,1562548103,C++,C++14 (GCC 5.4.1),cpp,Accepted,1,256,1023,
s085935116,p02982,u081275802,1562548103,C++,C++14 (GCC 5.4.1),cpp,Accepted,1,256,850,
s907841998,p02982,u444804755,1562548102,C++,C++14 (GCC 5.4.1),cpp,Accepted,1,256,742,
s354614337,p02982,u505831576,1562548102,C++,C++14 (GCC 5.4.1),cpp,Accepted,1,256,1399,
s802414290,p02982,u073057072,1562548102,C++,C++14 (GCC 5.4.1),cpp,Accepted,1,256,2910,
s683861829,p02982,u353664889,1562548102,Python,PyPy3 (2.4.0),py,Accepted,166,38256,498,
s262963566,p02982,u610798793,1562548101,C#,C# (Mono 4.6.2.0),cs,Accepted,25,11348,7959,
s346710411,p02982,u316754556,1562548101,Python,Python (3.4.3),py,Accepted,18,3064,349,
s216092524,p02982,u423585790,1562548101,Python,Python (3.4.3),py,Accepted,80,4720,1697,
s984705662,p02982,u760218205,1562548101,C++,C++14 (GCC 5.4.1),cpp,Wrong Answer,1,256,89,
s618361006,p02982,u426397594,1562548101,C++,C++14 (GCC 5.4.1),cpp,Accepted,1,256,2043,
s308594443,p02982,u482544950,1562548101,C++,C++14 (GCC 5.4.1),cpp,Accepted,1,256,614,
s462092566,p02982,u781755665,1562548099,Python,Python (3.4.3),py,Accepted,18,3064,415,
s312610086,p02982,u106297876,1562548099,C++,C++14 (GCC 5.4.1),cpp,Accepted,1,256,968,
s690412305,p02982,u264304509,1562548099,C++,C++14 (GCC 5.4.1),cpp,Accepted,1,256,591,
s084879441,p02982,u102061007,1562548099,C++,C++14 (GCC 5.4.1),cpp,Accepted,1,256,598,
s989147769,p02982,u239375815,1562548098,C++,C++14 (GCC 5.4.1),cpp,Accepted,1,256,982,
s328625744,p02982,u178392375,1562548098,Python,Python (3.4.3),py,Accepted,18,3064,385,
s485772782,p02982,u698760125,1562548098,C++,C++14 (GCC 5.4.1),cpp,Accepted,1,256,566,
s629644336,p02982,u866968224,1562548097,C++,C++14 (GCC 5.4.1),cpp,Accepted,1,256,653,
s607712318,p02982,u337067848,1562548097,C++,C++14 (GCC 5.4.1),cpp,Wrong Answer,1,256,1521,
s032407505,p02982,u026537738,1562548097,C++,C++14 (GCC 5.4.1),cpp,Compile Error,,,396,
s370067951,p02982,u903596281,1562548097,Python,PyPy3 (2.4.0),py,Wrong Answer,170,38384,266,
s185299059,p02982,u881541634,1562548097,C++,C++14 (Clang 3.8.0),cpp,Accepted,7,888,2385,
s494569778,p02982,u708550576,1562548096,C++,C++14 (GCC 5.4.1),cpp,Accepted,1,256,768,
s274118398,p02982,u276796245,1562548096,C++,C++14 (GCC 5.4.1),cpp,Accepted,1,256,1111,
s338453718,p02982,u864197622,1562548095,Python,Python (3.4.3),py,Accepted,17,3188,349,
s101723382,p02982,u577246184,1562548095,C++,C++14 (GCC 5.4.1),cpp,Accepted,1,256,789,
s192903794,p02982,u546047488,1562548095,Java,Java8 (OpenJDK 1.8.0),java,Accepted,108,22868,1304,
s129735125,p02982,u046432236,1562548095,Python,Python (3.4.3),py,Accepted,17,3064,407,
s795717548,p02982,u153867760,1562548094,C++,C++14 (GCC 5.4.1),cpp,Accepted,1,256,7128,
s049705009,p02982,u652057333,1562548093,Python,Python (3.4.3),py,Accepted,290,20664,340,
s557695474,p02982,u845620905,1562548093,Python,Python (3.4.3),py,Wrong Answer,17,3064,369,
s591485683,p02982,u457901067,1562548093,Python,Python (3.4.3),py,Accepted,17,3064,381,
s436096139,p02982,u158253287,1562548093,C++,C++14 (GCC 5.4.1),cpp,Accepted,1,256,942,
s041707296,p02982,u471342385,1562548093,C++,C++14 (GCC 5.4.1),cpp,Accepted,1,256,514,
s975998018,p02982,u788285838,1562548092,C++,C++14 (GCC 5.4.1),cpp,Accepted,1,256,473,
s083761248,p02982,u104741254,1562548092,C++,C++14 (GCC 5.4.1),cpp,Accepted,1,256,697,
s945973324,p02982,u259396003,1562548091,C++,C++14 (GCC 5.4.1),cpp,Accepted,1,256,753,
s220348269,p02982,u776675173,1562548091,C++,C++14 (GCC 5.4.1),cpp,Accepted,1,256,746,
s235467707,p02982,u314907021,1562548090,C++,C++14 (GCC 5.4.1),cpp,Accepted,1,256,2273,
s241200860,p02982,u628583308,1562548090,Python,Python (3.4.3),py,Accepted,18,3064,1026,
s617199723,p02982,u174105158,1562548089,Python,Python (3.4.3),py,Accepted,18,3064,479,
s230636907,p02982,u792372365,1562548089,C++,C++14 (GCC 5.4.1),cpp,Accepted,1,256,505,
s339944348,p02982,u706695185,1562548089,Ruby,Ruby (2.3.3),rb,Accepted,7,1916,283,
s958866063,p02982,u698883164,1562548089,C++,C++14 (GCC 5.4.1),cpp,Accepted,2,512,780,
s071162521,p02982,u334656323,1562548088,C++,C++14 (GCC 5.4.1),cpp,Accepted,1,256,8350,
s216719665,p02982,u865741247,1562548088,Python,Python (3.4.3),py,Wrong Answer,17,3064,385,
s946803134,p02982,u136378781,1562548088,C++,C++14 (GCC 5.4.1),cpp,Wrong Answer,1,256,1798,
s851920438,p02982,u765606693,1562548088,C++,C++14 (GCC 5.4.1),cpp,Wrong Answer,1,384,719,
s251052093,p02982,u978109511,1562548086,C++,C++14 (GCC 5.4.1),cpp,Accepted,1,256,2655,
s348714612,p02982,u095266283,1562548086,C++,C++14 (GCC 5.4.1),cpp,Accepted,1,256,1895,
s775496612,p02982,u633255271,1562548086,Python,Python (3.4.3),py,Accepted,17,3188,331,
s111126253,p02982,u099066216,1562548086,Kotlin,Kotlin (1.0.0),kt,Accepted,235,38184,762,
s131685486,p02982,u356157756,1562548085,C++,C++14 (GCC 5.4.1),cpp,Accepted,3,6144,602,
s179292225,p02982,u764234894,1562548085,C++,C++14 (GCC 5.4.1),cpp,Accepted,1,256,2217,
s570988288,p02982,u804309709,1562548085,C++,C++14 (GCC 5.4.1),cpp,Accepted,2,384,784,
s941123652,p02982,u542111796,1562548085,C++,C++14 (GCC 5.4.1),cpp,Accepted,1,256,490,
s359178273,p02982,u850266651,1562548085,C++,C++14 (GCC 5.4.1),cpp,Accepted,1,256,2926,
s530558158,p02982,u019637926,1562548085,Python,PyPy3 (2.4.0),py,Accepted,170,38256,441,
s916865223,p02982,u640641692,1562548085,C++,C++14 (GCC 5.4.1),cpp,Wrong Answer,4,512,4354,
s439972285,p02982,u440985596,1562548084,Python,PyPy3 (2.4.0),py,Accepted,162,38256,886,
s791495233,p02982,u608258653,1562548084,C++,C++14 (GCC 5.4.1),cpp,Accepted,1,256,697,
s260637608,p02982,u713830790,1562548083,C++,C++14 (GCC 5.4.1),cpp,Accepted,2,256,648,
s959689080,p02982,u937608388,1562548083,C++,C++14 (GCC 5.4.1),cpp,Accepted,1,256,860,
s698521368,p02982,u264225633,1562548082,C++,C++14 (GCC 5.4.1),cpp,Accepted,1,256,553,
s412205195,p02982,u282860133,1562548082,C++,C++14 (GCC 5.4.1),cpp,Accepted,1,256,828,
s653049056,p02982,u033620890,1562548081,C++,C++14 (GCC 5.4.1),cpp,Accepted,2,384,800,
s775019423,p02982,u073549161,1562548081,Python,PyPy3 (2.4.0),py,Accepted,182,38384,496,
s103287057,p02982,u190907730,1562548081,C++,C++14 (GCC 5.4.1),cpp,Accepted,1,256,1002,
s366300230,p02982,u824132304,1562548080,C++,C++14 (GCC 5.4.1),cpp,Accepted,1,640,778,
s619363852,p02982,u534998883,1562548080,C++,C++14 (GCC 5.4.1),cpp,Accepted,1,256,665,
s668340001,p02982,u532065884,1562548080,C++,C++14 (GCC 5.4.1),cpp,Accepted,1,256,1299,
s220871855,p02982,u619248223,1562548080,C++,C++14 (GCC 5.4.1),cpp,Accepted,1,256,743,
s424564468,p02982,u350248178,1562548079,Python,Python (3.4.3),py,Accepted,18,3188,310,
s490919676,p02982,u394033362,1562548078,C++,C++14 (GCC 5.4.1),cpp,Accepted,1,256,907,
s475368371,p02982,u352248517,1562548078,C++,C++14 (GCC 5.4.1),cpp,Accepted,1,256,493,
s897126959,p02982,u760868074,1562548078,Rust,Rust (1.15.1),rs,Accepted,2,4352,4151,
s290859050,p02982,u730528778,1562548078,C++,C++14 (GCC 5.4.1),cpp,Wrong Answer,1,256,654,
s774277948,p02982,u378155378,1562548078,C++,C++14 (GCC 5.4.1),cpp,Compile Error,,,594,
s602169756,p02982,u136104392,1562548077,Java,Java8 (OpenJDK 1.8.0),java,Accepted,105,22356,3252,
s095900267,p02982,u916695530,1562548077,C++,C++14 (GCC 5.4.1),cpp,Accepted,1,256,874,
s007630827,p02982,u292813062,1562548076,C++,C++14 (GCC 5.4.1),cpp,Accepted,1,256,2591,
s821004607,p02982,u742213796,1562548076,Ruby,Ruby (2.3.3),rb,Accepted,7,1788,328,
s761197675,p02982,u066478371,1562548076,C++,C++14 (GCC 5.4.1),cpp,Accepted,1,256,1157,
s979730321,p02982,u227379863,1562548076,C++,C++14 (GCC 5.4.1),cpp,Accepted,1,256,809,
s160721517,p02982,u171366497,1562548075,Python,Python (3.4.3),py,Accepted,17,3064,290,
s262405276,p02982,u550574002,1562548074,Python,Python (3.4.3),py,Accepted,17,3188,270,
s857765640,p02982,u573082373,1562548073,C++,C++14 (GCC 5.4.1),cpp,Accepted,2,256,463,
s980046867,p02982,u868418093,1562548073,Python,Python (3.4.3),py,Accepted,18,3064,402,
s554040217,p02982,u854904794,1562548073,C++,C++14 (GCC 5.4.1),cpp,Accepted,1,256,666,
s335439962,p02982,u314907021,1562548073,C++,C++14 (GCC 5.4.1),cpp,Compile Error,,,14,
s243352455,p02982,u941446746,1562548073,C++,C++14 (GCC 5.4.1),cpp,Accepted,1,256,418,
s838615745,p02982,u870262604,1562548072,Python,Python (3.4.3),py,Accepted,17,3064,620,
s358729990,p02982,u085376000,1562548072,C++,C++14 (GCC 5.4.1),cpp,Accepted,1,256,1415,
s048156679,p02982,u302957509,1562548072,Python,Python (3.4.3),py,Accepted,18,3064,451,
s511410135,p02982,u720296041,1562548072,C++,C++14 (GCC 5.4.1),cpp,Accepted,1,256,1300,
s293054207,p02982,u905164447,1562548072,C++,C++14 (GCC 5.4.1),cpp,Accepted,1,256,583,
s079380191,p02982,u580402951,1562548071,C++,C++14 (GCC 5.4.1),cpp,Accepted,1,256,1155,
s066671447,p02982,u271063202,1562548071,C++,C++14 (GCC 5.4.1),cpp,Accepted,1,256,1129,
s503405920,p02982,u809038097,1562548071,C++,C++14 (GCC 5.4.1),cpp,Accepted,2,384,524,
s522165412,p02982,u516922881,1562548071,C++,C++14 (GCC 5.4.1),cpp,Wrong Answer,1,256,602,
s511535874,p02982,u997641430,1562548071,Python,Python (3.4.3),py,Accepted,17,3188,289,
s794277623,p02982,u203033720,1562548071,C++,C++14 (GCC 5.4.1),cpp,Accepted,1,256,6734,
s012592916,p02982,u980932400,1562548071,C++,C++14 (GCC 5.4.1),cpp,Accepted,3,512,2549,
s305241851,p02982,u685320212,1562548070,C++,C++ (GCC 5.4.1),cpp,Accepted,1,128,428,
s865147039,p02982,u924249565,1562548070,C++,C++14 (GCC 5.4.1),cpp,Accepted,1,256,847,
s055718510,p02982,u547001323,1562548070,Python,Python (3.4.3),py,Accepted,18,3064,505,
s992271166,p02982,u588093355,1562548070,C++,C++14 (GCC 5.4.1),cpp,Accepted,1,256,1396,
s713890527,p02982,u144980750,1562548069,Python,PyPy3 (2.4.0),py,Accepted,176,38256,317,
s442819593,p02982,u518987899,1562548069,Python,Python (3.4.3),py,Accepted,18,3188,308,
s050692727,p02982,u960410816,1562548069,C++,C++14 (GCC 5.4.1),cpp,Accepted,2,2560,835,
s246819526,p02982,u077141270,1562548068,Python,PyPy3 (2.4.0),py,Accepted,177,38384,333,
s347624897,p02982,u857259336,1562548068,C++,C++14 (GCC 5.4.1),cpp,Accepted,1,256,1337,
s384834195,p02982,u664373116,1562548068,Python,Python (3.4.3),py,Accepted,498,21676,300,
s297227642,p02982,u805343140,1562548068,C++,C++14 (GCC 5.4.1),cpp,Accepted,1,256,3477,
s861375684,p02982,u654470292,1562548067,Python,PyPy3 (2.4.0),py,Accepted,171,38384,297,
s071222931,p02982,u112775098,1562548067,C++,C++14 (GCC 5.4.1),cpp,Wrong Answer,1,256,695,
s822311987,p02982,u019489252,1562548067,Ruby,Ruby (2.3.3),rb,Accepted,7,1916,129,
s936113425,p02982,u484460274,1562548067,C++,C++14 (GCC 5.4.1),cpp,Accepted,1,256,644,
s595301965,p02982,u898167769,1562548066,C++,C++14 (GCC 5.4.1),cpp,Accepted,1,256,1513,
s898808087,p02982,u031448582,1562548066,C++,C++14 (GCC 5.4.1),cpp,Accepted,1,256,1105,
s719160031,p02982,u266643907,1562548066,C++,C++14 (GCC 5.4.1),cpp,Wrong Answer,1,256,1451,
s329853159,p02982,u551351897,1562548065,C++,C++14 (GCC 5.4.1),cpp,Accepted,1,256,1355,
s772594871,p02982,u128408308,1562548065,C++,C++14 (GCC 5.4.1),cpp,Accepted,1,256,580,
s386917021,p02982,u091051505,1562548065,Python,Python (3.4.3),py,Accepted,18,3188,291,
s217046177,p02982,u735089337,1562548065,C++,C++14 (GCC 5.4.1),cpp,Accepted,3,384,616,
s934713577,p02982,u623349537,1562548065,Python,Python (3.4.3),py,Accepted,20,3064,489,
s734286915,p02982,u222325584,1562548065,C++,C++14 (GCC 5.4.1),cpp,Accepted,1,256,374,
s709764862,p02982,u170201762,1562548064,Python,Python (3.4.3),py,Accepted,17,3064,362,
s456654278,p02982,u205197147,1562548064,C++,C++14 (GCC 5.4.1),cpp,Accepted,1,256,689,
s910709418,p02982,u995792346,1562548063,C++,C++14 (GCC 5.4.1),cpp,Accepted,1,256,940,
s394303172,p02982,u631277801,1562548063,Python,Python (3.4.3),py,Accepted,19,4084,729,
s286166533,p02982,u313766957,1562548063,C++,C++14 (GCC 5.4.1),cpp,Accepted,1,256,519,
s136372044,p02982,u359747364,1562548063,Python,Python (3.4.3),py,Accepted,29,3572,437,
s436318480,p02982,u611284441,1562548063,C++,C++14 (GCC 5.4.1),cpp,Accepted,1,256,993,
s361047695,p02982,u811925505,1562548062,C++,C++14 (GCC 5.4.1),cpp,Accepted,1,256,2226,
s217101225,p02982,u550314572,1562548062,Java,Java8 (OpenJDK 1.8.0),java,Accepted,76,23380,37439,
s159333024,p02982,u940054416,1562548061,C++,C++14 (GCC 5.4.1),cpp,Accepted,1,256,489,
s779842222,p02982,u967508551,1562548060,Java,Java8 (OpenJDK 1.8.0),java,Wrong Answer,74,24276,9888,
s830142260,p02982,u778623968,1562548060,Python,PyPy3 (2.4.0),py,Accepted,173,38480,362,
s845444973,p02982,u819160021,1562548060,C++,C++14 (GCC 5.4.1),cpp,Accepted,1,256,1500,
s022499145,p02982,u468262978,1562548060,C++,C++14 (GCC 5.4.1),cpp,Accepted,1,256,1047,
s062107892,p02982,u685903284,1562548059,C++,C++14 (GCC 5.4.1),cpp,Accepted,1,256,512,
s811804330,p02982,u778614444,1562548058,C++,C++14 (GCC 5.4.1),cpp,Accepted,1,256,681,
s588397865,p02982,u898143674,1562548058,C++,C++14 (GCC 5.4.1),cpp,Accepted,1,256,554,
s024779266,p02982,u386769326,1562548058,C++,C++14 (GCC 5.4.1),cpp,Wrong Answer,1,256,757,
s772226997,p02982,u426837411,1562548058,C++,C++14 (GCC 5.4.1),cpp,Accepted,1,256,618,
s492483416,p02982,u798086274,1562548058,C++,C++14 (GCC 5.4.1),cpp,Accepted,1,256,487,
s960363156,p02982,u243196226,1562548058,C++,C++14 (GCC 5.4.1),cpp,Wrong Answer,1,256,904,
s494266072,p02982,u652683896,1562548057,Rust,Rust (1.15.1),rs,Accepted,2,4352,1794,
s745851580,p02982,u010838249,1562548057,C++,C++14 (GCC 5.4.1),cpp,Accepted,1,256,573,
s505301713,p02982,u898335619,1562548057,C++,C++14 (GCC 5.4.1),cpp,Accepted,1,256,793,
s038829313,p02982,u186294233,1562548057,C++,C++14 (Clang 3.8.0),cpp,Accepted,6,888,1639,
s745652666,p02982,u906129425,1562548057,C++,C++14 (GCC 5.4.1),cpp,Accepted,1,256,1009,
s284702225,p02982,u440213743,1562548057,C++,C++14 (GCC 5.4.1),cpp,Accepted,1,256,573,
s156129116,p02982,u482226328,1562548057,Java,Java8 (OpenJDK 1.8.0),java,Accepted,108,23252,977,
s622788370,p02982,u366959492,1562548057,Python,PyPy3 (2.4.0),py,Accepted,169,38484,302,
s273964937,p02982,u639297580,1562548057,C++,C++14 (Clang 3.8.0),cpp,Accepted,7,888,1249,
s356814341,p02982,u190234543,1562548057,C++,C++14 (GCC 5.4.1),cpp,Wrong Answer,1,256,1786,
s158321451,p02982,u003873207,1562548057,C++,C++14 (Clang 3.8.0),cpp,Accepted,7,888,2186,
s843471513,p02982,u616029737,1562548056,C++,C++14 (GCC 5.4.1),cpp,Accepted,1,256,643,
s493000770,p02982,u640323045,1562548056,C++,C++14 (GCC 5.4.1),cpp,Accepted,3,768,978,
s302647484,p02982,u692632484,1562548056,C++,C++14 (GCC 5.4.1),cpp,Accepted,1,256,794,
s626618719,p02982,u928536113,1562548056,C++,C++14 (GCC 5.4.1),cpp,Accepted,1,256,486,
s798473108,p02982,u664737319,1562548056,Ruby,Ruby (2.3.3),rb,Accepted,7,1788,340,
s269089051,p02982,u892438699,1562548055,C++,C++14 (GCC 5.4.1),cpp,Accepted,1,256,762,
s112227531,p02982,u907206514,1562548055,Python,Python (3.4.3),py,Accepted,18,3192,2535,
s331904204,p02982,u882209234,1562548055,Python,Python (3.4.3),py,Wrong Answer,17,3064,335,
s090733464,p02982,u532096498,1562548055,C++,C++14 (GCC 5.4.1),cpp,Accepted,1,256,661,
s253536117,p02982,u504562455,1562548055,Python,Python (3.4.3),py,Accepted,18,3064,348,
s132714952,p02982,u275710783,1562548055,C++,C++14 (GCC 5.4.1),cpp,Accepted,1,256,567,
s036012746,p02982,u336011173,1562548055,C++,C++14 (GCC 5.4.1),cpp,Accepted,1,256,1200,
s765394631,p02982,u894258749,1562548055,Python,Python (3.4.3),py,Accepted,17,3064,296,
s936152247,p02982,u118846704,1562548055,C++,C++14 (GCC 5.4.1),cpp,Accepted,1,256,1212,
s970927316,p02982,u466161487,1562548055,C++,C++14 (GCC 5.4.1),cpp,Accepted,1,256,514,
s916821693,p02982,u504142483,1562548054,C++,C++14 (GCC 5.4.1),cpp,Wrong Answer,1,256,2960,
s913734092,p02982,u509405951,1562548054,Python,Python (3.4.3),py,Accepted,17,3064,291,
s512322126,p02982,u505953563,1562548054,C++,C++14 (GCC 5.4.1),cpp,Wrong Answer,1,256,827,
s301774577,p02982,u680068823,1562548054,C++,C++14 (GCC 5.4.1),cpp,Wrong Answer,1,256,318,
s672808351,p02982,u752074356,1562548053,C++,C++14 (GCC 5.4.1),cpp,Accepted,1,256,659,
s626601018,p02982,u331542638,1562548053,C++,C++14 (GCC 5.4.1),cpp,Accepted,1,256,2448,
s966851210,p02982,u406225550,1562548053,C++,C++14 (GCC 5.4.1),cpp,Accepted,1,256,2951,
s078449551,p02982,u655125439,1562548053,Java,Java8 (OpenJDK 1.8.0),java,Accepted,70,21204,1042,
s439604298,p02982,u849073847,1562548053,C++,C++14 (GCC 5.4.1),cpp,Accepted,2,256,431,
s574894214,p02982,u057079894,1562548052,Python,Python (3.4.3),py,Accepted,17,3064,307,
s822811811,p02982,u742046409,1562548052,C++,C++14 (GCC 5.4.1),cpp,Accepted,1,256,414,
s194565973,p02982,u073082475,1562548052,C++,C++14 (GCC 5.4.1),cpp,Accepted,1,256,424,
s347448971,p02982,u434758757,1562548052,C++,C++14 (GCC 5.4.1),cpp,Accepted,1,256,958,
s901054637,p02982,u239493918,1562548052,C++,C++14 (GCC 5.4.1),cpp,Wrong Answer,2,384,5919,
s624338082,p02982,u463243362,1562548052,C++,C++14 (GCC 5.4.1),cpp,Accepted,1,256,602,
s054964938,p02982,u614497125,1562548052,C++,C++14 (GCC 5.4.1),cpp,Accepted,1,256,775,
s627674724,p02982,u740836226,1562548052,Ruby,Ruby (2.3.3),rb,Accepted,7,3836,288,
s499393590,p02982,u384743704,1562548051,C++,C++14 (GCC 5.4.1),cpp,Accepted,1,256,735,
s388557119,p02982,u839953865,1562548051,Python,Python (3.4.3),py,Accepted,17,3060,263,
s115803521,p02982,u252348942,1562548051,C++,C++14 (GCC 5.4.1),cpp,Accepted,1,256,644,
s783710069,p02982,u638516820,1562548051,Ruby,Ruby (2.3.3),rb,Accepted,7,1788,245,
s922747740,p02982,u983918956,1562548050,Python,Python (3.4.3),py,Accepted,55,3064,374,
s611014142,p02982,u057109575,1562548050,Python,PyPy3 (2.4.0),py,Accepted,168,38384,313,
s345279689,p02982,u914762730,1562548050,C++,C++14 (GCC 5.4.1),cpp,Accepted,1,256,687,
s135489848,p02982,u507128581,1562548049,C++,C++14 (GCC 5.4.1),cpp,Accepted,1,256,811,
s554310187,p02982,u793264122,1562548049,C++,C++14 (GCC 5.4.1),cpp,Accepted,1,256,922,
s882162812,p02982,u598826970,1562548048,Java,Java8 (OpenJDK 1.8.0),java,Accepted,110,22356,996,
s853261821,p02982,u462434199,1562548048,C++,C++14 (GCC 5.4.1),cpp,Accepted,1,256,1104,
s324097394,p02982,u333139319,1562548048,Python,PyPy3 (2.4.0),py,Accepted,178,38384,403,
s967968524,p02982,u501503190,1562548048,Python,Python (3.4.3),py,Accepted,23,3572,581,
s805583870,p02982,u432617434,1562548048,C++,C++14 (GCC 5.4.1),cpp,Accepted,1,256,946,
s225889271,p02982,u223646582,1562548048,Python,Python (3.4.3),py,Accepted,18,3188,341,
s844598915,p02982,u012133968,1562548048,Ruby,Ruby (2.3.3),rb,Accepted,7,1788,290,
s007926184,p02982,u086849314,1562548048,C++,C++14 (GCC 5.4.1),cpp,Accepted,1,256,612,
s598085577,p02982,u213143761,1562548047,C#,C# (Mono 4.6.2.0),cs,Accepted,26,13524,864,
s513941975,p02982,u866968224,1562548047,C++,C++14 (GCC 5.4.1),cpp,Compile Error,,,690,
s296336363,p02982,u980074233,1562548047,C++,C++14 (GCC 5.4.1),cpp,Accepted,1,256,838,
s044446566,p02982,u135248164,1562548047,C++,C++14 (GCC 5.4.1),cpp,Accepted,1,256,677,
s774065006,p02982,u652737716,1562548046,C++,C++14 (Clang 3.8.0),cpp,Accepted,7,888,1182,
s806224250,p02982,u561437761,1562548046,C++,C++14 (GCC 5.4.1),cpp,Compile Error,,,460,
s249058148,p02982,u644070128,1562548046,C++,C++14 (GCC 5.4.1),cpp,Accepted,1,256,6672,
s003930874,p02982,u721060623,1562548045,C,C (GCC 5.4.1),c,Accepted,1,128,5006,
s409011851,p02982,u935316779,1562548045,C++,C++14 (GCC 5.4.1),cpp,Accepted,2,768,1301,
s115630189,p02982,u771276542,1562548045,Kotlin,Kotlin (1.0.0),kt,Accepted,302,37904,619,
s103370214,p02982,u096635831,1562548045,Rust,Rust (1.15.1),rs,Wrong Answer,2,4352,11876,
s417617428,p02982,u644344565,1562548044,D,D (DMD64 v2.070.1),d,Accepted,1,256,1493,
s008737808,p02982,u541884637,1562548044,C++,C++14 (GCC 5.4.1),cpp,Accepted,1,256,671,
s885050019,p02982,u996252264,1562548043,C++,C++14 (GCC 5.4.1),cpp,Accepted,1,256,954,
s575708143,p02982,u779159595,1562548043,C++,C++14 (GCC 5.4.1),cpp,Accepted,1,256,740,
s084098507,p02982,u711705317,1562548043,Ruby,Ruby (2.3.3),rb,Accepted,7,1788,201,
s153865318,p02982,u560900554,1562548042,Rust,Rust (1.15.1),rs,Accepted,2,4352,2316,
s028489639,p02982,u480138356,1562548042,Python,Python (3.4.3),py,Accepted,18,3064,413,
s084287653,p02982,u194208056,1562548041,C++,C++14 (GCC 5.4.1),cpp,Accepted,1,256,735,
s921843947,p02982,u247554097,1562548041,Python,Python (3.4.3),py,Accepted,17,3188,383,
s696183053,p02982,u892251744,1562548041,Python,PyPy3 (2.4.0),py,Accepted,164,38384,387,
s362194032,p02982,u052212445,1562548041,Java,Java8 (OpenJDK 1.8.0),java,Accepted,71,22100,4050,
s031353444,p02982,u550324674,1562548041,C++,C++14 (GCC 5.4.1),cpp,Accepted,1,128,388,
s916682359,p02982,u596822503,1562548040,Ruby,Ruby (2.3.3),rb,Accepted,7,1916,369,
s537802366,p02982,u084968244,1562548040,C++,C++14 (GCC 5.4.1),cpp,Accepted,1,256,527,
s153170811,p02982,u476674388,1562548040,Python,Python (3.4.3),py,Accepted,18,3064,972,
s372145917,p02982,u778193086,1562548040,C++,C++14 (GCC 5.4.1),cpp,Accepted,1,256,524,
s289415524,p02982,u774596402,1562548040,C++,C++14 (GCC 5.4.1),cpp,Accepted,1,640,2438,
s359626795,p02982,u263369790,1562548040,C++,C++14 (GCC 5.4.1),cpp,Accepted,1,256,1027,
s063464484,p02982,u763968347,1562548039,Python,Python (3.4.3),py,Accepted,18,3060,328,
s834546218,p02982,u493017253,1562548039,C++,C++14 (GCC 5.4.1),cpp,Accepted,1,256,1099,
s750637998,p02982,u035075380,1562548039,C++,C++14 (GCC 5.4.1),cpp,Accepted,1,256,3909,
s455592257,p02982,u960997735,1562548038,C++,C++14 (GCC 5.4.1),cpp,Accepted,1,256,571,
s381482072,p02982,u048945791,1562548038,C++,C++14 (GCC 5.4.1),cpp,Accepted,1,256,856,
s386350596,p02982,u653046450,1562548038,C++,C++14 (GCC 5.4.1),cpp,Accepted,1,256,679,
s111167701,p02982,u320267258,1562548038,C++,C++14 (GCC 5.4.1),cpp,Accepted,1,256,844,
s833242154,p02982,u830390742,1562548037,D,D (LDC 0.17.0),d,Accepted,1,256,588,
s411246915,p02982,u512065998,1562548037,C++,C++14 (GCC 5.4.1),cpp,Accepted,2,1280,431,
s584187827,p02982,u278557567,1562548037,C++,C++14 (GCC 5.4.1),cpp,Accepted,1,256,707,
s508174851,p02982,u748069390,1562548036,C++,C++14 (GCC 5.4.1),cpp,Accepted,2,512,1199,
s590258800,p02982,u824327013,1562548036,C++,C++14 (GCC 5.4.1),cpp,Accepted,1,256,1989,
s737011610,p02982,u774652316,1562548036,C++,C++14 (GCC 5.4.1),cpp,Accepted,1,256,880,
s364464236,p02982,u455656648,1562548036,C++,C++14 (GCC 5.4.1),cpp,Accepted,1,256,372,
s604393094,p02982,u480831358,1562548036,C++,C++14 (GCC 5.4.1),cpp,Accepted,2,384,796,
s746454060,p02982,u353797797,1562548035,Python,Python (3.4.3),py,Accepted,18,3060,283,
s875367116,p02982,u942915776,1562548035,Python,Python (3.4.3),py,Accepted,18,3064,370,
s799462121,p02982,u671537665,1562548035,C++,C++14 (GCC 5.4.1),cpp,Accepted,1,256,359,
s313254906,p02982,u242898809,1562548035,C++,C++14 (GCC 5.4.1),cpp,Accepted,21,768,10371,
s711187592,p02982,u580801719,1562548035,C++,C++14 (GCC 5.4.1),cpp,Accepted,1,256,1498,
s923673194,p02982,u370870350,1562548035,C++,C++14 (GCC 5.4.1),cpp,Accepted,1,256,448,
s181916403,p02982,u114234520,1562548034,C++,C++14 (GCC 5.4.1),cpp,Accepted,1,256,810,
s017482359,p02982,u223133214,1562548034,Python,PyPy3 (2.4.0),py,Accepted,171,38384,402,
s337616488,p02982,u753391427,1562548034,C++,C++14 (GCC 5.4.1),cpp,Accepted,1,256,588,
s586872586,p02982,u548390458,1562548034,C++,C++14 (GCC 5.4.1),cpp,Accepted,1,256,437,
s049133280,p02982,u174404613,1562548034,C++,C++14 (GCC 5.4.1),cpp,Accepted,1,256,1116,
s507204756,p02982,u381467237,1562548034,Java,Java8 (OpenJDK 1.8.0),java,Accepted,112,22356,992,
s169319615,p02982,u448523542,1562548033,C++,C++14 (GCC 5.4.1),cpp,Accepted,1,256,405,
s356035344,p02982,u828766688,1562548033,Python,PyPy3 (2.4.0),py,Accepted,172,39024,419,
s724202029,p02982,u835297884,1562548032,C++,C++14 (GCC 5.4.1),cpp,Accepted,1,256,628,
s013157960,p02982,u054475353,1562548032,C++,C++14 (GCC 5.4.1),cpp,Accepted,4,256,1829,
s166690833,p02982,u209713918,1562548032,C++,C++14 (GCC 5.4.1),cpp,Accepted,1,128,1079,
s465140592,p02982,u592610268,1562548031,C++,C++14 (GCC 5.4.1),cpp,Accepted,1,256,777,
s983623566,p02982,u466161487,1562548031,C++,C++14 (GCC 5.4.1),cpp,Compile Error,,,499,
s010317518,p02982,u310678820,1562548031,Python,Python (3.4.3),py,Accepted,17,3188,358,
s134168159,p02982,u121266738,1562548031,C++,C++14 (GCC 5.4.1),cpp,Accepted,1,256,2476,
s243086798,p02982,u746411953,1562548031,C++,C++14 (GCC 5.4.1),cpp,Accepted,1,256,981,
s156967617,p02982,u734548018,1562548030,Python,PyPy3 (2.4.0),py,Wrong Answer,169,38256,351,
s304761690,p02982,u344425917,1562548030,C++,C++14 (GCC 5.4.1),cpp,Wrong Answer,2,256,1171,
s275483316,p02982,u129019798,1562548030,Python,Python (3.4.3),py,Accepted,18,3064,371,
s384277246,p02982,u498141549,1562548030,C++,C++14 (GCC 5.4.1),cpp,Accepted,1,256,956,
s592855943,p02982,u942033906,1562548030,Python,Python (3.4.3),py,Accepted,20,3064,358,
s828259892,p02982,u057866967,1562548029,C++,C++14 (GCC 5.4.1),cpp,Accepted,1,256,872,
s968775814,p02982,u366644013,1562548029,C++,C++14 (GCC 5.4.1),cpp,Accepted,1,256,942,
s983393752,p02982,u069838609,1562548029,Python,PyPy3 (2.4.0),py,Runtime Error,168,38512,482,
s404264978,p02982,u717168969,1562548028,C++,C++14 (GCC 5.4.1),cpp,Accepted,6,1664,663,
s857536566,p02982,u211255798,1562548028,C++,C++14 (GCC 5.4.1),cpp,Wrong Answer,1,256,348,
s839942541,p02982,u233393801,1562548027,C++,C++14 (GCC 5.4.1),cpp,Accepted,1,256,967,
s931974416,p02982,u352557224,1562548027,C++,C++14 (GCC 5.4.1),cpp,Accepted,1,256,890,
s886616562,p02982,u394721319,1562548027,Python,Python (3.4.3),py,Accepted,21,3188,340,
s697680407,p02982,u091650402,1562548027,C++,C++14 (GCC 5.4.1),cpp,Accepted,1,256,1869,
s263754190,p02982,u342051078,1562548027,C++,C++14 (GCC 5.4.1),cpp,Accepted,1,256,1181,
s905557566,p02982,u243699903,1562548027,Python,Python (3.4.3),py,Accepted,17,3064,455,
s619720007,p02982,u950708010,1562548027,Python,Python (3.4.3),py,Accepted,20,3064,460,
s264373194,p02982,u246275061,1562548026,C++,C++14 (GCC 5.4.1),cpp,Accepted,1,256,1298,
s136799903,p02982,u996171098,1562548026,C++,C++14 (Clang 3.8.0),cpp,Accepted,7,888,3653,
s204522027,p02982,u263830634,1562548026,Python,Python (3.4.3),py,Accepted,18,3064,420,
s793779026,p02982,u721060623,1562548026,C,C (GCC 5.4.1),c,Compile Error,,,5004,
s732048798,p02982,u061071198,1562548024,C++,C++14 (GCC 5.4.1),cpp,Accepted,1,256,2538,
s331110094,p02982,u522636435,1562548024,Java,Java8 (OpenJDK 1.8.0),java,Accepted,113,21460,688,
s428513513,p02982,u015768390,1562548024,C++,C++14 (GCC 5.4.1),cpp,Accepted,1,256,899,
s388148374,p02982,u042365947,1562548024,C#,C# (Mono 4.6.2.0),cs,Accepted,24,13396,1653,
s925420906,p02982,u102602414,1562548024,C++,C++14 (GCC 5.4.1),cpp,Wrong Answer,1,256,1094,
s438956873,p02982,u614550445,1562548024,C++,C++14 (GCC 5.4.1),cpp,Accepted,1,256,1466,
s621846475,p02982,u817142576,1562548023,C++,C++14 (GCC 5.4.1),cpp,Accepted,1,256,865,
s423746350,p02982,u185690073,1562548023,C++,C++14 (GCC 5.4.1),cpp,Accepted,1,256,704,
s503379447,p02982,u454290303,1562548022,C++,C++14 (GCC 5.4.1),cpp,Accepted,3,3200,700,
s356960477,p02982,u386769326,1562548022,C++,C++14 (GCC 5.4.1),cpp,Wrong Answer,1,256,757,
s092465878,p02982,u196574642,1562548022,Rust,Rust (1.15.1),rs,Accepted,2,4352,1475,
s543376146,p02982,u827841970,1562548022,C++,C++14 (GCC 5.4.1),cpp,Accepted,1,256,816,
s178841767,p02982,u104282757,1562548022,Python,PyPy3 (2.4.0),py,Accepted,170,38256,382,
s755163177,p02982,u918753189,1562548022,C++,C++14 (GCC 5.4.1),cpp,Accepted,1,256,667,
s915233206,p02982,u614063956,1562548022,C++,C++14 (Clang 3.8.0),cpp,Accepted,7,888,1033,
s741609478,p02982,u059082716,1562548021,C++,C++14 (GCC 5.4.1),cpp,Accepted,1,256,751,
s811352305,p02982,u564054133,1562548020,Java,Java8 (OpenJDK 1.8.0),java,Accepted,71,21204,17244,
s703985303,p02982,u172111219,1562548020,Python,PyPy3 (2.4.0),py,Accepted,167,38384,331,
s840374341,p02982,u272028993,1562548020,C++,C++14 (GCC 5.4.1),cpp,Accepted,1,256,3746,
s501921003,p02982,u456073260,1562548019,Java,Java8 (OpenJDK 1.8.0),java,Accepted,247,29012,1014,
s810588453,p02982,u017810624,1562548019,Python,Python (3.4.3),py,Accepted,18,3064,279,
s726398728,p02982,u912534104,1562548019,C++,C++14 (GCC 5.4.1),cpp,Accepted,1,256,576,
s691545540,p02982,u816587940,1562548019,C++,C++14 (Clang 3.8.0),cpp,Accepted,7,888,1017,
s064640297,p02982,u750028862,1562548019,C,C (GCC 5.4.1),c,Accepted,1,128,891,
s398041643,p02982,u863044225,1562548019,C++,C++14 (GCC 5.4.1),cpp,Accepted,1,256,1100,
s892297916,p02982,u938924220,1562548019,Haskell,Haskell (GHC 7.10.3),hs,Accepted,1361,80252,985,
s058458329,p02982,u447610671,1562548017,C++,C++14 (GCC 5.4.1),cpp,Wrong Answer,1,256,406,
s621097462,p02982,u465317453,1562548016,C++,C++14 (GCC 5.4.1),cpp,Accepted,1,256,2509,
s726726284,p02982,u299340570,1562548016,C++,C++14 (GCC 5.4.1),cpp,Accepted,1,256,553,
s916144385,p02982,u378150841,1562548016,C++,C++14 (GCC 5.4.1),cpp,Accepted,1,384,1583,
s660085308,p02982,u741397536,1562548015,Python,Python (3.4.3),py,Accepted,18,3064,391,
s134238547,p02982,u062147869,1562548015,Python,PyPy3 (2.4.0),py,Accepted,174,39408,339,
s927785123,p02982,u467971384,1562548014,C++,C++14 (GCC 5.4.1),cpp,Accepted,1,256,437,
s229047450,p02982,u617255029,1562548014,Java,Java8 (OpenJDK 1.8.0),java,Accepted,70,22740,6006,
s863100012,p02982,u997055883,1562548014,Java,Java8 (OpenJDK 1.8.0),java,Accepted,111,21972,1029,
s968499257,p02982,u967843578,1562548014,C++,C++14 (GCC 5.4.1),cpp,Accepted,1,256,853,
s122071008,p02982,u875972329,1562548014,C++,C++14 (GCC 5.4.1),cpp,Accepted,1,256,1750,
s892388586,p02982,u879581330,1562548014,C++,C++14 (GCC 5.4.1),cpp,Accepted,1,256,535,
s414842552,p02982,u852779327,1562548014,Java,Java8 (OpenJDK 1.8.0),java,Accepted,73,21588,3554,
s995507052,p02982,u279493135,1562548014,Python,Python (3.4.3),py,Accepted,55,5708,795,
s180287724,p02982,u520129469,1562548014,C++,C++14 (GCC 5.4.1),cpp,Accepted,1,256,949,
s245809132,p02982,u753002569,1562548014,C++,C++14 (GCC 5.4.1),cpp,Accepted,1,256,788,
s427848742,p02982,u394853232,1562548013,C++,C++14 (Clang 3.8.0),cpp,Accepted,6,888,6065,
s313916366,p02982,u767664985,1562548013,Python,Python (3.4.3),py,Accepted,17,3188,311,
s278266065,p02982,u381714561,1562548013,Text,Text (cat),txt,Wrong Answer,1,128,1325,
s954718360,p02982,u545368057,1562548012,Python,Python (3.4.3),py,Wrong Answer,18,3064,433,
s060584711,p02982,u785220618,1562548012,Python,Python (3.4.3),py,Accepted,17,3188,324,
s659582124,p02982,u150376070,1562548011,C++,C++14 (GCC 5.4.1),cpp,Runtime Error,123,256,2425,
s180258870,p02982,u993556792,1562548011,C++,C++14 (GCC 5.4.1),cpp,Accepted,1,256,1429,
s560971203,p02982,u049421539,1562548011,C++,C++14 (GCC 5.4.1),cpp,Accepted,3,768,594,
s868520365,p02982,u041282550,1562548011,C++,C++14 (GCC 5.4.1),cpp,Accepted,2,256,592,
s172970166,p02982,u762187782,1562548011,Java,Java8 (OpenJDK 1.8.0),java,Accepted,70,22100,4086,
s217365748,p02982,u098612256,1562548010,C++,C++14 (GCC 5.4.1),cpp,Accepted,2,256,502,
s179495158,p02982,u537905693,1562548010,Python,Python (3.4.3),py,Accepted,17,3064,606,
s480871052,p02982,u689442090,1562548010,C++,C++14 (GCC 5.4.1),cpp,Accepted,1,256,490,
s895216013,p02982,u449233835,1562548009,C++,C++14 (GCC 5.4.1),cpp,Accepted,1,256,623,
s128145987,p02982,u714538557,1562548009,C++,C++14 (GCC 5.4.1),cpp,Accepted,1,256,702,
s873005324,p02982,u064246852,1562548009,Python,Python (3.4.3),py,Accepted,17,3064,360,
s619870893,p02982,u159208574,1562548008,C++,C++14 (GCC 5.4.1),cpp,Accepted,1,256,2662,
s931391760,p02982,u108577768,1562548007,C++,C++14 (GCC 5.4.1),cpp,Accepted,1,256,755,
s979029149,p02982,u946322619,1562548007,C++,C++14 (GCC 5.4.1),cpp,Accepted,1,256,4420,
s765367396,p02982,u219873012,1562548007,C++,C++14 (GCC 5.4.1),cpp,Wrong Answer,1,256,2523,
s131944914,p02982,u598050616,1562548007,C++,C++14 (GCC 5.4.1),cpp,Accepted,1,256,354,
s006321608,p02982,u134387396,1562548006,Go,Go (1.6),go,Accepted,1,640,5339,
s469645814,p02982,u069450081,1562548006,C++,C++14 (GCC 5.4.1),cpp,Accepted,1,256,1487,
s204952420,p02982,u017167684,1562548006,C++,C++14 (GCC 5.4.1),cpp,Accepted,1,256,564,
s548783400,p02982,u095834727,1562548006,Rust,Rust (1.15.1),rs,Accepted,2,4352,2031,
s213214336,p02982,u385545325,1562548005,C++,C++14 (GCC 5.4.1),cpp,Accepted,3,4096,656,
s000737060,p02982,u874644572,1562548005,C++,C++14 (GCC 5.4.1),cpp,Accepted,3,512,8084,
s811691192,p02982,u577747009,1562548005,C++,C++14 (Clang 3.8.0),cpp,Accepted,7,888,876,
s137618170,p02982,u313597494,1562548005,C++,C++14 (GCC 5.4.1),cpp,Accepted,1,256,626,
s162684275,p02982,u441296840,1562548005,C++,C++14 (GCC 5.4.1),cpp,Accepted,1,256,333,
s712088222,p02982,u025592199,1562548005,C++,C++14 (GCC 5.4.1),cpp,Accepted,1,256,903,
s599617768,p02982,u439265517,1562548004,C++,C++14 (GCC 5.4.1),cpp,Accepted,1,256,627,
s119569695,p02982,u576434377,1562548003,Python,Python (3.4.3),py,Wrong Answer,17,3064,445,
s981547224,p02982,u277153875,1562548003,C++,C++14 (GCC 5.4.1),cpp,Accepted,1,256,1431,
s514782022,p02982,u746411953,1562548003,C++,C++14 (GCC 5.4.1),cpp,Wrong Answer,1,256,980,
s167574454,p02982,u516353059,1562548003,C++,C++14 (GCC 5.4.1),cpp,Accepted,1,256,2262,
s367414124,p02982,u350561621,1562548002,C++,C++14 (GCC 5.4.1),cpp,Accepted,1,128,509,
s124772035,p02982,u264225633,1562548001,C++,C++14 (GCC 5.4.1),cpp,Wrong Answer,1,256,544,
s606808953,p02982,u097121858,1562548001,Python,Python (3.4.3),py,Accepted,18,3188,347,
s728507514,p02982,u623819879,1562548000,Python,Python (3.4.3),py,Accepted,25,3444,528,
s667252343,p02982,u642455110,1562548000,C++,C++14 (GCC 5.4.1),cpp,Accepted,1,256,1029,
s951939263,p02982,u496407619,1562547999,Python,Python (3.4.3),py,Accepted,546,21920,345,
s118601651,p02982,u455757400,1562547999,C++,C++14 (GCC 5.4.1),cpp,Accepted,3,512,844,
s013258583,p02982,u930970950,1562547999,Python,Python (3.4.3),py,Wrong Answer,17,3060,270,
s082793940,p02982,u930841425,1562547999,C++,C++14 (GCC 5.4.1),cpp,Accepted,1,256,749,
s769680054,p02982,u992782045,1562547998,C++,C++14 (GCC 5.4.1),cpp,Accepted,1,256,2529,
s901025287,p02982,u154068540,1562547998,C++,C++14 (GCC 5.4.1),cpp,Accepted,1,256,7832,
s061291958,p02982,u866733412,1562547998,C++,C++14 (GCC 5.4.1),cpp,Accepted,1,256,935,
s170325596,p02982,u350997995,1562547997,Python,Python (3.4.3),py,Accepted,18,3064,362,
s192960444,p02982,u603303736,1562547997,C++,C++14 (GCC 5.4.1),cpp,Accepted,1,256,4046,
s033768539,p02982,u559345461,1562547997,C++,C++14 (GCC 5.4.1),cpp,Wrong Answer,1,256,379,
s410512707,p02982,u551909378,1562547997,Python,Python (3.4.3),py,Accepted,17,3064,329,
s344728755,p02982,u848736574,1562547997,C++,C++14 (GCC 5.4.1),cpp,Accepted,4,256,1674,
s688831219,p02982,u113883426,1562547997,C++,C++14 (GCC 5.4.1),cpp,Accepted,1,256,487,
s382654241,p02982,u599547273,1562547996,Python,Python (3.4.3),py,Accepted,17,3188,298,
s001655417,p02982,u509960350,1562547995,C++,C++14 (GCC 5.4.1),cpp,Accepted,1,256,1743,
s071996073,p02982,u704549083,1562547995,C++,C++14 (Clang 3.8.0),cpp,Wrong Answer,6,4984,449,
s832399443,p02982,u061526737,1562547995,D,D (LDC 0.17.0),d,Accepted,1,256,613,
s704151581,p02982,u245366924,1562547994,C++,C++14 (GCC 5.4.1),cpp,Wrong Answer,1,256,2131,
s603234411,p02982,u949798495,1562547994,C++,C++14 (GCC 5.4.1),cpp,Accepted,1,256,4513,
s400540849,p02982,u391731808,1562547994,Python,Python (3.4.3),py,Accepted,17,3188,289,
s299158553,p02982,u762187782,1562547994,Java,Java8 (OpenJDK 1.8.0),java,Compile Error,,,4087,
s176693339,p02982,u324549724,1562547994,C++,C++14 (GCC 5.4.1),cpp,Accepted,1,256,749,
s257879144,p02982,u537747009,1562547994,Java,Java8 (OpenJDK 1.8.0),java,Accepted,72,23508,3233,
s557470909,p02982,u263542246,1562547994,C++,C++14 (GCC 5.4.1),cpp,Accepted,1,512,1249,
s961834603,p02982,u872162326,1562547994,Java,Java8 (OpenJDK 1.8.0),java,Accepted,118,21716,1032,
s280032625,p02982,u129667379,1562547994,C++,C++14 (GCC 5.4.1),cpp,Accepted,2,512,639,
s096547985,p02982,u303039933,1562547993,C++,C++14 (GCC 5.4.1),cpp,Accepted,1,256,2104,
s358476400,p02982,u018872912,1562547993,C++,C++14 (GCC 5.4.1),cpp,Accepted,55,67968,981,
s439469255,p02982,u261683021,1562547993,C++,C++14 (GCC 5.4.1),cpp,Accepted,1,256,1533,
s023748147,p02982,u802883836,1562547993,D,D (DMD64 v2.070.1),d,Accepted,1,256,1067,
s197004082,p02982,u360904601,1562547991,C++,C++14 (GCC 5.4.1),cpp,Accepted,5,14720,467,
s540916098,p02982,u127130661,1562547991,C++,C++14 (GCC 5.4.1),cpp,Accepted,1,128,635,
s521603750,p02982,u859774897,1562547991,C++,C++14 (GCC 5.4.1),cpp,Accepted,1,256,596,
s856333874,p02982,u412205611,1562547991,C++,C++14 (GCC 5.4.1),cpp,Accepted,1,256,1520,
s881417724,p02982,u624800360,1562547990,C++,C++14 (GCC 5.4.1),cpp,Accepted,1,256,1506,
s390359172,p02982,u303356821,1562547990,C++,C++14 (GCC 5.4.1),cpp,Accepted,1,256,683,
s305114413,p02982,u612695892,1562547990,C++,C++14 (GCC 5.4.1),cpp,Accepted,1,256,985,
s792819409,p02982,u426855695,1562547990,C++,C++14 (GCC 5.4.1),cpp,Accepted,1,256,1217,
s898596009,p02982,u693133807,1562547990,C++,C++14 (GCC 5.4.1),cpp,Wrong Answer,1,256,574,
s256842892,p02982,u466497827,1562547990,C++,C++14 (GCC 5.4.1),cpp,Accepted,1,256,782,
s673093318,p02982,u432090061,1562547990,C++,C++14 (GCC 5.4.1),cpp,Accepted,1,256,1461,
s247822135,p02982,u419330815,1562547989,C++,C++14 (GCC 5.4.1),cpp,Accepted,1,256,963,
s146099839,p02982,u783861517,1562547989,C++,C++14 (GCC 5.4.1),cpp,Accepted,1,256,1766,
s041509777,p02982,u617404516,1562547989,C++,C++14 (GCC 5.4.1),cpp,Accepted,1,256,1244,
s699944009,p02982,u659725815,1562547989,C++,C++14 (GCC 5.4.1),cpp,Accepted,1,256,619,
s020311489,p02982,u572665222,1562547988,C++,C++14 (GCC 5.4.1),cpp,Accepted,1,256,751,
s409586397,p02982,u751488284,1562547988,C++,C++14 (GCC 5.4.1),cpp,Accepted,1,256,1311,
s493513640,p02982,u548768105,1562547988,C++,C++14 (GCC 5.4.1),cpp,Accepted,1,256,1203,
s788549863,p02982,u817722036,1562547988,C++,C++14 (Clang 3.8.0),cpp,Accepted,9,888,1346,
s198869010,p02982,u611384918,1562547988,C++,C++14 (GCC 5.4.1),cpp,Accepted,1,256,480,
s148632321,p02982,u211160392,1562547988,Python,Python (3.4.3),py,Accepted,17,3188,319,
s810159008,p02982,u121922047,1562547987,C,C (GCC 5.4.1),c,Accepted,1,128,372,
s672461512,p02982,u666625234,1562547987,C++,C++14 (GCC 5.4.1),cpp,Accepted,1,256,551,
s671516725,p02982,u438319362,1562547987,C++,C++14 (GCC 5.4.1),cpp,Accepted,1,256,1403,
s028201410,p02982,u955243910,1562547987,C++,C++14 (GCC 5.4.1),cpp,Accepted,4,7296,983,
s602920491,p02982,u196341564,1562547986,C++,C++14 (GCC 5.4.1),cpp,Accepted,1,256,359,
s587780989,p02982,u504158101,1562547986,OCaml,OCaml (4.02.3),ml,Accepted,1,512,923,
s156768627,p02982,u897304429,1562547985,C++,C++14 (GCC 5.4.1),cpp,Accepted,1,256,1272,
s370596320,p02982,u374103100,1562547985,Python,PyPy3 (2.4.0),py,Accepted,175,38384,656,
s061020281,p02982,u803314854,1562547985,Java,Java8 (OpenJDK 1.8.0),java,Accepted,110,22996,700,
s142192404,p02982,u773916255,1562547985,C++,C++14 (GCC 5.4.1),cpp,Accepted,1,256,1011,
s828650186,p02982,u962104148,1562547985,C++,C++14 (GCC 5.4.1),cpp,Accepted,2,256,813,
s211880533,p02982,u129763512,1562547985,C++,C++14 (GCC 5.4.1),cpp,Accepted,2,1280,1223,
s192424683,p02982,u328348656,1562547985,C++,C++14 (GCC 5.4.1),cpp,Accepted,1,256,714,
s656922925,p02982,u146263950,1562547984,C++,C++14 (GCC 5.4.1),cpp,Accepted,1,256,1074,
s090595675,p02982,u549192489,1562547984,C++,C++14 (GCC 5.4.1),cpp,Accepted,1,256,490,
s553773248,p02982,u876335718,1562547984,C++,C++14 (GCC 5.4.1),cpp,Accepted,1,384,1487,
s701098840,p02982,u031986221,1562547984,C++,C++14 (GCC 5.4.1),cpp,Accepted,1,256,684,
s861363681,p02982,u379604713,1562547984,C++,C++14 (GCC 5.4.1),cpp,Accepted,1,256,2904,
s656307106,p02982,u245531500,1562547983,C++,C++14 (GCC 5.4.1),cpp,Accepted,1,256,1548,
s142808527,p02982,u205561862,1562547983,C++,C++14 (GCC 5.4.1),cpp,Accepted,1,256,3039,
s311681675,p02982,u799443198,1562547983,C++,C++14 (GCC 5.4.1),cpp,Wrong Answer,1,256,1167,
s478466279,p02982,u140171030,1562547983,C++,C++14 (GCC 5.4.1),cpp,Accepted,1,256,1783,
s272705632,p02982,u371184667,1562547982,C++,C++14 (GCC 5.4.1),cpp,Accepted,4,256,993,
s049567585,p02982,u162612857,1562547982,Python,Python (3.4.3),py,Accepted,20,3064,342,
s577091395,p02982,u238217324,1562547982,C++,C++14 (GCC 5.4.1),cpp,Accepted,1,256,1849,
s427841061,p02982,u147049801,1562547982,C++,C++14 (GCC 5.4.1),cpp,Accepted,1,256,1546,
s517200590,p02982,u945017646,1562547982,C++,C++14 (GCC 5.4.1),cpp,Accepted,1,256,613,
s472964816,p02982,u214685595,1562547982,C++,C++14 (GCC 5.4.1),cpp,Accepted,1,256,1028,
s358790904,p02982,u093739220,1562547982,Python,PyPy3 (2.4.0),py,Accepted,167,38256,332,
s477244817,p02982,u974426361,1562547981,Java,Java8 (OpenJDK 1.8.0),java,Accepted,81,21588,994,
s922101889,p02982,u856232850,1562547981,C++,C++14 (GCC 5.4.1),cpp,Accepted,1,256,1148,
s209702326,p02982,u036411476,1562547981,C++,C++14 (GCC 5.4.1),cpp,Accepted,1,256,595,
s838992995,p02982,u586336940,1562547981,C++,C++14 (GCC 5.4.1),cpp,Accepted,1,256,631,
s199808760,p02982,u340010271,1562547980,C++,C++14 (GCC 5.4.1),cpp,Accepted,6,256,844,
s232213881,p02982,u904666233,1562547980,Rust,Rust (1.15.1),rs,Accepted,2,4352,5760,
s606690951,p02982,u608862204,1562547980,C++,C++14 (GCC 5.4.1),cpp,Accepted,1,256,729,
s906522701,p02982,u786191361,1562547980,C++,C++14 (GCC 5.4.1),cpp,Accepted,1,256,1229,
s202902558,p02982,u903596281,1562547980,Python,PyPy3 (2.4.0),py,Wrong Answer,164,38256,265,
s600960167,p02982,u857605629,1562547979,Python,Python (2.7.6),py,Accepted,10,2692,366,
s053256393,p02982,u272347605,1562547979,C++,C++14 (GCC 5.4.1),cpp,Accepted,3,3200,531,
s087207075,p02982,u023195454,1562547978,C++,C++14 (GCC 5.4.1),cpp,Accepted,1,256,480,
s236217130,p02982,u120582723,1562547978,Lua,LuaJIT (2.0.4),lua,Accepted,1,256,534,
s521327608,p02982,u327598261,1562547978,C++,C++14 (GCC 5.4.1),cpp,Accepted,1,128,559,
s599166651,p02982,u546025761,1562547978,Nim,Nim (0.13.0),nim,Accepted,1,256,668,
s306484363,p02982,u134381136,1562547978,C#,C# (Mono 4.6.2.0),cs,Accepted,22,11348,2049,
s984421974,p02982,u776338097,1562547977,Python,Python (3.4.3),py,Accepted,17,3188,375,
s322551592,p02982,u034865202,1562547977,C++,C++14 (GCC 5.4.1),cpp,Accepted,1,384,4703,
s452399413,p02982,u903311413,1562547977,C++,C++14 (GCC 5.4.1),cpp,Accepted,1,256,1809,
s972405172,p02982,u991974907,1562547977,C++,C++14 (Clang 3.8.0),cpp,Accepted,7,888,1384,
s794671200,p02982,u316473009,1562547977,C++,C++14 (GCC 5.4.1),cpp,Accepted,1,256,355,
s072836485,p02982,u194385557,1562547976,C++,C++14 (Clang 3.8.0),cpp,Accepted,8,1016,1192,
s528303809,p02982,u511965386,1562547976,Python,PyPy3 (2.4.0),py,Accepted,168,38640,373,
s240000576,p02982,u090994275,1562547976,C++,C++14 (GCC 5.4.1),cpp,Accepted,1,256,1396,
s719430857,p02982,u084335038,1562547976,Ruby,Ruby (2.3.3),rb,Accepted,7,1788,289,
s394724735,p02982,u549192489,1562547976,C++,C++14 (GCC 5.4.1),cpp,Accepted,1,256,490,
s347316424,p02982,u376817785,1562547975,C++,C++14 (GCC 5.4.1),cpp,Accepted,1,256,640,
s555285095,p02982,u646118499,1562547975,C,C (GCC 5.4.1),c,Accepted,1,128,839,
s316673706,p02982,u476304270,1562547975,C++,C++14 (GCC 5.4.1),cpp,Accepted,1,256,766,
s507273844,p02982,u785989355,1562547974,Python,Python (3.4.3),py,Accepted,903,22004,300,
s981965081,p02982,u467423063,1562547974,C++,C++14 (GCC 5.4.1),cpp,Accepted,1,256,1324,
s895892163,p02982,u183530284,1562547973,C++,C++14 (GCC 5.4.1),cpp,Accepted,1,256,996,
s918677685,p02982,u330326085,1562547973,C++,C++14 (GCC 5.4.1),cpp,Accepted,1,256,858,
s324732159,p02982,u309985845,1562547973,C++,C++14 (GCC 5.4.1),cpp,Accepted,1,256,371,
s181812811,p02982,u168774513,1562547973,C++,C++14 (GCC 5.4.1),cpp,Accepted,6,256,542,
s954084287,p02982,u146975530,1562547972,C++,C++14 (GCC 5.4.1),cpp,Accepted,1,256,1878,
s926970248,p02982,u155024797,1562547972,Python,PyPy3 (2.4.0),py,Accepted,176,38384,452,
s558390959,p02982,u215122692,1562547972,C++,C++14 (GCC 5.4.1),cpp,Accepted,1,256,1509,
s692260226,p02982,u691764803,1562547972,C++,C++14 (GCC 5.4.1),cpp,Accepted,1,256,793,
s444106052,p02982,u959479368,1562547972,C++,C++14 (GCC 5.4.1),cpp,Accepted,1,256,695,
s442816595,p02982,u399268660,1562547972,C++,C++14 (GCC 5.4.1),cpp,Accepted,1,256,537,
s121385491,p02982,u325340669,1562547972,C++,C++14 (GCC 5.4.1),cpp,Accepted,2,256,739,
s025538506,p02982,u077025302,1562547970,C++,C++14 (GCC 5.4.1),cpp,Accepted,1,256,1849,
s803212234,p02982,u324314500,1562547970,Python,Python (3.4.3),py,Accepted,150,12344,790,
s937699177,p02982,u511344501,1562547969,C++,C++14 (GCC 5.4.1),cpp,Wrong Answer,1,256,891,
s134471543,p02982,u107077660,1562547969,C++,C++14 (GCC 5.4.1),cpp,Accepted,1,256,577,
s759194365,p02982,u304177221,1562547969,C++,C++14 (GCC 5.4.1),cpp,Accepted,4,256,725,
s012935646,p02982,u050328876,1562547968,C++,C++14 (GCC 5.4.1),cpp,Accepted,1,256,1315,
s072025425,p02982,u563698482,1562547968,C#,C# (Mono 4.6.2.0),cs,Accepted,21,13140,1176,
s235668196,p02982,u794807449,1562547968,C++,C++14 (GCC 5.4.1),cpp,Accepted,1,256,905,
s395401607,p02982,u097790401,1562547968,C#,C# (Mono 4.6.2.0),cs,Accepted,22,13268,1595,
s528631672,p02982,u550398291,1562547968,C++,C++14 (GCC 5.4.1),cpp,Accepted,1,256,1346,
s108571481,p02982,u511509170,1562547968,C++,C++14 (GCC 5.4.1),cpp,Accepted,2,256,904,
s126965197,p02982,u069602573,1562547968,Python,Python (3.4.3),py,Accepted,18,3064,411,
s626658098,p02982,u461754222,1562547967,C++,C++14 (GCC 5.4.1),cpp,Accepted,1,256,449,
s952502343,p02982,u212437180,1562547967,Nim,Nim (0.13.0),nim,Accepted,5,632,810,
s970688304,p02982,u833393891,1562547967,C++,C++14 (GCC 5.4.1),cpp,Accepted,2,1280,1255,
s411565159,p02982,u623687794,1562547967,Python,Python (3.4.3),py,Wrong Answer,18,3064,285,
s622789342,p02982,u993640894,1562547967,C++,C++14 (GCC 5.4.1),cpp,Accepted,1,256,1164,
s288558126,p02982,u977554186,1562547967,C++,C++14 (GCC 5.4.1),cpp,Wrong Answer,1,256,574,
s914067007,p02982,u512749016,1562547967,Java,Java8 (OpenJDK 1.8.0),java,Accepted,78,21588,1116,
s437238348,p02982,u938993305,1562547966,C#,C# (Mono 4.6.2.0),cs,Accepted,21,11092,641,
s330134720,p02982,u063024444,1562547966,C++,C++14 (GCC 5.4.1),cpp,Accepted,1,256,1066,
s870284684,p02982,u867285555,1562547965,C++,C++14 (GCC 5.4.1),cpp,Accepted,1,256,386,
s019960933,p02982,u514383727,1562547965,Python,Python (3.4.3),py,Accepted,17,3188,319,
s245998010,p02982,u203843959,1562547965,Python,Python (3.4.3),py,Accepted,17,3064,395,
s035597992,p02982,u049420296,1562547965,C++,C++14 (GCC 5.4.1),cpp,Accepted,1,256,1394,
s179696537,p02982,u192912097,1562547965,C++,C++14 (GCC 5.4.1),cpp,Accepted,1,256,580,
s683521893,p02982,u553623615,1562547964,C++,C++14 (GCC 5.4.1),cpp,Accepted,1,256,858,
s878054989,p02982,u633687438,1562547964,C++,C++14 (GCC 5.4.1),cpp,Accepted,2,384,1103,
s491688366,p02982,u824237520,1562547963,Python,Python (3.4.3),py,Accepted,18,3188,391,
s468325733,p02982,u590241855,1562547963,C++,C++14 (GCC 5.4.1),cpp,Accepted,1,256,637,
s627144495,p02982,u656771711,1562547963,C++,C++14 (GCC 5.4.1),cpp,Accepted,1,256,1883,
s658078432,p02982,u694731294,1562547963,C++,C++14 (GCC 5.4.1),cpp,Accepted,1,256,1025,
s608181462,p02982,u941934550,1562547962,C++,C++14 (GCC 5.4.1),cpp,Accepted,1,256,538,
s619273766,p02982,u742977643,1562547962,C++,C++14 (GCC 5.4.1),cpp,Accepted,1,384,700,
s568668233,p02982,u191874006,1562547962,Python,PyPy3 (2.4.0),py,Accepted,161,38384,431,
s332965729,p02982,u407614884,1562547962,C++,C++14 (GCC 5.4.1),cpp,Accepted,1,256,6087,
s859680880,p02982,u024867942,1562547962,C++,C++14 (GCC 5.4.1),cpp,Accepted,1,256,755,
s393370348,p02982,u451017206,1562547962,Python,Python (3.4.3),py,Accepted,17,3064,366,
s921688027,p02982,u920299620,1562547961,C++,C++14 (GCC 5.4.1),cpp,Accepted,1,256,1649,
s702208846,p02982,u031593168,1562547961,C++,C++14 (GCC 5.4.1),cpp,Accepted,1,256,1121,
s646870550,p02982,u843070415,1562547961,C++,C++14 (GCC 5.4.1),cpp,Accepted,1,256,568,
s731713259,p02982,u434509016,1562547961,Ruby,Ruby (2.3.3),rb,Accepted,7,1788,358,
s422173224,p02982,u437187732,1562547961,C++,C++14 (GCC 5.4.1),cpp,Accepted,1,128,468,
s444817462,p02982,u435651023,1562547960,C++,C++14 (GCC 5.4.1),cpp,Accepted,1,256,402,
s050801401,p02982,u489536233,1562547960,C++,C++14 (GCC 5.4.1),cpp,Accepted,1,256,845,
s451960059,p02982,u425160777,1562547960,C++,C++14 (GCC 5.4.1),cpp,Accepted,1,256,380,
s690186608,p02982,u573495181,1562547960,Ruby,Ruby (2.3.3),rb,Accepted,7,1916,310,
s980655230,p02982,u152950430,1562547960,C++,C++14 (GCC 5.4.1),cpp,Accepted,1,256,1950,
s259828332,p02982,u827202523,1562547960,Python,PyPy3 (2.4.0),py,Accepted,175,38384,530,
s198607044,p02982,u480892088,1562547959,C++,C++14 (GCC 5.4.1),cpp,Accepted,2,512,733,
s464470909,p02982,u908318580,1562547959,C++,C++14 (GCC 5.4.1),cpp,Accepted,1,256,2879,
s957819818,p02982,u462405902,1562547959,C++,C++14 (GCC 5.4.1),cpp,Accepted,1,256,1739,
s392499871,p02982,u067983636,1562547959,Python,Python (3.4.3),py,Accepted,17,3188,352,
s321439179,p02982,u293764826,1562547959,C++,C++14 (GCC 5.4.1),cpp,Accepted,2,384,1734,
s162797362,p02982,u564902833,1562547958,Python,Python (3.4.3),py,Wrong Answer,17,3064,291,
s324754683,p02982,u007637377,1562547958,C++,C++14 (GCC 5.4.1),cpp,Accepted,1,256,1253,
s704028869,p02982,u297574184,1562547958,Python,Python (3.4.3),py,Accepted,17,3188,338,
s102150685,p02982,u625092455,1562547958,C++,C++14 (Clang 3.8.0),cpp,Wrong Answer,8,888,3808,
s155803361,p02982,u374099594,1562547957,Python,Python (2.7.6),py,Accepted,10,2568,248,
s324344875,p02982,u137087473,1562547957,Java,Java8 (OpenJDK 1.8.0),java,Accepted,114,22868,637,
s142088943,p02982,u482090956,1562547957,C++,C++14 (GCC 5.4.1),cpp,Accepted,1,256,784,
s069649568,p02982,u083092461,1562547957,C++,C++14 (GCC 5.4.1),cpp,Accepted,1,256,1027,
s577976930,p02982,u314693739,1562547957,C++,C++14 (GCC 5.4.1),cpp,Accepted,2,256,466,
s307681097,p02982,u454290303,1562547957,C++,C++14 (GCC 5.4.1),cpp,Runtime Error,128,256,697,
s009797927,p02982,u136090046,1562547957,Python,Python (3.4.3),py,Accepted,18,3188,372,
s613484985,p02982,u086878393,1562547956,C++,C++14 (GCC 5.4.1),cpp,Accepted,1,256,1912,
s840588815,p02982,u762921614,1562547956,C++,C++14 (GCC 5.4.1),cpp,Accepted,1,384,1006,
s471976719,p02982,u325227960,1562547956,Python,Python (3.4.3),py,Accepted,319,21772,323,
s260698529,p02982,u368780724,1562547956,Python,PyPy3 (2.4.0),py,Accepted,195,51696,319,
s704769732,p02982,u051493691,1562547956,C++,C++14 (GCC 5.4.1),cpp,Accepted,1,256,9689,
s010158652,p02982,u643840641,1562547956,Python,Python (3.4.3),py,Accepted,17,3188,327,
s838705712,p02982,u497046426,1562547955,Python,Python (3.4.3),py,Accepted,18,3188,349,
s015559384,p02982,u976942563,1562547955,C++,C++14 (GCC 5.4.1),cpp,Accepted,1,128,487,
s851557091,p02982,u259210975,1562547955,C++,C++14 (GCC 5.4.1),cpp,Accepted,1,256,680,
s577626813,p02982,u107995903,1562547955,C++,C++14 (GCC 5.4.1),cpp,Accepted,1,256,3562,
s780831554,p02982,u579651661,1562547955,Ruby,Ruby (2.3.3),rb,Accepted,7,1788,338,
s265598249,p02982,u533039576,1562547954,Python,Python (3.4.3),py,Accepted,18,3064,403,
s374914229,p02982,u004311543,1562547954,C#,C# (Mono 4.6.2.0),cs,Wrong Answer,25,13276,23899,
s458621206,p02982,u898749314,1562547954,C++,C++14 (GCC 5.4.1),cpp,Accepted,3,896,1374,
s978001483,p02982,u810735437,1562547954,Python,Python (3.4.3),py,Accepted,83,7976,665,
s765758395,p02982,u278912056,1562547953,Python,Python (3.4.3),py,Accepted,18,3064,811,
s968858542,p02982,u853132965,1562547953,C++,C++14 (GCC 5.4.1),cpp,Accepted,1,256,1435,
s681574361,p02982,u205655980,1562547953,C++,C++14 (GCC 5.4.1),cpp,Accepted,1,256,753,
s582372484,p02982,u599365206,1562547952,C#,C# (Mono 4.6.2.0),cs,Accepted,28,13524,3783,
s419298930,p02982,u604231488,1562547952,C++,C++14 (GCC 5.4.1),cpp,Accepted,1,256,569,
s697136828,p02982,u920156500,1562547952,C++,C++14 (GCC 5.4.1),cpp,Accepted,2,256,2126,
s260692810,p02982,u241615199,1562547951,C++,C++14 (GCC 5.4.1),cpp,Accepted,1,256,547,
s427602398,p02982,u904804404,1562547951,Python,PyPy3 (2.4.0),py,Wrong Answer,167,38460,278,
s657516960,p02982,u129325320,1562547951,Python,PyPy2 (5.6.0),py,Accepted,34,27756,259,
s215119417,p02982,u914890086,1562547951,C++,C++14 (GCC 5.4.1),cpp,Accepted,1,256,540,
s431975330,p02982,u573519353,1562547951,C++,C++14 (GCC 5.4.1),cpp,Accepted,2,384,1173,
s812306242,p02982,u655723240,1562547950,C++,C++14 (GCC 5.4.1),cpp,Accepted,1,256,3003,
s743467786,p02982,u124375339,1562547950,C++,C++14 (GCC 5.4.1),cpp,Accepted,1,256,563,
s574583288,p02982,u922299738,1562547950,C++,C++14 (GCC 5.4.1),cpp,Accepted,1,256,1714,
s856111448,p02982,u137756185,1562547950,C++,C++14 (GCC 5.4.1),cpp,Accepted,1,256,392,
s207888823,p02982,u188208110,1562547950,C++,C++14 (GCC 5.4.1),cpp,Accepted,1,256,1183,
s584899370,p02982,u262869085,1562547949,Python,Python (3.4.3),py,Accepted,17,3188,336,
s466182772,p02982,u711340028,1562547949,C++,C++14 (GCC 5.4.1),cpp,Accepted,1,256,852,
s061180525,p02982,u920200680,1562547949,C++,C++14 (GCC 5.4.1),cpp,Accepted,1,256,3744,
s778975887,p02982,u897380063,1562547949,C++,C++14 (GCC 5.4.1),cpp,Accepted,1,256,532,
s127101945,p02982,u112444951,1562547948,Java,Java8 (OpenJDK 1.8.0),java,Accepted,74,23380,3423,
s848287237,p02982,u771306245,1562547948,C++,C++14 (GCC 5.4.1),cpp,Accepted,1,256,1128,
s258635266,p02982,u389910364,1562547948,Python,Python (3.4.3),py,Accepted,297,22732,880,
s778081790,p02982,u506403362,1562547948,Fortran,Fortran (gfortran v4.8.4),f,Accepted,6,640,371,
s536416010,p02982,u286223754,1562547948,C++,C++14 (GCC 5.4.1),cpp,Wrong Answer,1,256,685,
s330351131,p02982,u059234158,1562547946,Java,Java8 (OpenJDK 1.8.0),java,Accepted,109,21844,568,
s963790370,p02982,u419516885,1562547946,C++,C++14 (GCC 5.4.1),cpp,Accepted,1,256,450,
s986007127,p02982,u535008646,1562547946,C++,C++14 (GCC 5.4.1),cpp,Accepted,1,256,520,
s909535520,p02982,u619197965,1562547945,Python,PyPy3 (2.4.0),py,Accepted,184,38384,322,
s684396825,p02982,u968365254,1562547945,C++,C++14 (GCC 5.4.1),cpp,Accepted,1,256,720,
s544146707,p02982,u137747137,1562547945,C++,C++14 (GCC 5.4.1),cpp,Accepted,1,256,608,
s766864847,p02982,u862237347,1562547945,C++,C++14 (GCC 5.4.1),cpp,Accepted,1,256,731,
s909010771,p02982,u625893557,1562547945,C++,C++14 (GCC 5.4.1),cpp,Accepted,1,256,2536,
s245323736,p02982,u751550626,1562547945,C++,C++14 (GCC 5.4.1),cpp,Accepted,1,256,802,
s010448886,p02982,u977365687,1562547945,C++,C++14 (GCC 5.4.1),cpp,Accepted,1,256,685,
s217258028,p02982,u504322356,1562547945,C++,C++14 (GCC 5.4.1),cpp,Accepted,1,256,798,
s969264563,p02982,u337775536,1562547945,C++,C++14 (GCC 5.4.1),cpp,Accepted,1,256,2157,
s891813639,p02982,u853947407,1562547944,C++,C++14 (GCC 5.4.1),cpp,Accepted,1,256,613,
s782943662,p02982,u675296835,1562547944,C++,C++14 (GCC 5.4.1),cpp,Accepted,1,256,8025,
s615950098,p02982,u485550995,1562547944,C++,C++14 (GCC 5.4.1),cpp,Accepted,2,1280,1279,
s963954424,p02982,u455656648,1562547944,C++,C++14 (GCC 5.4.1),cpp,Wrong Answer,1,256,366,
s398018889,p02982,u524492594,1562547944,C++,C++14 (GCC 5.4.1),cpp,Accepted,1,256,2583,
s445365163,p02982,u780122303,1562547944,C++,C++14 (GCC 5.4.1),cpp,Accepted,1,256,1189,
s429182441,p02982,u698176039,1562547944,Python,Python (3.4.3),py,Accepted,18,3064,378,
s327326234,p02982,u024809932,1562547943,C++,C++14 (GCC 5.4.1),cpp,Accepted,1,256,606,
s962377793,p02982,u765391939,1562547943,C++,C++14 (GCC 5.4.1),cpp,Accepted,1,256,398,
s783234918,p02982,u424103788,1562547943,C++,C++14 (GCC 5.4.1),cpp,Accepted,1,256,636,
s903709154,p02982,u769237842,1562547943,C++,C++14 (GCC 5.4.1),cpp,Accepted,3,768,787,
s636502089,p02982,u761320129,1562547942,Python,Python (3.4.3),py,Accepted,62,3060,290,
s188232321,p02982,u712630284,1562547942,C++,C++14 (GCC 5.4.1),cpp,Accepted,1,256,1703,
s843075153,p02982,u920156500,1562547942,C++,C++14 (GCC 5.4.1),cpp,Accepted,1,256,2126,
s496376243,p02982,u883546077,1562547941,C++,C++14 (GCC 5.4.1),cpp,Accepted,1,256,1107,
s427013419,p02982,u891178744,1562547941,C++,C++14 (GCC 5.4.1),cpp,Accepted,1,256,1253,
s915546005,p02982,u454087021,1562547941,C++,C++14 (GCC 5.4.1),cpp,Accepted,1,256,461,
s650079853,p02982,u492131209,1562547940,C++,C++14 (GCC 5.4.1),cpp,Accepted,1,256,772,
s428256452,p02982,u764076797,1562547940,C++,C++14 (GCC 5.4.1),cpp,Accepted,2,640,1131,
s625763924,p02982,u532966492,1562547940,Python,Python (3.4.3),py,Accepted,18,3188,286,
s763322717,p02982,u404459933,1562547940,Python,PyPy3 (2.4.0),py,Accepted,170,38384,412,
s573371996,p02982,u062147869,1562547940,Python,PyPy3 (2.4.0),py,Wrong Answer,174,39152,339,
s658376802,p02982,u608862204,1562547940,C++,C++14 (GCC 5.4.1),cpp,Compile Error,,,726,
s657838497,p02982,u997523678,1562547940,C++,C++14 (GCC 5.4.1),cpp,Accepted,1,384,826,
s819316848,p02982,u603253967,1562547940,Python,Python (3.4.3),py,Accepted,24,3700,537,
s234562795,p02982,u952437626,1562547939,C++,C++14 (GCC 5.4.1),cpp,Accepted,1,256,586,
s604962083,p02982,u707524027,1562547939,C++,C++14 (GCC 5.4.1),cpp,Accepted,1,256,1815,
s594025310,p02982,u258323901,1562547939,C++,C++14 (GCC 5.4.1),cpp,Accepted,1,256,979,
s404303919,p02982,u050607149,1562547938,C++,C++14 (GCC 5.4.1),cpp,Wrong Answer,1,256,1298,
s746453881,p02982,u900015623,1562547938,Java,Java8 (OpenJDK 1.8.0),java,Accepted,110,25044,968,
s879919187,p02982,u497596438,1562547938,Python,PyPy3 (2.4.0),py,Accepted,166,38384,316,
s887351981,p02982,u508729896,1562547938,C++,C++14 (GCC 5.4.1),cpp,Accepted,4,384,520,
s016288974,p02982,u606919221,1562547937,C++,C++14 (GCC 5.4.1),cpp,Accepted,1,256,803,
s684995003,p02982,u231685196,1562547937,Python,Python (3.4.3),py,Wrong Answer,331,22648,857,
s476313304,p02982,u038084150,1562547936,Java,Java8 (OpenJDK 1.8.0),java,Accepted,72,21460,4560,
s884642655,p02982,u179760090,1562547936,C++,C++14 (GCC 5.4.1),cpp,Accepted,1,256,1482,
s492467371,p02982,u769201746,1562547936,Java,Java8 (OpenJDK 1.8.0),java,Accepted,73,21844,3216,
s400137293,p02982,u294159462,1562547936,C++,C++14 (GCC 5.4.1),cpp,Accepted,1,256,1094,
s610319657,p02982,u537859408,1562547936,C++,C++14 (GCC 5.4.1),cpp,Accepted,1,256,2344,
s315419675,p02982,u221372861,1562547935,C++,C++14 (GCC 5.4.1),cpp,Accepted,1,256,487,
s972155484,p02982,u569367525,1562547935,C++,C++14 (Clang 3.8.0),cpp,Accepted,1,256,998,
s203831263,p02982,u676042970,1562547935,C++,C++14 (GCC 5.4.1),cpp,Accepted,1,256,913,
s880959430,p02982,u619819312,1562547934,Python,PyPy3 (2.4.0),py,Accepted,169,38384,285,
s520834980,p02982,u424655672,1562547934,C++,C++14 (GCC 5.4.1),cpp,Accepted,1,256,960,
s704982828,p02982,u005899600,1562547934,C++,C++14 (GCC 5.4.1),cpp,Accepted,1,256,1237,
s570415701,p02982,u920510951,1562547934,C++,C++14 (GCC 5.4.1),cpp,Accepted,3,512,939,
s699243711,p02982,u882868478,1562547934,Nim,Nim (0.13.0),nim,Accepted,1,256,519,
s504468238,p02982,u810616694,1562547933,C++,C++14 (GCC 5.4.1),cpp,Accepted,1,256,888,
s201711169,p02982,u236433947,1562547933,C++,C++14 (GCC 5.4.1),cpp,Accepted,2,256,1883,
s283708653,p02982,u011129112,1562547932,C++,C++14 (GCC 5.4.1),cpp,Accepted,1,256,619,
s185976265,p02982,u041513069,1562547932,C++,C++14 (GCC 5.4.1),cpp,Accepted,2,768,658,
s766068776,p02982,u693027786,1562547932,C++,C++14 (GCC 5.4.1),cpp,Accepted,2,384,864,
s834354590,p02982,u795058347,1562547931,C++,C++14 (GCC 5.4.1),cpp,Accepted,1,256,4479,
s805976750,p02982,u936555566,1562547931,C++,C++14 (GCC 5.4.1),cpp,Accepted,1,256,705,
s807564345,p02982,u900727536,1562547931,C++,C++14 (GCC 5.4.1),cpp,Accepted,1,256,6811,
s191271712,p02982,u521272340,1562547931,C++,C++14 (GCC 5.4.1),cpp,Accepted,8,23680,3419,
s020762491,p02982,u798339690,1562547931,C++,C++14 (GCC 5.4.1),cpp,Accepted,1,256,2027,
s460331769,p02982,u933068010,1562547931,C++,C++14 (GCC 5.4.1),cpp,Accepted,3,4992,3531,
s040376049,p02982,u376082984,1562547931,C++,C++14 (GCC 5.4.1),cpp,Accepted,1,256,3332,
s648269474,p02982,u352600849,1562547931,Lisp,Common Lisp (SBCL 1.1.14),l,Accepted,161,19048,3763,
s044103994,p02982,u848737670,1562547930,C++,C++14 (GCC 5.4.1),cpp,Accepted,1,256,465,
s969758543,p02982,u562935282,1562547930,Python,Python (3.4.3),py,Accepted,18,3188,335,
s096041488,p02982,u752224227,1562547930,C++,C++14 (GCC 5.4.1),cpp,Accepted,1,256,4054,
s438434965,p02982,u898331860,1562547930,C++,C++14 (GCC 5.4.1),cpp,Accepted,1,256,576,
s488597729,p02982,u094022977,1562547929,C++,C++14 (GCC 5.4.1),cpp,Accepted,2,768,1734,
s433194549,p02982,u839109522,1562547929,C++,C++14 (GCC 5.4.1),cpp,Accepted,1,256,498,
s621482105,p02982,u159208574,1562547929,C++,C++14 (GCC 5.4.1),cpp,Wrong Answer,1,256,2661,
s453530641,p02982,u072296885,1562547929,C++,C++14 (GCC 5.4.1),cpp,Accepted,1,256,1070,
s991392884,p02982,u093316595,1562547928,C++,C++14 (GCC 5.4.1),cpp,Accepted,6,14336,1334,
s375297662,p02982,u768334187,1562547928,C++,C++14 (GCC 5.4.1),cpp,Accepted,1,256,1731,
s884729822,p02982,u675503966,1562547927,Java,Java8 (OpenJDK 1.8.0),java,Accepted,77,23252,4034,
s557518494,p02982,u653187094,1562547927,C++,C++14 (GCC 5.4.1),cpp,Accepted,1,256,2072,
s340948791,p02982,u986276444,1562547926,C++,C++14 (GCC 5.4.1),cpp,Wrong Answer,1,256,1017,
s038993398,p02982,u228214259,1562547926,C++,C++14 (GCC 5.4.1),cpp,Accepted,1,256,784,
s845248614,p02982,u606045429,1562547925,Python,Python (3.4.3),py,Accepted,17,3188,359,
s867950074,p02982,u922901775,1562547925,Python,PyPy3 (2.4.0),py,Accepted,163,38256,965,
s797621546,p02982,u634209474,1562547925,C++,C++14 (GCC 5.4.1),cpp,Accepted,1,256,540,
s724413537,p02982,u276568758,1562547925,C++,C++14 (GCC 5.4.1),cpp,Accepted,1,256,1102,
s895474089,p02982,u301030835,1562547924,Python,Python (3.4.3),py,Accepted,18,3060,319,
s896801682,p02982,u645369394,1562547924,C++,C++14 (GCC 5.4.1),cpp,Accepted,1,256,540,
s821422694,p02982,u503211001,1562547924,C++,C++14 (GCC 5.4.1),cpp,Accepted,1,256,560,
s979276326,p02982,u558092537,1562547924,C++,C++14 (Clang 3.8.0),cpp,Accepted,1,256,1681,
s886128655,p02982,u900834830,1562547924,C++,C++14 (GCC 5.4.1),cpp,Accepted,1,256,1161,
s019411762,p02982,u783676040,1562547923,C++,C++14 (GCC 5.4.1),cpp,Accepted,1,256,902,
s675361057,p02982,u837390509,1562547923,C++,C++14 (GCC 5.4.1),cpp,Accepted,4,7296,851,
s156555034,p02982,u313427116,1562547923,C++,C++14 (GCC 5.4.1),cpp,Accepted,1,256,1043,
s262789550,p02982,u421430516,1562547922,C++,C++14 (GCC 5.4.1),cpp,Accepted,1,256,709,
s110605776,p02982,u774906517,1562547922,C++,C++14 (GCC 5.4.1),cpp,Accepted,1,256,1551,
s081075376,p02982,u986399983,1562547921,C++,C++14 (GCC 5.4.1),cpp,Accepted,1,256,1206,
s897836397,p02982,u722535636,1562547921,Python,Python (3.4.3),py,Accepted,17,3188,278,
s597315855,p02982,u933214067,1562547921,Python,Python (3.4.3),py,Accepted,348,22328,1009,
s828295915,p02982,u947805421,1562547921,Haskell,Haskell (GHC 7.10.3),hs,Accepted,1,508,632,
s880929807,p02982,u405923605,1562547921,C++,C++14 (GCC 5.4.1),cpp,Wrong Answer,1,256,895,
s397305804,p02982,u066337396,1562547921,Python,PyPy2 (5.6.0),py,Accepted,36,28012,471,
s859144053,p02982,u406407674,1562547921,Nim,Nim (0.13.0),nim,Accepted,1,764,1658,
s459572267,p02982,u923712635,1562547921,Python,Python (3.4.3),py,Accepted,17,3060,325,
s065896689,p02982,u268245868,1562547921,C++,C++14 (GCC 5.4.1),cpp,Accepted,1,256,2662,
s825697967,p02982,u957513998,1562547920,C++,C++14 (GCC 5.4.1),cpp,Accepted,1,256,979,
s656574493,p02982,u928673524,1562547920,C++,C++14 (GCC 5.4.1),cpp,Accepted,1,256,407,
s687581422,p02982,u493610446,1562547919,C++,C++14 (GCC 5.4.1),cpp,Accepted,1,256,1407,
s404049820,p02982,u143509139,1562547919,Python,Python (3.4.3),py,Accepted,17,3064,319,
s144043239,p02982,u621509943,1562547919,C++,C++14 (GCC 5.4.1),cpp,Accepted,1,256,447,
s644936997,p02982,u201234972,1562547919,Python,PyPy3 (2.4.0),py,Accepted,163,38384,299,
s708471480,p02982,u462437857,1562547918,C++,C++14 (GCC 5.4.1),cpp,Accepted,1,256,581,
s098270605,p02982,u108808596,1562547918,C++,C++14 (GCC 5.4.1),cpp,Accepted,1,256,2227,
s618117415,p02982,u874610744,1562547917,C++,C++14 (GCC 5.4.1),cpp,Accepted,1,256,716,
s970083750,p02982,u085110627,1562547917,C++,C++14 (GCC 5.4.1),cpp,Accepted,1,256,940,
s564958227,p02982,u543657872,1562547917,C++,C++14 (GCC 5.4.1),cpp,Accepted,1,256,803,
s740105547,p02982,u898651494,1562547916,C++,C++14 (GCC 5.4.1),cpp,Accepted,1,256,3289,
s217726202,p02982,u334624175,1562547916,C++,C++14 (Clang 3.8.0),cpp,Accepted,10,888,941,
s181098524,p02982,u554953477,1562547916,C++,C++14 (GCC 5.4.1),cpp,Accepted,1,256,1114,
s126332350,p02982,u726615467,1562547916,Python,Python (3.4.3),py,Accepted,17,3064,372,
s472661304,p02982,u197759960,1562547915,C++,C++14 (GCC 5.4.1),cpp,Accepted,1,256,1625,
s561464301,p02982,u862316882,1562547915,C++,C++14 (GCC 5.4.1),cpp,Accepted,1,256,1455,
s872287774,p02982,u245106490,1562547915,C++,C++14 (GCC 5.4.1),cpp,Accepted,1,128,960,
s888274294,p02982,u840813237,1562547914,C++,C++14 (GCC 5.4.1),cpp,Accepted,1,256,2113,
s762547785,p02982,u456353530,1562547914,Python,PyPy3 (2.4.0),py,Accepted,167,38384,282,
s761180669,p02982,u891465773,1562547914,C++,C++14 (GCC 5.4.1),cpp,Accepted,1,256,685,
s281154452,p02982,u646339490,1562547914,C++,C++14 (GCC 5.4.1),cpp,Accepted,1,256,662,
s654430722,p02982,u785521224,1562547912,Ruby,Ruby (2.3.3),rb,Accepted,7,1788,331,
s387561325,p02982,u254521846,1562547912,C++,C++14 (GCC 5.4.1),cpp,Accepted,1,256,3050,
s013714076,p02982,u788137651,1562547911,Python,PyPy3 (2.4.0),py,Accepted,165,38384,1596,
s852104353,p02982,u508834119,1562547911,C++,C++14 (GCC 5.4.1),cpp,Accepted,2,384,411,
s704541255,p02982,u164291925,1562547911,C++,C++14 (GCC 5.4.1),cpp,Accepted,1,256,789,
s869818410,p02982,u953587543,1562547911,C++,C++14 (GCC 5.4.1),cpp,Accepted,25,4992,1669,
s159641008,p02982,u643613120,1562547910,JavaScript,JavaScript (node.js v5.12),js,Accepted,244,22080,1193,
s267278360,p02982,u986437843,1562547910,C++,C++14 (GCC 5.4.1),cpp,Accepted,52,33152,96202,
s077590925,p02982,u218842729,1562547910,C++,C++14 (GCC 5.4.1),cpp,Accepted,1,256,1040,
s954470845,p02982,u633284019,1562547908,C++,C++14 (GCC 5.4.1),cpp,Accepted,1,256,3046,
s136916081,p02982,u079330987,1562547908,Ruby,Ruby (2.3.3),rb,Accepted,7,1788,220,
s780912787,p02982,u451748673,1562547908,C++,C++14 (GCC 5.4.1),cpp,Accepted,1,256,1367,
s455451905,p02982,u872959410,1562547908,C++,C++14 (GCC 5.4.1),cpp,Accepted,1,256,1622,
s997907883,p02982,u351568836,1562547907,C++,C++14 (GCC 5.4.1),cpp,Accepted,1,256,701,
s151104047,p02982,u587248350,1562547907,C++,C++14 (GCC 5.4.1),cpp,Accepted,1,256,1291,
s157901760,p02982,u965730380,1562547906,C++,C++14 (GCC 5.4.1),cpp,Accepted,1,256,1005,
s731908646,p02982,u594742844,1562547906,C++,C++14 (GCC 5.4.1),cpp,Accepted,1,256,455,
s027372150,p02982,u327466606,1562547905,Python,Python (3.4.3),py,Accepted,149,12500,285,
s617876438,p02982,u055148700,1562547905,C++,C++14 (GCC 5.4.1),cpp,Accepted,1,256,637,
s569553155,p02982,u452009494,1562547904,C++,C++14 (GCC 5.4.1),cpp,Accepted,1,256,1395,
s302233228,p02982,u774845108,1562547904,C#,C# (Mono 4.6.2.0),cs,Accepted,48,30560,1319,
s889662820,p02982,u268793453,1562547904,Python,Python (3.4.3),py,Accepted,18,3064,328,
s798735603,p02982,u845152373,1562547903,C++,C++14 (GCC 5.4.1),cpp,Accepted,1,256,709,
s297564014,p02982,u838261804,1562547902,C++,C++14 (GCC 5.4.1),cpp,Accepted,1,256,1202,
s861637936,p02982,u591883167,1562547902,C++,C++14 (GCC 5.4.1),cpp,Accepted,1,256,2234,
s411907079,p02982,u837479063,1562547901,C++,C++14 (GCC 5.4.1),cpp,Accepted,1,256,444,
s784273749,p02982,u375405838,1562547901,C++,C++14 (GCC 5.4.1),cpp,Accepted,1,256,2270,
s588205407,p02982,u840905163,1562547900,C++,C++14 (GCC 5.4.1),cpp,Accepted,1,256,2303,
s391627560,p02982,u807772568,1562547900,Python,PyPy3 (2.4.0),py,Accepted,167,38384,844,
s807047438,p02982,u063337050,1562547900,C++,C++14 (GCC 5.4.1),cpp,Accepted,1,256,1159,
s248563834,p02982,u179760090,1562547899,C++,C++14 (GCC 5.4.1),cpp,Wrong Answer,1,256,1479,
s567345686,p02982,u472675932,1562547899,C++,C++14 (GCC 5.4.1),cpp,Accepted,2,256,797,
s578855308,p02982,u050865477,1562547899,C++,C++14 (GCC 5.4.1),cpp,Accepted,1,256,2957,
s217772806,p02982,u047102107,1562547899,C++,C++14 (GCC 5.4.1),cpp,Accepted,1,256,733,
s174452239,p02982,u764058295,1562547899,C++,C++14 (GCC 5.4.1),cpp,Accepted,1,256,862,
s139372673,p02982,u506255180,1562547899,Ruby,Ruby (2.3.3),rb,Accepted,7,3836,351,
s777300683,p02982,u995997203,1562547899,C++,C++14 (GCC 5.4.1),cpp,Accepted,1,256,980,
s357635549,p02982,u527748649,1562547898,C++,C++14 (GCC 5.4.1),cpp,Accepted,3,256,698,
s049638958,p02982,u022832318,1562547898,C++,C++14 (GCC 5.4.1),cpp,Accepted,1,256,808,
s989974029,p02982,u776338097,1562547898,Python,Python (3.4.3),py,Runtime Error,18,3064,364,
s316552103,p02982,u219475690,1562547897,C++,C++14 (GCC 5.4.1),cpp,Accepted,1,256,844,
s007013596,p02982,u015514760,1562547897,C++,C++14 (GCC 5.4.1),cpp,Accepted,3,384,625,
s521918014,p02982,u745250049,1562547896,C++,C++14 (GCC 5.4.1),cpp,Accepted,1,256,1573,
s079164708,p02982,u756088996,1562547895,C++,C++14 (GCC 5.4.1),cpp,Accepted,1,256,1090,
s446238066,p02982,u470542271,1562547895,Python,Python (3.4.3),py,Accepted,882,21892,366,
s045660563,p02982,u381052328,1562547892,C++,C++14 (GCC 5.4.1),cpp,Accepted,1,256,898,
s968306877,p02982,u794173881,1562547892,Python,PyPy3 (2.4.0),py,Accepted,177,38384,346,
s848288725,p02982,u088893297,1562547891,C++,C++14 (GCC 5.4.1),cpp,Accepted,1,256,982,
s304978882,p02982,u449722246,1562547891,C++,C++14 (GCC 5.4.1),cpp,Accepted,1,256,665,
s589858704,p02982,u425248533,1562547890,C,C (GCC 5.4.1),c,Accepted,1,128,801,
s926238806,p02982,u379947938,1562547890,C++,C++14 (GCC 5.4.1),cpp,Accepted,2,256,1189,
s942343528,p02982,u027861917,1562547890,Java,Java8 (OpenJDK 1.8.0),java,Accepted,83,21332,2988,
s703288260,p02982,u179970156,1562547889,C++,C++14 (GCC 5.4.1),cpp,Accepted,1,256,453,
s156245336,p02982,u166306121,1562547889,Python,PyPy3 (2.4.0),py,Accepted,303,66156,1927,
s527335749,p02982,u163320134,1562547889,Python,Python (3.4.3),py,Accepted,17,3064,269,
s048712087,p02982,u041401317,1562547889,Python,Python (3.4.3),py,Accepted,17,3188,416,
s044290521,p02982,u133391510,1562547888,C++,C++14 (GCC 5.4.1),cpp,Accepted,1,256,673,
s867688476,p02982,u004424779,1562547888,C++,C++14 (GCC 5.4.1),cpp,Accepted,1,256,2481,
s893833914,p02982,u695811449,1562547888,Python,Python (3.4.3),py,Accepted,17,3060,286,
s649187499,p02982,u003019316,1562547887,C++,C++14 (GCC 5.4.1),cpp,Accepted,1,256,501,
s983081763,p02982,u348155686,1562547887,C++,C++14 (GCC 5.4.1),cpp,Accepted,2,384,1183,
s717303577,p02982,u535413433,1562547885,C++,C++14 (GCC 5.4.1),cpp,Accepted,1,256,960,
s275609391,p02982,u217098314,1562547885,C++,C++14 (GCC 5.4.1),cpp,Accepted,1,256,895,
s088746718,p02982,u918714262,1562547885,C++,C++14 (GCC 5.4.1),cpp,Accepted,1,256,3020,
s573726618,p02982,u136869985,1562547885,C++,C++14 (GCC 5.4.1),cpp,Accepted,1,256,668,
s694940913,p02982,u215860196,1562547884,C++,C++14 (GCC 5.4.1),cpp,Accepted,1,256,717,
s291945426,p02982,u075012704,1562547884,Python,Python (3.4.3),py,Accepted,17,3188,329,
s739187522,p02982,u827581253,1562547884,C++,C++14 (GCC 5.4.1),cpp,Accepted,1,256,436,
s042366597,p02982,u412908746,1562547884,C++,C++14 (GCC 5.4.1),cpp,Accepted,1,256,638,
s544179094,p02982,u413886749,1562547884,C++,C++14 (GCC 5.4.1),cpp,Accepted,3,640,1135,
s858226239,p02982,u297109012,1562547883,Python,Python (3.4.3),py,Accepted,17,3188,451,
s731969485,p02982,u905715926,1562547883,C++,C++14 (GCC 5.4.1),cpp,Accepted,1,256,977,
s686955867,p02982,u247904511,1562547883,C++,C++14 (GCC 5.4.1),cpp,Accepted,1,256,1607,
s119824337,p02982,u912359563,1562547883,C++,C++14 (GCC 5.4.1),cpp,Accepted,25,4992,952,
s760457868,p02982,u355335354,1562547882,C++,C++14 (GCC 5.4.1),cpp,Accepted,1,256,1570,
s087300947,p02982,u134519179,1562547882,C++,C++14 (GCC 5.4.1),cpp,Accepted,2,256,616,
s444001912,p02982,u017298112,1562547881,Rust,Rust (1.15.1),rs,Accepted,2,4352,2594,
s365284212,p02982,u811604715,1562547881,C++,C++14 (GCC 5.4.1),cpp,Accepted,1,256,956,
s767937139,p02982,u947883560,1562547880,Python,Python (3.4.3),py,Accepted,18,3064,842,
s896254480,p02982,u640323045,1562547879,C++,C++14 (GCC 5.4.1),cpp,Wrong Answer,1,256,976,
s658126366,p02982,u254456372,1562547879,C++,C++14 (GCC 5.4.1),cpp,Accepted,1,256,61674,
s128646020,p02982,u022783151,1562547879,C#,C# (Mono 4.6.2.0),cs,Accepted,28,13268,3640,
s897810918,p02982,u800551451,1562547879,C++,C++14 (GCC 5.4.1),cpp,Accepted,1,256,1440,
s085404198,p02982,u806661586,1562547879,C++,C++14 (GCC 5.4.1),cpp,Accepted,3,4224,744,
s218732286,p02982,u923279197,1562547878,Python,PyPy3 (2.4.0),py,Accepted,169,39280,399,
s730943033,p02982,u269963329,1562547877,C++,C++14 (GCC 5.4.1),cpp,Accepted,1,256,558,
s801111816,p02982,u824337972,1562547876,C++,C++14 (GCC 5.4.1),cpp,Accepted,1,256,1254,
s104465531,p02982,u292456136,1562547876,C++,C++14 (GCC 5.4.1),cpp,Accepted,1,256,2121,
s348296608,p02982,u268516119,1562547876,Python,Python (3.4.3),py,Accepted,17,3064,288,
s483628051,p02982,u341957179,1562547875,C++,C++14 (GCC 5.4.1),cpp,Accepted,1,256,684,
s467920078,p02982,u896034488,1562547875,C++,C++14 (GCC 5.4.1),cpp,Accepted,1,256,1172,
s420434393,p02982,u844133200,1562547874,C++,C++14 (Clang 3.8.0),cpp,Accepted,6,888,954,
s781932480,p02982,u907194047,1562547873,C++,C++14 (GCC 5.4.1),cpp,Accepted,1,256,1310,
s676134486,p02982,u308590217,1562547871,C++,C++14 (GCC 5.4.1),cpp,Accepted,1,256,675,
s029475865,p02982,u456065785,1562547871,C++,C++14 (GCC 5.4.1),cpp,Accepted,1,256,692,
s406445240,p02982,u670376790,1562547871,Java,Java8 (OpenJDK 1.8.0),java,Accepted,174,25556,3325,
s533576745,p02982,u118797367,1562547870,C++,C++14 (GCC 5.4.1),cpp,Accepted,2,384,564,
s571452980,p02982,u403301154,1562547870,Python,Python (3.4.3),py,Accepted,17,3188,278,
s948854530,p02982,u006686215,1562547870,C++,C++14 (GCC 5.4.1),cpp,Accepted,1,256,1570,
s683323944,p02982,u352642493,1562547870,C++,C++14 (GCC 5.4.1),cpp,Accepted,1,256,803,
s958658197,p02982,u624678037,1562547870,C++,C++14 (GCC 5.4.1),cpp,Accepted,1,256,776,
s396384718,p02982,u876335718,1562547869,C++,C++14 (GCC 5.4.1),cpp,Wrong Answer,1,256,1486,
s380574965,p02982,u226155577,1562547869,Python,Python (3.4.3),py,Accepted,20,3060,271,
s417090911,p02982,u687214625,1562547869,C++,C++14 (GCC 5.4.1),cpp,Accepted,2,768,696,
s449526542,p02982,u930898631,1562547869,C++,C++14 (GCC 5.4.1),cpp,Accepted,1,384,937,
s704371187,p02982,u521455622,1562547869,C++,C++14 (GCC 5.4.1),cpp,Accepted,1,256,1173,
s286299020,p02982,u553927381,1562547868,C++,C++14 (GCC 5.4.1),cpp,Accepted,1,256,932,
s750905585,p02982,u096883693,1562547868,C++,C++14 (GCC 5.4.1),cpp,Accepted,1,256,796,
s991337695,p02982,u063043074,1562547868,C++,C++14 (GCC 5.4.1),cpp,Accepted,1,256,1134,
s904281166,p02982,u443010331,1562547868,C++,C++14 (GCC 5.4.1),cpp,Accepted,1,256,2157,
s031109692,p02982,u236170018,1562547867,C++,C++14 (GCC 5.4.1),cpp,Accepted,1,256,1651,
s573473255,p02982,u997521090,1562547867,Python,Python (2.7.6),py,Accepted,14,2812,540,
s745125490,p02982,u259053514,1562547867,C++,C++14 (GCC 5.4.1),cpp,Accepted,1,256,25146,
s607048334,p02982,u352499693,1562547866,C++,C++14 (GCC 5.4.1),cpp,Accepted,1,256,750,
s541679855,p02982,u657913472,1562547866,Pascal,Pascal (FPC 2.6.2),pas,Accepted,0,128,344,
s128723152,p02982,u196497077,1562547866,C++,C++14 (GCC 5.4.1),cpp,Accepted,1,256,952,
s583952484,p02982,u728334433,1562547865,C++,C++14 (GCC 5.4.1),cpp,Accepted,1,256,2453,
s221273247,p02982,u676029460,1562547865,C++,C++14 (GCC 5.4.1),cpp,Accepted,1,256,597,
s842584374,p02982,u277556971,1562547865,C++,C++14 (GCC 5.4.1),cpp,Accepted,1,256,2398,
s887231401,p02982,u016572066,1562547864,C++,C++14 (GCC 5.4.1),cpp,Accepted,1,256,1320,
s905438050,p02982,u832023241,1562547863,C++,C++14 (GCC 5.4.1),cpp,Accepted,1,256,613,
s347075727,p02982,u229842440,1562547863,C++,C++14 (GCC 5.4.1),cpp,Accepted,1,256,1041,
s619455361,p02982,u483277935,1562547863,C++,C++14 (GCC 5.4.1),cpp,Accepted,1,256,887,
s892691114,p02982,u713368169,1562547862,C++,C++14 (GCC 5.4.1),cpp,Accepted,2,384,712,
s955533801,p02982,u842401785,1562547861,C++,C++14 (GCC 5.4.1),cpp,Accepted,1,256,936,
s110944110,p02982,u558299650,1562547860,C++,C++14 (GCC 5.4.1),cpp,Accepted,1,256,3440,
s966148685,p02982,u928041186,1562547860,C++,C++14 (GCC 5.4.1),cpp,Accepted,2,512,2879,
s154381292,p02982,u711985352,1562547859,C++,C++14 (GCC 5.4.1),cpp,Accepted,1,256,1097,
s353009097,p02982,u273957331,1562547858,C++,C++14 (GCC 5.4.1),cpp,Accepted,1,256,2501,
s999991151,p02982,u942813425,1562547857,C++,C++14 (GCC 5.4.1),cpp,Accepted,1,256,946,
s388529103,p02982,u265881782,1562547856,C++,C++14 (GCC 5.4.1),cpp,Accepted,1,256,563,
s304900879,p02982,u450339194,1562547851,Python,Python (3.4.3),py,Accepted,17,3064,483,
s698944721,p02982,u765393825,1562547851,C++,C++14 (GCC 5.4.1),cpp,Accepted,1,256,1445,
s023423644,p02982,u938301018,1562547851,C++,C++14 (GCC 5.4.1),cpp,Accepted,1,256,790,
s088415072,p02982,u345794450,1562547850,C++,C++14 (GCC 5.4.1),cpp,Accepted,4,1152,929,
s982287201,p02982,u020225116,1562547849,C++,C++14 (GCC 5.4.1),cpp,Accepted,1,256,571,
s651063378,p02982,u214617707,1562547846,Python,Python (3.4.3),py,Accepted,18,3188,342,
s051848135,p02982,u319282133,1562547845,C++,C++14 (GCC 5.4.1),cpp,Accepted,2,256,516,
s858239586,p02982,u608965386,1562547845,C++,C++14 (GCC 5.4.1),cpp,Accepted,1,256,1776,
s543510026,p02982,u393512980,1562547844,Python,Python (3.4.3),py,Accepted,18,3064,333,
s996264177,p02982,u981808900,1562547843,Java,Java8 (OpenJDK 1.8.0),java,Accepted,111,23764,827,
s247936563,p02982,u886956383,1562547843,C++,C++14 (GCC 5.4.1),cpp,Accepted,1,256,576,
s908024375,p02982,u756659922,1562547842,C++,C++14 (GCC 5.4.1),cpp,Accepted,1,256,351,
s040429324,p02982,u131020584,1562547842,C++,C++14 (GCC 5.4.1),cpp,Accepted,2,256,1685,
s129421119,p02982,u314396879,1562547841,C++,C++14 (GCC 5.4.1),cpp,Accepted,4,512,586,
s467817383,p02982,u899635344,1562547841,C++,C++14 (GCC 5.4.1),cpp,Accepted,1,256,1726,
s838310369,p02982,u585482323,1562547839,Python,PyPy3 (2.4.0),py,Accepted,377,115320,1213,
s514920788,p02982,u375267383,1562547838,C++,C++14 (GCC 5.4.1),cpp,Accepted,1,256,4344,
s317878023,p02982,u364618491,1562547838,C++,C++14 (GCC 5.4.1),cpp,Accepted,1,256,2365,
s678015861,p02982,u219786796,1562547835,C++,C++14 (GCC 5.4.1),cpp,Accepted,1,256,1248,
s015408754,p02982,u524343822,1562547834,C++,C++14 (GCC 5.4.1),cpp,Accepted,1,256,2140,
s223805059,p02982,u114354092,1562547833,C++,C++14 (GCC 5.4.1),cpp,Accepted,1,256,2537,
s298815914,p02982,u942774736,1562547831,C++,C++14 (GCC 5.4.1),cpp,Accepted,1,256,548,
s194714917,p02982,u722777218,1562547830,C++,C++14 (GCC 5.4.1),cpp,Accepted,1,256,890,
s033667774,p02982,u572468811,1562547830,C++,C++14 (GCC 5.4.1),cpp,Accepted,1,256,1520,
s908206014,p02982,u984730891,1562547829,C++,C++14 (GCC 5.4.1),cpp,Accepted,1,256,770,
s754117994,p02982,u962966398,1562547829,C++,C++14 (GCC 5.4.1),cpp,Accepted,1,256,2599,
s843900097,p02982,u812771098,1562547823,C++,C++14 (GCC 5.4.1),cpp,Accepted,2,768,1033,
s644441585,p02982,u212904724,1562547823,C++,C++14 (GCC 5.4.1),cpp,Accepted,1,256,1246,
s927360703,p02982,u854869949,1562547823,C++,C++14 (GCC 5.4.1),cpp,Accepted,1,256,623,
s103544315,p02982,u509125770,1562547823,C#,C# (Mono 4.6.2.0),cs,Accepted,22,13268,3907,
s827835097,p02982,u450494974,1562547823,C++,C++14 (GCC 5.4.1),cpp,Accepted,1,256,805,
s534844218,p02982,u911537358,1562547822,Python,PyPy3 (2.4.0),py,Accepted,165,38512,610,
s366528051,p02982,u814026219,1562547822,Crystal,Crystal (0.20.5),cr,Accepted,2,636,267,
s012070179,p02982,u333917945,1562547821,C++,C++14 (GCC 5.4.1),cpp,Accepted,1,256,2243,
s541023100,p02982,u721367699,1562547820,C++,C++14 (GCC 5.4.1),cpp,Accepted,1,256,944,
s502942826,p02982,u951704061,1562547820,C++,C++14 (GCC 5.4.1),cpp,Accepted,2,256,1571,
s337923389,p02982,u656572785,1562547820,C++,C++14 (GCC 5.4.1),cpp,Accepted,1,256,732,
s831976196,p02982,u157322125,1562547819,C++,C++14 (GCC 5.4.1),cpp,Accepted,1,256,625,
s278459125,p02982,u925940521,1562547819,C++,C++14 (GCC 5.4.1),cpp,Accepted,1,256,8235,
s020643557,p02982,u759266806,1562547818,C++,C++14 (GCC 5.4.1),cpp,Accepted,1,256,1853,
s484295956,p02982,u061916079,1562547816,C++,C++14 (GCC 5.4.1),cpp,Accepted,8,384,5217,
s560219331,p02982,u189906860,1562547814,C++,C++14 (GCC 5.4.1),cpp,Accepted,1,256,1057,
s057639208,p02982,u568652083,1562547814,C++,C++14 (GCC 5.4.1),cpp,Accepted,1,256,2134,
s826964823,p02982,u944838431,1562547813,C++,C++14 (GCC 5.4.1),cpp,Accepted,1,256,862,
s030950915,p02982,u898331860,1562547813,C++,C++14 (GCC 5.4.1),cpp,Wrong Answer,1,256,549,
s171917947,p02982,u379822620,1562547811,C++,C++14 (GCC 5.4.1),cpp,Accepted,1,256,1019,
s228473289,p02982,u777468981,1562547810,C++,C++14 (GCC 5.4.1),cpp,Accepted,1,256,542,
s290210528,p02982,u915020369,1562547809,C++,C++14 (GCC 5.4.1),cpp,Accepted,1,256,1395,
s471327369,p02982,u112723190,1562547808,C++,C++14 (GCC 5.4.1),cpp,Accepted,1,256,1529,
s688603789,p02982,u869282786,1562547807,C++,C++14 (GCC 5.4.1),cpp,Accepted,1,256,892,
s772818239,p02982,u357265888,1562547807,C++,C++14 (GCC 5.4.1),cpp,Accepted,1,256,1051,
s205026156,p02982,u181736559,1562547807,Rust,Rust (1.15.1),rs,Accepted,3,8572,45125,
s450712737,p02982,u734519000,1562547807,C++,C++14 (GCC 5.4.1),cpp,Accepted,2,256,608,
s025306750,p02982,u172873334,1562547805,C++,C++14 (GCC 5.4.1),cpp,Accepted,1,256,7099,
s425859906,p02982,u333945892,1562547805,Python,Python (3.4.3),py,Accepted,300,21352,643,
s311451264,p02982,u269963329,1562547805,C++,C++14 (GCC 5.4.1),cpp,Wrong Answer,2,256,570,
s828370762,p02982,u410358766,1562547805,C++,C++14 (GCC 5.4.1),cpp,Accepted,1,256,468,
s597183803,p02982,u895641117,1562547804,C++,C++14 (GCC 5.4.1),cpp,Accepted,1,256,1904,
s232354894,p02982,u564847900,1562547803,C#,C# (Mono 4.6.2.0),cs,Wrong Answer,30,13524,858,
s104721776,p02982,u956400481,1562547803,C++,C++14 (GCC 5.4.1),cpp,Accepted,1,256,1724,
s577984536,p02982,u844891589,1562547802,C++,C++14 (GCC 5.4.1),cpp,Accepted,1,256,767,
s463667531,p02982,u563201135,1562547802,C++,C++14 (GCC 5.4.1),cpp,Accepted,1,256,509,
s474808015,p02982,u781091740,1562547801,C++,C++14 (GCC 5.4.1),cpp,Accepted,1,256,1176,
s118670235,p02982,u075551644,1562547799,C++,C++14 (GCC 5.4.1),cpp,Accepted,1,256,3749,
s123036954,p02982,u803848678,1562547796,Python,PyPy3 (2.4.0),py,Accepted,167,38384,314,
s198040645,p02982,u820262277,1562547795,C++,C++11 (GCC 4.8.1),cpp,Accepted,5,636,18983,
s467046385,p02982,u832039789,1562547794,Python,Python (3.4.3),py,Accepted,17,3188,429,
s950304658,p02982,u722628899,1562547792,C++,C++14 (GCC 5.4.1),cpp,Accepted,1,256,629,
s661635516,p02982,u115662578,1562547791,C++,C++14 (GCC 5.4.1),cpp,Accepted,1,256,664,
s723923268,p02982,u235155157,1562547790,C++,C++14 (GCC 5.4.1),cpp,Accepted,1,256,1029,
s398343929,p02982,u471289663,1562547788,C++,C++14 (GCC 5.4.1),cpp,Accepted,1,256,1224,
s679561770,p02982,u110464018,1562547788,C++,C++14 (GCC 5.4.1),cpp,Accepted,1,256,1477,
s307064061,p02982,u382163500,1562547786,C,C (GCC 5.4.1),c,Accepted,1,128,1021,
s909353611,p02982,u834777932,1562547783,C++,C++14 (GCC 5.4.1),cpp,Accepted,2,768,8426,
s667915964,p02982,u763881112,1562547778,C++,C++14 (GCC 5.4.1),cpp,Accepted,1,256,1223,
s327673398,p02982,u294531924,1562547774,C++,C++14 (GCC 5.4.1),cpp,Accepted,1,256,1442,
s931086452,p02982,u536580583,1562547771,C++,C++14 (GCC 5.4.1),cpp,Accepted,1,256,578,
s232824179,p02982,u279196402,1562547770,C++,C++14 (GCC 5.4.1),cpp,Accepted,1,256,4770,
s338660588,p02982,u200785298,1562547763,Python,Python (3.4.3),py,Accepted,18,3188,790,
s963474355,p02982,u462560753,1562547758,C++,C++14 (GCC 5.4.1),cpp,Accepted,1,256,1017,
s706463473,p02982,u610441939,1562547757,C++,C++14 (GCC 5.4.1),cpp,Accepted,2,1280,688,
s462178110,p02982,u119714109,1562547756,Python,Python (3.4.3),py,Accepted,18,3064,507,
s305116065,p02982,u006493569,1562547754,C++,C++14 (GCC 5.4.1),cpp,Accepted,1,256,620,
s062326119,p02982,u545022164,1562547745,C++,C++14 (GCC 5.4.1),cpp,Accepted,1,256,1293,
s910871183,p02982,u452725238,1562547732,C++,C++14 (GCC 5.4.1),cpp,Accepted,1,256,993,
s962376612,p02982,u591343832,1562547729,C++,C++14 (GCC 5.4.1),cpp,Accepted,1,256,4918,
s313860121,p02982,u287015418,1562547688,C++,C++14 (GCC 5.4.1),cpp,Accepted,1,256,1329,
s760029700,p02982,u109256064,1562547675,C++,C++14 (GCC 5.4.1),cpp,Accepted,1,256,1016,
