submission_id,problem_id,user_id,date,language,original_language,filename_ext,status,cpu_time,memory,code_size,accuracy
s113348485,p03866,u043443359,1601514516,C++,C++ (GCC 9.2.1),cpp,Accepted,105,23508,12806,
s019216165,p03866,u043443359,1601514409,C++,C++ (GCC 9.2.1),cpp,Wrong Answer,110,23576,12808,
s602275596,p03866,u043443359,1601514234,C++,C++ (GCC 9.2.1),cpp,Wrong Answer,111,23372,12805,
s461149375,p03866,u043443359,1601514110,C++,C++ (GCC 9.2.1),cpp,Wrong Answer,49,21228,12803,
s242178603,p03866,u043443359,1601514054,C++,C++ (GCC 9.2.1),cpp,Wrong Answer,50,21340,12801,
s664803716,p03866,u043443359,1601514000,C++,C++ (GCC 9.2.1),cpp,Wrong Answer,2265,56572,12799,
s529938821,p03866,u043443359,1601513833,C++,C++ (GCC 9.2.1),cpp,Wrong Answer,2257,56272,12705,
s274168847,p03866,u043443359,1601513805,C++,C++ (GCC 9.2.1),cpp,Compile Error,,,13617,
s191689569,p03866,u043443359,1601513769,C++,C++ (GCC 9.2.1),cpp,Wrong Answer,2257,56384,12705,
s457449823,p03866,u175112171,1601459865,C++,C++ (GCC 9.2.1),cpp,Accepted,51,18992,1607,
s987507472,p03866,u175112171,1601459805,C++,C++ (GCC 9.2.1),cpp,Wrong Answer,30,11132,1617,
s787222774,p03866,u378583253,1601450018,C++,C++ (GCC 9.2.1),cpp,Accepted,27,11736,1630,
s548978958,p03866,u378583253,1601449956,C++,C++ (GCC 9.2.1),cpp,Wrong Answer,29,11764,1634,
s560208214,p03866,u378583253,1601449824,C++,C++ (GCC 9.2.1),cpp,Runtime Error,122,11720,1630,
s464944942,p03866,u060970529,1601435444,C++,C++ (GCC 9.2.1),cpp,Accepted,27,3852,1513,
s096966898,p03866,u224232591,1601424419,C++,C++ (GCC 9.2.1),cpp,Accepted,28,3908,1490,
s958422507,p03866,u224232591,1601424263,C++,C++ (GCC 9.2.1),cpp,Wrong Answer,27,3884,1472,
s082988910,p03866,u224232591,1601423686,C++,C++ (GCC 9.2.1),cpp,Wrong Answer,18,3928,1423,
s386916521,p03866,u224232591,1601423642,C++,C++ (GCC 9.2.1),cpp,Wrong Answer,20,3904,1427,
s014916600,p03866,u601573968,1601423411,C++,C++ (Clang 10.0.0),cpp,Accepted,45,18908,2123,
s571889904,p03866,u601573968,1601423345,C++,C++ (Clang 10.0.0),cpp,Wrong Answer,44,18980,3015,
s939261280,p03866,u601573968,1601387568,C++,C++ (Clang 10.0.0),cpp,Wrong Answer,25,3380,1650,
s171039387,p03866,u601573968,1601386607,C++,C++ (Clang 10.0.0),cpp,Wrong Answer,33,3380,1651,
s240590093,p03866,u601573968,1601386317,C++,C++ (Clang 10.0.0),cpp,Wrong Answer,34,3380,1651,
s903915373,p03866,u223160139,1601377394,C++,C++ (GCC 9.2.1),cpp,Accepted,113,23744,5780,
s129895152,p03866,u642506891,1601371870,C++,C++ (GCC 9.2.1),cpp,Accepted,43,23636,6824,
s603515469,p03866,u655490856,1601369548,C++,C++ (GCC 9.2.1),cpp,Accepted,21,3860,2001,
s307039396,p03866,u320128666,1601361451,C++,C++ (GCC 9.2.1),cpp,Accepted,113,23736,1668,
s295600321,p03866,u072274941,1601351812,C++,C++ (GCC 9.2.1),cpp,Accepted,164,35960,3124,
s981098557,p03866,u072274941,1601351747,C++,C++ (GCC 9.2.1),cpp,Wrong Answer,158,35976,2936,
s123321818,p03866,u958029797,1601343005,C++,C++ (GCC 9.2.1),cpp,Accepted,24,3848,3360,
s482364490,p03866,u958029797,1601342843,C++,C++ (GCC 9.2.1),cpp,Wrong Answer,23,3868,3359,
s789896056,p03866,u958029797,1601342789,C++,C++ (GCC 9.2.1),cpp,Wrong Answer,24,3832,3352,
s106307818,p03866,u958029797,1601342660,C++,C++ (GCC 9.2.1),cpp,Compile Error,,,3352,
s114344985,p03866,u958029797,1601342519,C++,C++ (GCC 9.2.1),cpp,Wrong Answer,19,3900,3377,
s131849533,p03866,u958029797,1601342447,C++,C++ (GCC 9.2.1),cpp,Wrong Answer,18,3876,3325,
s557020976,p03866,u958029797,1601341711,C++,C++ (GCC 9.2.1),cpp,Wrong Answer,25,3828,3327,
s070101679,p03866,u308012928,1601339899,C++,C++ (Clang 10.0.0),cpp,Accepted,111,23204,1560,
s943643752,p03866,u350388631,1601335189,C++,C++ (GCC 9.2.1),cpp,Accepted,37,19808,5986,
s586356188,p03866,u350388631,1601335167,C++,C++ (GCC 9.2.1),cpp,Runtime Error,110,3912,5986,
s023900400,p03866,u844213925,1601332485,C++,C++ (GCC 9.2.1),cpp,Accepted,41,19624,3873,
s816715714,p03866,u844213925,1601332458,C++,C++ (GCC 9.2.1),cpp,Runtime Error,115,3692,3872,
s606653610,p03866,u844213925,1601332351,C++,C++ (GCC 9.2.1),cpp,Wrong Answer,43,19640,3871,
s725250163,p03866,u844213925,1601332330,C++,C++ (GCC 9.2.1),cpp,Runtime Error,107,3844,3870,
s580188640,p03866,u700218970,1601322646,C++,C++ (GCC 9.2.1),cpp,Accepted,36,19544,2909,
s064602769,p03866,u539145601,1601301103,C++,C++ (GCC 9.2.1),cpp,Accepted,171,27532,2195,
s920301689,p03866,u539145601,1601301065,C++,C++ (GCC 9.2.1),cpp,Wrong Answer,167,27480,2188,
s645255892,p03866,u539145601,1601300761,C++,C++ (GCC 9.2.1),cpp,Wrong Answer,161,27508,2143,
s188286228,p03866,u539145601,1601300505,C++,C++ (GCC 9.2.1),cpp,Wrong Answer,161,27472,2143,
s130413366,p03866,u183606119,1601299971,C++,C++ (GCC 9.2.1),cpp,Accepted,30,11640,2351,
s788568223,p03866,u183606119,1601299907,C++,C++ (GCC 9.2.1),cpp,Wrong Answer,35,11676,2339,
s558613511,p03866,u183606119,1601299706,C++,C++ (GCC 9.2.1),cpp,Wrong Answer,35,11720,2339,
s812880172,p03866,u183606119,1601298945,C++,C++ (GCC 9.2.1),cpp,Wrong Answer,34,11700,2270,
s044860980,p03866,u183606119,1601298729,C++,C++ (GCC 9.2.1),cpp,Wrong Answer,36,11676,2234,
s862069558,p03866,u943761541,1601285105,C++,C++ (GCC 9.2.1),cpp,Accepted,145,19832,1387,
s961198302,p03866,u994932838,1601152046,C++,C++ (GCC 9.2.1),cpp,Accepted,171,23888,1945,
s689856053,p03866,u994932838,1601151953,C++,C++ (GCC 9.2.1),cpp,Wrong Answer,48,20544,1946,
s799492715,p03866,u543584809,1600988493,C++,C++ (GCC 9.2.1),cpp,Accepted,113,23728,1609,
s161778195,p03866,u543584809,1600988436,C++,C++ (GCC 9.2.1),cpp,Compile Error,,,1605,
s812639965,p03866,u543584809,1600988130,C++,C++ (GCC 9.2.1),cpp,Accepted,116,23780,1611,
s001042919,p03866,u543584809,1600988072,C++,C++ (GCC 9.2.1),cpp,Accepted,111,23796,1646,
s835361437,p03866,u763881112,1600956549,C++,C++ (GCC 9.2.1),cpp,Accepted,109,23788,61641,
s234959980,p03866,u763881112,1600956521,C++,C++ (GCC 9.2.1),cpp,Accepted,175,44096,61620,
s124248974,p03866,u763881112,1600956204,C++,C++ (GCC 9.2.1),cpp,Wrong Answer,178,44112,61619,
s217611678,p03866,u763881112,1600956169,C++,C++ (GCC 9.2.1),cpp,Wrong Answer,188,44216,61610,
s611552408,p03866,u763881112,1600956025,C++,C++ (GCC 9.2.1),cpp,Accepted,112,23720,61653,
s068677567,p03866,u763881112,1600955976,C++,C++ (GCC 9.2.1),cpp,Compile Error,,,61718,
s886215741,p03866,u604329931,1600952744,C++,C++ (GCC 9.2.1),cpp,Accepted,577,23864,61078,
s521095411,p03866,u604329931,1600952285,C++,C++ (GCC 9.2.1),cpp,Accepted,1562,44268,61064,
s151873068,p03866,u119148115,1600929958,Python,PyPy3 (7.3.0),py,Accepted,924,129188,1163,
s700803634,p03866,u600300412,1600794794,C,C (GCC 9.2.1),c,Accepted,95,3120,1783,
s404359084,p03866,u600300412,1600794273,C,C (GCC 9.2.1),c,Time Limit Exceeded,2190,3044,1751,
s438275608,p03866,u600300412,1600794091,C,C (GCC 9.2.1),c,Wrong Answer,590,2552,1750,
s000646595,p03866,u600300412,1600793996,C,C (GCC 9.2.1),c,Wrong Answer,589,2580,1750,
s565109978,p03866,u707124227,1600713256,Python,PyPy3 (7.3.0),py,Accepted,182,84024,677,
s582899594,p03866,u095453583,1600641891,C++,C++ (GCC 9.2.1),cpp,Accepted,122,23896,64168,
s105249755,p03866,u842028864,1600399450,C++,C++ (GCC 9.2.1),cpp,Accepted,28,11760,8440,
s970372685,p03866,u842028864,1600399107,C++,C++ (GCC 9.2.1),cpp,Time Limit Exceeded,2206,11788,8585,
s698181760,p03866,u842028864,1600398867,C++,C++ (GCC 9.2.1),cpp,Time Limit Exceeded,2206,11772,8591,
s597662807,p03866,u842028864,1600398658,C++,C++ (GCC 9.2.1),cpp,Time Limit Exceeded,2206,11776,8597,
s100894330,p03866,u842028864,1600397841,C++,C++ (GCC 9.2.1),cpp,Time Limit Exceeded,2206,11704,8556,
s926011840,p03866,u607229598,1600395124,C++,C++ (GCC 9.2.1),cpp,Accepted,248,139152,5574,
s280561223,p03866,u607229598,1600394229,C++,C++ (GCC 9.2.1),cpp,Accepted,279,139120,5572,
s197013401,p03866,u070201429,1600371811,Python,Python (3.8.2),py,Accepted,331,9372,847,
s242140245,p03866,u070201429,1600369802,Python,PyPy3 (7.3.0),py,Accepted,99,74540,847,
s229892839,p03866,u070201429,1600368396,Python,PyPy3 (7.3.0),py,Accepted,823,117160,991,
s534250399,p03866,u070201429,1600367475,Python,PyPy3 (7.3.0),py,Accepted,806,131672,871,
s105320021,p03866,u302000346,1600359282,C++,C++ (Clang 10.0.0),cpp,Accepted,1472,7036,1773,
s501524544,p03866,u489823438,1600296759,C++,C++ (GCC 9.2.1),cpp,Accepted,97,21732,1588,
s844454834,p03866,u489823438,1600296720,C++,C++ (GCC 9.2.1),cpp,Wrong Answer,1100,26828,1647,
s141833363,p03866,u489823438,1600296211,C++,C++ (GCC 9.2.1),cpp,Wrong Answer,60,20452,1587,
s325743138,p03866,u489823438,1600295723,C++,C++ (GCC 9.2.1),cpp,Wrong Answer,55,20748,1587,
s209782929,p03866,u489823438,1600295536,C++,C++ (GCC 9.2.1),cpp,Wrong Answer,51,20528,1633,
s239192088,p03866,u489823438,1600295472,C++,C++ (GCC 9.2.1),cpp,Wrong Answer,45,19988,1644,
s430127663,p03866,u189479417,1600282128,Python,PyPy3 (7.3.0),py,Accepted,1119,199932,884,
s730595455,p03866,u189479417,1600281904,Python,Python (3.8.2),py,Time Limit Exceeded,2211,179484,884,
s422922219,p03866,u745514010,1600223445,Python,PyPy3 (7.3.0),py,Accepted,1008,218300,1154,
s410598637,p03866,u745514010,1600223375,Python,PyPy3 (7.3.0),py,Accepted,1107,215428,1107,
s460946236,p03866,u745514010,1600223276,Python,Python (3.8.2),py,Time Limit Exceeded,2212,171616,1107,
s481291811,p03866,u527652459,1600134599,C++,C++ (GCC 9.2.1),cpp,Accepted,190,44224,4690,
s861658163,p03866,u527652459,1600134295,C++,C++ (GCC 9.2.1),cpp,Wrong Answer,80,40064,4681,
s306877984,p03866,u328811800,1600018258,C++,C++ (GCC 9.2.1),cpp,Accepted,216,76336,2940,
s955926580,p03866,u328811800,1600017339,C++,C++ (GCC 9.2.1),cpp,Wrong Answer,213,76408,2942,
s473656041,p03866,u328811800,1600017300,C++,C++ (GCC 9.2.1),cpp,Wrong Answer,223,76296,2941,
s350276578,p03866,u266874640,1599731914,C++,C++ (GCC 9.2.1),cpp,Accepted,311,44728,2707,
s113288855,p03866,u266874640,1599731413,C++,C++ (GCC 9.2.1),cpp,Wrong Answer,321,44736,2533,
s426305747,p03866,u350836088,1599612250,C++,C++ (GCC 9.2.1),cpp,Accepted,191,52128,2045,
s458728320,p03866,u350836088,1599611982,C++,C++ (GCC 9.2.1),cpp,Wrong Answer,198,52176,1938,
s629696652,p03866,u023958502,1599541039,C++,C++ (GCC 9.2.1),cpp,Accepted,226,44256,1691,
s497101715,p03866,u340781749,1599375049,Python,Python (3.8.2),py,Accepted,1757,75424,671,
s713510650,p03866,u834777932,1599280614,C++,C++ (GCC 9.2.1),cpp,Accepted,16,3976,11174,
s419125154,p03866,u608258653,1599270568,C++,C++ (GCC 9.2.1),cpp,Accepted,100,7536,1491,
s756663195,p03866,u608258653,1599270427,C++,C++ (GCC 9.2.1),cpp,Wrong Answer,104,7544,1576,
s811941610,p03866,u608258653,1599270271,C++,C++ (GCC 9.2.1),cpp,Wrong Answer,102,7556,1597,
s341385658,p03866,u608258653,1599270205,C++,C++ (GCC 9.2.1),cpp,Wrong Answer,103,7548,1581,
s045354998,p03866,u608258653,1599269396,C++,C++ (GCC 9.2.1),cpp,Wrong Answer,23,3852,1620,
s454730115,p03866,u874947858,1599256873,C++,C++ (GCC 9.2.1),cpp,Accepted,110,23612,2385,
s569521058,p03866,u787139585,1599245091,C++,C++ (GCC 9.2.1),cpp,Accepted,244,67768,2488,
s894629194,p03866,u787139585,1599244738,C++,C++ (GCC 9.2.1),cpp,Wrong Answer,228,67900,2233,
s599986436,p03866,u787139585,1599244493,C++,C++ (GCC 9.2.1),cpp,Wrong Answer,236,67776,2233,
s169334286,p03866,u339419997,1599181366,C++,C++ (Clang 10.0.0),cpp,Accepted,114,23172,4496,
s725485149,p03866,u339419997,1599181233,C++,C++ (Clang 10.0.0),cpp,Time Limit Exceeded,2206,19456,4375,
s058219430,p03866,u339419997,1599181113,C++,C++ (Clang 10.0.0),cpp,Time Limit Exceeded,2206,19424,4312,
s027471683,p03866,u221285045,1599097477,C++,C++ (GCC 9.2.1),cpp,Accepted,121,31508,3694,
s037440654,p03866,u221285045,1599097367,C++,C++ (GCC 9.2.1),cpp,Wrong Answer,36,27644,3673,
s361497648,p03866,u221285045,1599097031,C++,C++ (GCC 9.2.1),cpp,Wrong Answer,115,31400,3667,
s565829376,p03866,u535803878,1599093877,Python,PyPy3 (7.3.0),py,Accepted,1121,177680,1091,
s373327810,p03866,u535803878,1599093788,Python,PyPy3 (7.3.0),py,Wrong Answer,1104,162076,1088,
s177763340,p03866,u535803878,1599093378,Python,PyPy3 (7.3.0),py,Time Limit Exceeded,2210,170116,1041,
s264643036,p03866,u535803878,1599093242,Python,PyPy3 (7.3.0),py,Time Limit Exceeded,2209,170968,1037,
s312748443,p03866,u535803878,1599093167,Python,PyPy2 (7.3.0),py,Time Limit Exceeded,2209,173996,1048,
s462477650,p03866,u371296527,1599080883,C++,C++ (GCC 9.2.1),cpp,Wrong Answer,2206,19508,1333,
s975889068,p03866,u371296527,1599080859,C++,C++ (Clang 10.0.0),cpp,Compile Error,,,1333,
s964429350,p03866,u988065215,1599065816,C++,C++ (GCC 9.2.1),cpp,Accepted,114,15264,2411,
s892474908,p03866,u988065215,1599065700,C++,C++ (GCC 9.2.1),cpp,Wrong Answer,118,15228,2409,
s973510934,p03866,u988065215,1599065598,C++,C++ (GCC 9.2.1),cpp,Wrong Answer,110,15380,2415,
s511641497,p03866,u988065215,1599065537,C++,C++ (GCC 9.2.1),cpp,Compile Error,,,2416,
s772012643,p03866,u802950476,1599063461,C++,C++ (GCC 9.2.1),cpp,Accepted,150,11656,2161,
s109566230,p03866,u802950476,1599063293,C++,C++ (GCC 9.2.1),cpp,Time Limit Exceeded,2206,11648,2005,
s707098960,p03866,u802950476,1599063171,C++,C++ (GCC 9.2.1),cpp,Time Limit Exceeded,2206,11648,2068,
s261186405,p03866,u757626242,1599061826,C++,C++ (GCC 9.2.1),cpp,Accepted,185,59588,8720,
s699235955,p03866,u845287944,1599014791,C++,C++ (Clang 10.0.0),cpp,Accepted,179,26804,1716,
s491490584,p03866,u845287944,1599014685,C++,C++ (Clang 10.0.0),cpp,Wrong Answer,217,18972,1704,
s471265111,p03866,u845287944,1599014213,C++,C++ (Clang 10.0.0),cpp,Wrong Answer,34,11200,1640,
s735314349,p03866,u678295385,1599010844,C++,C++ (GCC 9.2.1),cpp,Accepted,198,54172,1784,
s079591454,p03866,u678295385,1599010795,C++,C++ (GCC 9.2.1),cpp,Runtime Error,146,30760,1783,
s988731598,p03866,u276588887,1598899446,C++,C++ (GCC 9.2.1),cpp,Accepted,116,19704,7257,
s541776626,p03866,u707124227,1598819417,Python,Python (3.8.2),py,Accepted,615,33288,924,
s620053253,p03866,u707124227,1598819372,Python,PyPy3 (7.3.0),py,Accepted,153,83600,862,
s971194138,p03866,u157759251,1598740777,C++,C++ (GCC 9.2.1),cpp,Accepted,1461,48008,3165,
s266847767,p03866,u157759251,1598740404,C++,C++ (GCC 9.2.1),cpp,Wrong Answer,1455,47928,3067,
s558004028,p03866,u157759251,1598740054,C++,C++ (GCC 9.2.1),cpp,Wrong Answer,1175,47992,3034,
s395252844,p03866,u157759251,1598740012,C++,C++ (GCC 9.2.1),cpp,Wrong Answer,1042,47924,2981,
s763083186,p03866,u157759251,1598739910,C++,C++ (GCC 9.2.1),cpp,Wrong Answer,1051,48032,2981,
s726221600,p03866,u157759251,1598739847,C++,C++ (GCC 9.2.1),cpp,Compile Error,,,2950,
s091838139,p03866,u157759251,1598739805,C++,C++ (GCC 9.2.1),cpp,Wrong Answer,1319,48000,2947,
s418006480,p03866,u157759251,1598739748,C++,C++ (GCC 9.2.1),cpp,Wrong Answer,1344,48008,2972,
s773062301,p03866,u157759251,1598739691,C++,C++ (GCC 9.2.1),cpp,Wrong Answer,1347,48000,2964,
s402435842,p03866,u157759251,1598738192,C++,C++ (GCC 9.2.1),cpp,Wrong Answer,163,39616,2978,
s448655649,p03866,u157759251,1598738156,C++,C++ (GCC 9.2.1),cpp,Compile Error,,,2954,
s404701688,p03866,u157759251,1598737980,C++,C++ (GCC 9.2.1),cpp,Wrong Answer,161,39632,2985,
s126614323,p03866,u157759251,1598737738,C++,C++ (GCC 9.2.1),cpp,Wrong Answer,157,39676,2944,
s375707812,p03866,u157759251,1598737645,C++,C++ (GCC 9.2.1),cpp,Wrong Answer,161,39616,2943,
s238079542,p03866,u157759251,1598737471,C++,C++ (GCC 9.2.1),cpp,Wrong Answer,2207,39756,2936,
s704775155,p03866,u157759251,1598737433,C++,C++ (GCC 9.2.1),cpp,Wrong Answer,2207,39812,2936,
s422940593,p03866,u157759251,1598737385,C++,C++ (GCC 9.2.1),cpp,Wrong Answer,162,39624,2936,
s904115935,p03866,u157759251,1598737356,C++,C++ (GCC 9.2.1),cpp,Wrong Answer,152,39680,2936,
s373763895,p03866,u157759251,1598737013,C++,C++ (GCC 9.2.1),cpp,Wrong Answer,2207,39792,2906,
s611029059,p03866,u157759251,1598736813,C++,C++ (GCC 9.2.1),cpp,Wrong Answer,1146,58888,2908,
s180679301,p03866,u157759251,1598736580,C++,C++ (GCC 9.2.1),cpp,Wrong Answer,157,39608,2911,
s758147784,p03866,u157759251,1598736498,C++,C++ (GCC 9.2.1),cpp,Wrong Answer,128,22760,2905,
s983898998,p03866,u157759251,1598736449,C++,C++ (GCC 9.2.1),cpp,Wrong Answer,160,39644,2910,
s939961455,p03866,u564182781,1598726404,C++,C++ (GCC 9.2.1),cpp,Accepted,120,23888,3271,
s097461110,p03866,u599895318,1598722846,C++,C++ (GCC 9.2.1),cpp,Accepted,171,44208,2948,
s475456995,p03866,u145231176,1598653950,Python,PyPy3 (7.3.0),py,Accepted,991,127648,2410,
s414942941,p03866,u145231176,1598653869,Python,Python (3.8.2),py,Time Limit Exceeded,2207,42868,2410,
s462488020,p03866,u568652083,1598627668,C++,C++ (GCC 9.2.1),cpp,Accepted,110,23440,6148,
s790564186,p03866,u095453583,1598512133,C++,C++ (GCC 9.2.1),cpp,Accepted,129,25652,6795,
s291220327,p03866,u095453583,1598511990,C++,C++ (GCC 9.2.1),cpp,Wrong Answer,122,25604,6739,
s904542948,p03866,u673211643,1598475974,C++,C++ (GCC 9.2.1),cpp,Accepted,1134,27468,2855,
s973860441,p03866,u863370423,1598166707,C++,C++ (GCC 9.2.1),cpp,Accepted,105,20032,2063,
s729684194,p03866,u004707990,1598127733,C++,C++ (GCC 9.2.1),cpp,Accepted,687,15244,1447,
s111474330,p03866,u004707990,1598127457,C++,C++ (GCC 9.2.1),cpp,Wrong Answer,33,11620,1435,
s186077320,p03866,u714724786,1598104498,C++,C++ (GCC 9.2.1),cpp,Accepted,111,23788,4420,
s548397699,p03866,u863370423,1598064468,C++,C++ (GCC 9.2.1),cpp,Wrong Answer,43,19520,2725,
s954514501,p03866,u353919145,1598064344,C++,C++ (GCC 9.2.1),cpp,Wrong Answer,44,19516,2909,
s370144993,p03866,u816631826,1598063751,C++,C++ (GCC 9.2.1),cpp,Wrong Answer,46,19588,3063,
s793858307,p03866,u353919145,1598063618,C++,C++ (GCC 9.2.1),cpp,Accepted,391,11836,4088,
s237510122,p03866,u018679195,1598063544,C++,C++ (GCC 9.2.1),cpp,Wrong Answer,44,19644,3006,
s354250793,p03866,u353919145,1598063501,C,C (GCC 9.2.1),c,Compile Error,,,3006,
s583389270,p03866,u863370423,1598063451,C,C (GCC 9.2.1),c,Compile Error,,,1434,
s760764809,p03866,u361558096,1597902174,C++,C++ (GCC 9.2.1),cpp,Accepted,202,52356,1509,
s716246082,p03866,u115927976,1597886884,C++,C++ (GCC 9.2.1),cpp,Accepted,114,19288,2553,
s654299350,p03866,u045643130,1597806766,C++,C++ (GCC 9.2.1),cpp,Accepted,142,31828,3004,
s493238109,p03866,u045643130,1597803176,C++,C++ (GCC 9.2.1),cpp,Accepted,136,39680,2954,
s488323845,p03866,u045643130,1597802438,C++,C++ (GCC 9.2.1),cpp,Accepted,127,39656,2960,
s354267566,p03866,u045643130,1597800042,C++,C++ (GCC 9.2.1),cpp,Time Limit Exceeded,2206,15876,2972,
s713273221,p03866,u031240034,1597791635,C++,C++ (GCC 9.2.1),cpp,Accepted,139,19816,1163,
s749242296,p03866,u149915253,1597790650,C++,C++ (GCC 9.2.1),cpp,Accepted,543,23792,1773,
s293787515,p03866,u149915253,1597790523,C++,C++ (GCC 9.2.1),cpp,Accepted,544,23752,1773,
s994676758,p03866,u816631826,1597789672,C++,C++ (GCC 9.2.1),cpp,Accepted,538,23824,1821,
s740102270,p03866,u149915253,1597789601,C++,C++ (GCC 9.2.1),cpp,Accepted,406,23816,1888,
s411212332,p03866,u149915253,1597789275,C++,C++ (GCC 9.2.1),cpp,Accepted,536,23836,1888,
s905273018,p03866,u149915253,1597789150,C++,C++ (GCC 9.2.1),cpp,Accepted,1016,44192,1886,
s207436820,p03866,u149915253,1597789043,C++,C++ (GCC 9.2.1),cpp,Wrong Answer,1029,44232,1883,
s531325612,p03866,u149915253,1597788907,C++,C++ (GCC 9.2.1),cpp,Wrong Answer,1225,44288,1883,
s775728855,p03866,u149915253,1597788604,C++,C++ (GCC 9.2.1),cpp,Wrong Answer,1173,44288,1885,
s196397552,p03866,u149915253,1597787968,C++,C++ (GCC 9.2.1),cpp,Wrong Answer,410,23952,1821,
s115815360,p03866,u149915253,1597787536,C++,C++ (GCC 9.2.1),cpp,Wrong Answer,410,23924,1821,
s155574463,p03866,u353919145,1597787402,C++,C++ (GCC 9.2.1),cpp,Wrong Answer,543,23848,1821,
s322069851,p03866,u816631826,1597779114,C++,C++ (GCC 9.2.1),cpp,Accepted,45,19632,1320,
s165640683,p03866,u993557422,1597778872,C++,C++ (GCC 9.2.1),cpp,Accepted,43,19584,1466,
s880888312,p03866,u993557422,1597778807,C++,C++ (GCC 9.2.1),cpp,Runtime Error,115,17928,1377,
s662090303,p03866,u993557422,1597778773,C++,C++ (GCC 9.2.1),cpp,Compile Error,,,1383,
s403978445,p03866,u993557422,1597778563,C++,C++ (GCC 9.2.1),cpp,Runtime Error,105,17976,1377,
s357868470,p03866,u353919145,1597778482,C++,C++ (GCC 9.2.1),cpp,Runtime Error,111,17952,1377,
s710665624,p03866,u353919145,1597778393,C++,C++ (GCC 9.2.1),cpp,Wrong Answer,27,11684,1878,
s321027161,p03866,u816631826,1597777984,C++,C++ (GCC 9.2.1),cpp,Wrong Answer,32,10124,1374,
s621006147,p03866,u993557422,1597777883,C++,C++ (GCC 9.2.1),cpp,Wrong Answer,33,10104,1614,
s924622167,p03866,u993557422,1597777749,C++,C++ (GCC 9.2.1),cpp,Wrong Answer,28,10104,1372,
s249550125,p03866,u816631826,1597777698,C++,C++ (GCC 9.2.1),cpp,Wrong Answer,30,10112,1372,
s963460555,p03866,u018679195,1597777655,C++,C++ (GCC 9.2.1),cpp,Compile Error,,,1378,
s361999807,p03866,u353919145,1597729267,C++,C++ (GCC 9.2.1),cpp,Accepted,43,19624,1252,
s221926188,p03866,u089230684,1597705522,C++,C++ (GCC 9.2.1),cpp,Accepted,198,44724,1759,
s588319627,p03866,u863370423,1597705437,C++,C++ (GCC 9.2.1),cpp,Wrong Answer,57,38460,1759,
s908057488,p03866,u353919145,1597703876,C++,C++ (GCC 9.2.1),cpp,Accepted,1088,11180,1334,
s463118517,p03866,u353919145,1597703183,C++,C++ (GCC 9.2.1),cpp,Accepted,29,11736,2355,
s723401103,p03866,u353919145,1597703099,C++,C++ (GCC 9.2.1),cpp,Wrong Answer,28,11768,2357,
s009386193,p03866,u089230684,1597703034,C++,C++ (GCC 9.2.1),cpp,Accepted,28,11756,2356,
s036589932,p03866,u089230684,1597703029,C++,C++ (GCC 9.2.1),cpp,Accepted,550,15296,1484,
s295124605,p03866,u863370423,1597702941,C++,C++ (GCC 9.2.1),cpp,Wrong Answer,29,11764,2350,
s955734314,p03866,u018679195,1597702813,C++,C++ (GCC 9.2.1),cpp,Wrong Answer,27,11728,2350,
s849946324,p03866,u816631826,1597702770,C++,C++ (GCC 9.2.1),cpp,Wrong Answer,30,11724,2351,
s317257584,p03866,u089230684,1597702436,C++,C++ (GCC 9.2.1),cpp,Accepted,42,19616,2457,
s365857968,p03866,u816631826,1597702051,C++,C++ (GCC 9.2.1),cpp,Wrong Answer,44,19616,2429,
s082369743,p03866,u018679195,1597701949,C++,C++ (GCC 9.2.1),cpp,Wrong Answer,31,11704,2438,
s458778050,p03866,u353919145,1597701776,C++,C++ (GCC 9.2.1),cpp,Wrong Answer,31,11632,2444,
s939675853,p03866,u353919145,1597701682,C++,C++ (GCC 9.2.1),cpp,Runtime Error,108,11736,2441,
s320173048,p03866,u089230684,1597701582,C++,C++ (GCC 9.2.1),cpp,Wrong Answer,32,11748,2455,
s739639983,p03866,u816631826,1597701416,C++,C++ (GCC 9.2.1),cpp,Wrong Answer,30,11724,2428,
s065515148,p03866,u863370423,1597701278,C++,C++ (GCC 9.2.1),cpp,Wrong Answer,28,11732,2364,
s530066097,p03866,u816631826,1597701104,C++,C++ (GCC 9.2.1),cpp,Wrong Answer,40,19628,2342,
s397714103,p03866,u018679195,1597700966,C++,C++ (GCC 9.2.1),cpp,Wrong Answer,32,11752,2355,
s035835648,p03866,u089230684,1597700569,C++,C++ (GCC 9.2.1),cpp,Wrong Answer,27,11752,2354,
s151527524,p03866,u089230684,1597700423,C++,C++ (GCC 9.2.1),cpp,Wrong Answer,27,11648,2350,
s597728407,p03866,u816631826,1597699577,C++,C++ (GCC 9.2.1),cpp,Accepted,1895,3820,1106,
s024739227,p03866,u863370423,1597699192,C++,C++ (GCC 9.2.1),cpp,Time Limit Exceeded,2205,7568,1066,
s829804013,p03866,u816631826,1597699156,C++,C++ (GCC 9.2.1),cpp,Time Limit Exceeded,2205,7660,1069,
s377635486,p03866,u176645218,1597611073,Python,PyPy3 (7.3.0),py,Accepted,1783,229732,1092,
s663745551,p03866,u176645218,1597610738,Python,PyPy3 (7.3.0),py,Time Limit Exceeded,2212,229520,1092,
s367776763,p03866,u176645218,1597609107,Python,PyPy3 (7.3.0),py,Wrong Answer,2211,155584,1183,
s988803254,p03866,u176645218,1597608205,Python,PyPy3 (7.3.0),py,Time Limit Exceeded,2213,203288,818,
s801317463,p03866,u181950635,1597604701,C++,C++ (GCC 9.2.1),cpp,Accepted,160,40688,3158,
s425010638,p03866,u181950635,1597604607,C++,C++ (GCC 9.2.1),cpp,Wrong Answer,161,40708,3090,
s787101135,p03866,u501163846,1597370343,C++,C++ (GCC 9.2.1),cpp,Accepted,274,76712,1751,
s313257430,p03866,u503228842,1597349553,Python,PyPy3 (7.3.0),py,Accepted,955,127148,948,
s830043352,p03866,u503228842,1597349525,Python,Python (3.8.2),py,Time Limit Exceeded,2208,81332,948,
s950648652,p03866,u675296835,1597310984,C++,C++ (GCC 9.2.1),cpp,Accepted,229,98952,11912,
s297765711,p03866,u477320129,1597302144,Python,Python (3.8.2),py,Accepted,410,100664,1448,
s743296640,p03866,u477320129,1597301418,Python,Python (3.8.2),py,Accepted,433,100408,1442,
s093488698,p03866,u654470292,1597286137,Python,PyPy3 (7.3.0),py,Accepted,1048,196356,1972,
s609391410,p03866,u554988565,1597281425,C++,C++ (GCC 9.2.1),cpp,Accepted,648,24088,1699,
s745322459,p03866,u707124227,1597261217,Python,PyPy3 (7.3.0),py,Time Limit Exceeded,2148,130152,993,
s332038596,p03866,u707124227,1597261156,Python,PyPy3 (7.3.0),py,Time Limit Exceeded,2209,131632,683,
s900260068,p03866,u707124227,1597261037,Python,PyPy3 (7.3.0),py,Time Limit Exceeded,2208,130740,702,
s611726952,p03866,u707124227,1597260814,Python,PyPy3 (7.3.0),py,Time Limit Exceeded,2182,131636,761,
s078698456,p03866,u707124227,1597260720,Python,PyPy3 (7.3.0),py,Time Limit Exceeded,2091,131736,732,
s056127274,p03866,u707124227,1597260583,Python,PyPy3 (7.3.0),py,Time Limit Exceeded,2210,131304,710,
s220010704,p03866,u707124227,1597260332,Python,PyPy3 (7.3.0),py,Time Limit Exceeded,2201,131356,706,
s023235011,p03866,u707124227,1597259868,Python,PyPy3 (7.3.0),py,Wrong Answer,1936,125116,714,
s763333536,p03866,u707124227,1597259499,Python,PyPy3 (7.3.0),py,Time Limit Exceeded,2211,228744,827,
s036206034,p03866,u707124227,1597259282,Python,PyPy3 (7.3.0),py,Time Limit Exceeded,2212,228676,819,
s075287575,p03866,u707124227,1597258940,Python,PyPy3 (7.3.0),py,Time Limit Exceeded,2211,225864,781,
s383918245,p03866,u707124227,1597258531,Python,PyPy3 (7.3.0),py,Time Limit Exceeded,2211,226068,639,
s788931034,p03866,u707124227,1597258308,Python,Python (3.8.2),py,Time Limit Exceeded,2216,246344,649,
s049141274,p03866,u707124227,1597258291,Python,PyPy3 (7.3.0),py,Time Limit Exceeded,2216,305084,649,
s680566695,p03866,u841131859,1597250542,C++,C++ (GCC 9.2.1),cpp,Accepted,159,27460,1703,
s417644182,p03866,u816631826,1597249235,C++,C++ (GCC 9.2.1),cpp,Accepted,101,15360,1979,
s806196823,p03866,u281168735,1597220712,C++,C++ (GCC 9.2.1),cpp,Accepted,125,31884,12668,
s957811814,p03866,u399721252,1597194536,C++,C++ (GCC 9.2.1),cpp,Accepted,502,13832,5780,
s805458241,p03866,u399721252,1597192229,Python,PyPy3 (7.3.0),py,Time Limit Exceeded,2208,103604,1140,
s108835057,p03866,u399721252,1597192021,Python,PyPy3 (7.3.0),py,Runtime Error,2208,95168,1170,
s380351434,p03866,u399721252,1597191794,Python,PyPy3 (7.3.0),py,Time Limit Exceeded,2208,103368,1202,
s327961155,p03866,u399721252,1597191693,Python,PyPy3 (7.3.0),py,Time Limit Exceeded,2208,94948,1202,
s400332840,p03866,u399721252,1597191321,Python,Python (3.8.2),py,Time Limit Exceeded,2207,54452,1202,
s108680578,p03866,u412908746,1597105503,C++,C++ (GCC 9.2.1),cpp,Accepted,110,23460,1643,
s280428479,p03866,u412908746,1597105424,C++,C++ (GCC 9.2.1),cpp,Wrong Answer,50,21252,1649,
s901678085,p03866,u132452589,1597045612,C++,C++ (GCC 9.2.1),cpp,Accepted,670,11260,1353,
s962253776,p03866,u132452589,1597045231,C++,C++ (GCC 9.2.1),cpp,Wrong Answer,674,11268,1333,
s067183032,p03866,u680707192,1596946014,C++,C++ (GCC 9.2.1),cpp,Accepted,105,23588,2425,
s000680610,p03866,u997325490,1596941746,C++,C++ (GCC 9.2.1),cpp,Accepted,273,137172,3475,
s038789439,p03866,u083494782,1596935665,C++,C++ (GCC 9.2.1),cpp,Accepted,190,38864,1590,
s666662551,p03866,u535803878,1596836555,Python,Python (3.8.2),py,Accepted,1072,81184,817,
s884344944,p03866,u535803878,1596836431,Python,PyPy3 (7.3.0),py,Time Limit Exceeded,2210,169860,1048,
s010546690,p03866,u535803878,1596834661,Python,PyPy3 (7.3.0),py,Time Limit Exceeded,2211,235168,1048,
s998142813,p03866,u535803878,1596834524,Python,PyPy3 (7.3.0),py,Time Limit Exceeded,2212,235172,1013,
s179564967,p03866,u915913072,1596764583,C++,C++ (GCC 9.2.1),cpp,Accepted,110,23796,1206,
s724747727,p03866,u804594341,1596685280,C++,C++ (GCC 9.2.1),cpp,Accepted,999,81780,1677,
s124682969,p03866,u712768978,1596673302,C++,C++ (GCC 9.2.1),cpp,Accepted,1047,44124,2278,
s491018833,p03866,u712768978,1596673010,C++,C++ (GCC 9.2.1),cpp,Wrong Answer,162,36300,2279,
s376130798,p03866,u712768978,1596672874,C++,C++ (GCC 9.2.1),cpp,Wrong Answer,161,36268,2279,
s301590905,p03866,u403404914,1596656428,C++,C++ (GCC 9.2.1),cpp,Accepted,42,19640,2116,
s784587559,p03866,u620639655,1596604952,D,D (DMD 2.091.0),d,Accepted,235,19212,1190,
s579148582,p03866,u543584809,1596548997,C++,C++ (GCC 9.2.1),cpp,Accepted,113,23784,1680,
s162651414,p03866,u455757400,1596541649,C++,C++ (GCC 9.2.1),cpp,Accepted,100,7332,1633,
s202379116,p03866,u455757400,1596511933,C++,C++ (GCC 9.2.1),cpp,Accepted,101,7556,1604,
s617340271,p03866,u513211419,1596462295,C++,C++ (GCC 9.2.1),cpp,Accepted,1031,19700,24216,
s694966822,p03866,u513211419,1596460790,C++,C++ (GCC 9.2.1),cpp,Accepted,115,23876,23316,
s466016157,p03866,u532573979,1596324344,C++,C++ (GCC 9.2.1),cpp,Accepted,187,44044,4175,
s823871817,p03866,u071680334,1596242672,Python,PyPy3 (7.3.0),py,Accepted,1995,130644,992,
s628604925,p03866,u071680334,1596242471,Python,PyPy3 (7.3.0),py,Time Limit Exceeded,2137,129532,1003,
s152055226,p03866,u071680334,1596242347,Python,PyPy3 (7.3.0),py,Time Limit Exceeded,2105,129492,995,
s818915035,p03866,u071680334,1596242215,Python,PyPy3 (7.3.0),py,Time Limit Exceeded,2151,130272,956,
s562225299,p03866,u071680334,1596238910,Python,PyPy3 (7.3.0),py,Time Limit Exceeded,2211,219396,1052,
s513874166,p03866,u071680334,1596238795,Python,PyPy3 (7.3.0),py,Time Limit Exceeded,2211,219396,1005,
s194650934,p03866,u071680334,1596238708,Python,Python (3.8.2),py,Time Limit Exceeded,2211,183120,1005,
s268606208,p03866,u853721692,1596221687,C++,C++ (GCC 9.2.1),cpp,Accepted,111,23480,2660,
s422889653,p03866,u240519642,1595916241,Rust,Rust (1.42.0),rs,Accepted,1259,22564,4347,
s667753485,p03866,u894312115,1595885853,C++,C++ (GCC 9.2.1),cpp,Accepted,1620,27524,1307,
s704859102,p03866,u894312115,1595885810,C++,C++ (GCC 9.2.1),cpp,Wrong Answer,323,19628,1286,
s376855828,p03866,u369520939,1595872903,C++,C++ (GCC 9.2.1),cpp,Accepted,112,23752,2894,
s114308382,p03866,u369520939,1595872252,C++,C++ (GCC 9.2.1),cpp,Wrong Answer,110,23764,2894,
s597735539,p03866,u369520939,1595871886,C++,C++ (GCC 9.2.1),cpp,Wrong Answer,40,19916,2891,
s015329850,p03866,u369520939,1595871815,C++,C++ (GCC 9.2.1),cpp,Wrong Answer,2206,19984,2899,
s347384546,p03866,u369520939,1595871527,C++,C++ (GCC 9.2.1),cpp,Wrong Answer,2206,19956,2899,
s282343814,p03866,u100858029,1595707334,C++,C++ (GCC 9.2.1),cpp,Accepted,115,23772,2461,
s521703939,p03866,u073015397,1595684267,C++,C++ (GCC 9.2.1),cpp,Accepted,42,19572,1375,
s944349209,p03866,u073015397,1595684210,C++,C++ (GCC 9.2.1),cpp,Wrong Answer,41,19560,1374,
s244945169,p03866,u422592877,1595601218,C++,C++ (GCC 9.2.1),cpp,Accepted,1659,7568,1523,
s616123197,p03866,u422592877,1595601172,C++,C++ (GCC 9.2.1),cpp,Wrong Answer,1654,7560,1512,
s513275830,p03866,u917282863,1595548692,C++,C++ (GCC 9.2.1),cpp,Accepted,109,23780,2730,
s796544296,p03866,u917282863,1595548589,C++,C++ (GCC 9.2.1),cpp,Wrong Answer,108,23816,2674,
s161440117,p03866,u917282863,1595548493,C++,C++ (GCC 9.2.1),cpp,Wrong Answer,164,44148,2764,
s419661514,p03866,u663333959,1595464395,Java,Java (OpenJDK 1.8.0),java,Accepted,392,51272,2979,
s514833207,p03866,u220214337,1595435796,C++,C++ (GCC 9.2.1),cpp,Accepted,222,35308,1750,
s116455887,p03866,u220214337,1595435270,C++,C++ (GCC 9.2.1),cpp,Wrong Answer,248,35344,1715,
s913022314,p03866,u220214337,1595435117,C++,C++ (GCC 9.2.1),cpp,Wrong Answer,199,35292,1713,
s200033751,p03866,u220214337,1595434763,C++,C++ (GCC 9.2.1),cpp,Wrong Answer,207,35248,1713,
s185220719,p03866,u220214337,1595434384,C++,C++ (GCC 9.2.1),cpp,Wrong Answer,2206,22940,1751,
s560962086,p03866,u550014122,1595301074,C++,C++ (GCC 9.2.1),cpp,Accepted,107,15284,2512,
s298602295,p03866,u855677173,1595189343,C++,C++ (GCC 9.2.1),cpp,Accepted,114,23236,2352,
s511050966,p03866,u781262926,1595155839,Python,Python (3.8.2),py,Accepted,974,75496,629,
s330499456,p03866,u313043608,1595097251,C++,C++ (GCC 9.2.1),cpp,Accepted,264,23436,2808,
s221231759,p03866,u313043608,1595096173,C++,C++ (GCC 9.2.1),cpp,Wrong Answer,98,21348,2811,
s718579202,p03866,u313043608,1595095655,C++,C++ (GCC 9.2.1),cpp,Wrong Answer,1274,1081292,2577,
s273062218,p03866,u102445737,1595046251,Python,PyPy3 (7.3.0),py,Accepted,1029,146820,1318,
s590425367,p03866,u102445737,1595045371,Python,PyPy3 (7.3.0),py,Time Limit Exceeded,2210,217164,1230,
s314251540,p03866,u943800443,1594902048,C,C (GCC 9.2.1),c,Accepted,40,17844,1677,
s861677783,p03866,u943800443,1594901695,C,C (GCC 9.2.1),c,Accepted,160,25648,2591,
s045137919,p03866,u478462004,1594835201,C++,C++ (GCC 9.2.1),cpp,Accepted,114,23344,2351,
s493915050,p03866,u371051907,1594787741,C++,C++ (GCC 9.2.1),cpp,Accepted,204,76516,2245,
s434103771,p03866,u712993629,1594785343,C++,C++ (GCC 9.2.1),cpp,Accepted,175,44080,3100,
s198159886,p03866,u813174766,1594784983,C++,C++ (GCC 9.2.1),cpp,Accepted,41,3840,1203,
s939659340,p03866,u512749016,1594733450,C++,C++ (GCC 9.2.1),cpp,Accepted,1353,135192,2068,
s693108582,p03866,u512749016,1594733358,C++,C++ (GCC 9.2.1),cpp,Time Limit Exceeded,2211,267252,2068,
s313626867,p03866,u512749016,1594733308,C++,C++ (GCC 9.2.1),cpp,Runtime Error,109,4196,2065,
s312001508,p03866,u047932856,1594733094,C++,C++ (GCC 9.2.1),cpp,Accepted,24,3916,1303,
s884623472,p03866,u512749016,1594732976,C++,C++ (GCC 9.2.1),cpp,Wrong Answer,598,36472,2634,
s357941992,p03866,u512749016,1594732640,C++,C++ (GCC 9.2.1),cpp,Memory Limit Exceeded,1839,556796,2413,
s508034882,p03866,u047932856,1594732568,C++,C++ (GCC 9.2.1),cpp,Wrong Answer,17,3884,1267,
s385843919,p03866,u512749016,1594732514,C++,C++ (GCC 9.2.1),cpp,Memory Limit Exceeded,1813,556808,2411,
s845699972,p03866,u047932856,1594732290,C++,C++ (GCC 9.2.1),cpp,Wrong Answer,18,3916,1267,
s044740860,p03866,u592686932,1594717394,C++,C++ (GCC 9.2.1),cpp,Accepted,568,23508,4105,
s106957344,p03866,u762193256,1594691924,C#,C# (.NET Core 3.1.201),cs,Accepted,354,65292,58811,
s575181973,p03866,u762193256,1594691700,C#,C# (.NET Core 3.1.201),cs,Time Limit Exceeded,2222,435224,58773,
s633149888,p03866,u374802266,1594688824,Python,PyPy3 (7.3.0),py,Wrong Answer,2213,206584,935,
s942476835,p03866,u374802266,1594688648,Python,Python (3.8.2),py,Wrong Answer,2211,166804,935,
s524406189,p03866,u802434195,1594666824,C++,C++ (GCC 9.2.1),cpp,Accepted,119,23580,6847,
s565481384,p03866,u802434195,1594666275,C++,C++ (GCC 9.2.1),cpp,Wrong Answer,195,43928,6730,
s941878095,p03866,u802434195,1594666042,C++,C++ (GCC 9.2.1),cpp,Wrong Answer,119,23656,6821,
s200697441,p03866,u180716041,1594564160,C++,C++ (GCC 9.2.1),cpp,Accepted,111,23736,2217,
s394811653,p03866,u145600939,1594287247,C++,C++ (GCC 9.2.1),cpp,Wrong Answer,2207,36108,1729,
s218212441,p03866,u145600939,1594286613,C++,C++ (GCC 9.2.1),cpp,Wrong Answer,2207,36172,1703,
s221242711,p03866,u145600939,1594283815,Python,PyPy3 (7.3.0),py,Accepted,1056,171696,812,
s450365451,p03866,u010279685,1594271537,Java,Java (OpenJDK 11.0.6),java,Accepted,250,41340,1176,
s315877871,p03866,u000120715,1594271536,C++,C++ (GCC 9.2.1),cpp,Accepted,31,3860,822,
s842062691,p03866,u929156598,1593904828,C++,C++ (GCC 9.2.1),cpp,Accepted,170,44160,1391,
s341894758,p03866,u929156598,1593904300,C++,C++ (GCC 9.2.1),cpp,Wrong Answer,41,19980,1356,
s145814710,p03866,u119974167,1593849153,C++,C++ (Clang 10.0.0),cpp,Accepted,121,7024,7822,
s395085709,p03866,u119974167,1593848762,C++,C++ (Clang 10.0.0),cpp,Time Limit Exceeded,2205,7052,7755,
s091755477,p03866,u119974167,1593848559,C++,C++ (Clang 10.0.0),cpp,Wrong Answer,1449,4912,7753,
s269536817,p03866,u564902833,1593825788,C++,C++ (GCC 9.2.1),cpp,Accepted,495,23712,4160,
s940558974,p03866,u564902833,1593825431,C++,C++ (GCC 9.2.1),cpp,Wrong Answer,497,23796,4116,
s483221729,p03866,u681557252,1593680124,C++,C++ (GCC 9.2.1),cpp,Accepted,34,19440,1680,
s132090537,p03866,u681557252,1593680012,C++,C++ (GCC 9.2.1),cpp,Wrong Answer,43,19508,1654,
s560416764,p03866,u691085355,1593619627,C++,C++ (GCC 9.2.1),cpp,Accepted,150,57240,3959,
s775371077,p03866,u691085355,1593619488,C++,C++ (GCC 9.2.1),cpp,Wrong Answer,156,57296,3935,
s553851535,p03866,u691085355,1593619428,C++,C++ (GCC 9.2.1),cpp,Wrong Answer,157,57216,3932,
s486790845,p03866,u691085355,1593619100,C++,C++ (GCC 9.2.1),cpp,Wrong Answer,161,57068,4384,
s736565126,p03866,u691085355,1593618931,C++,C++ (GCC 9.2.1),cpp,Wrong Answer,148,57152,4381,
s295652557,p03866,u104057163,1593563842,C++,C++ (GCC 9.2.1),cpp,Accepted,106,7576,4346,
s607914907,p03866,u717874235,1593545900,C++,C++ (GCC 9.2.1),cpp,Accepted,41,19736,2332,
s629906650,p03866,u068713120,1593486996,C++,C++ (GCC 9.2.1),cpp,Accepted,175,44240,2029,
s415796908,p03866,u916974091,1593443613,C++,C++ (GCC 9.2.1),cpp,Accepted,129,39700,3205,
s055793546,p03866,u424374375,1593369037,C++,C++ (GCC 9.2.1),cpp,Accepted,234,36212,1486,
s462912139,p03866,u694731294,1593304121,C++,C++ (GCC 9.2.1),cpp,Accepted,104,7400,2001,
s721947742,p03866,u694731294,1593303959,C++,C++ (GCC 9.2.1),cpp,Wrong Answer,103,7460,2001,
s129767640,p03866,u694731294,1593303885,C++,C++ (GCC 9.2.1),cpp,Wrong Answer,2205,3904,1966,
s611637249,p03866,u525560003,1593268765,C++,C++ (GCC 9.2.1),cpp,Accepted,125,37596,1770,
s398651520,p03866,u875291233,1593228409,Python,Python (3.8.2),py,Accepted,540,49812,1142,
s857124959,p03866,u590927341,1593223684,C++,C++ (GCC 9.2.1),cpp,Accepted,110,23504,3689,
s366493564,p03866,u875291233,1593221725,Python,Python (3.8.2),py,Wrong Answer,1125,63672,1171,
s626951300,p03866,u875291233,1593205837,Python,PyPy3 (7.3.0),py,Accepted,147,83648,967,
s415838070,p03866,u875291233,1593205429,Python,PyPy3 (7.3.0),py,Wrong Answer,140,81640,936,
s922768855,p03866,u873915460,1593201046,Python,PyPy3 (7.3.0),py,Accepted,260,101548,722,
s179249112,p03866,u419330815,1593150667,Rust,Rust (1.42.0),rs,Accepted,113,6164,4927,
s828235975,p03866,u419330815,1593150557,Rust,Rust (1.42.0),rs,Wrong Answer,112,6152,4919,
s451355707,p03866,u452157159,1593149603,C++,C++ (GCC 9.2.1),cpp,Accepted,306,19996,1844,
s489341299,p03866,u452157159,1593149529,C++,C++ (GCC 9.2.1),cpp,Wrong Answer,297,19956,1805,
s625935055,p03866,u225581241,1593109425,C++,C++ (GCC 9.2.1),cpp,Accepted,111,23772,3078,
s976092991,p03866,u364880574,1593101507,C++,C++ (Clang 10.0.0),cpp,Wrong Answer,2206,18872,1028,
s530206263,p03866,u364880574,1593100906,C++,C++ (Clang 10.0.0),cpp,Wrong Answer,2206,34676,1125,
s613167617,p03866,u364880574,1593100097,C++,C++ (Clang 10.0.0),cpp,Wrong Answer,2206,18648,1066,
s365909075,p03866,u364880574,1593099947,C++,C++ (Clang 10.0.0),cpp,Wrong Answer,2206,18812,1044,
s205590788,p03866,u364880574,1593099824,C++,C++ (Clang 10.0.0),cpp,Wrong Answer,2206,18828,1014,
s829669572,p03866,u364880574,1593099751,C++,C++ (Clang 10.0.0),cpp,Wrong Answer,923,11120,1004,
s876942662,p03866,u364880574,1593099346,C++,C++ (GCC 9.2.1),cpp,Wrong Answer,643,11728,1004,
s132900556,p03866,u364880574,1593099250,C++,C++ (Clang 10.0.0),cpp,Wrong Answer,937,11112,972,
s544660836,p03866,u364880574,1593098983,C++,C++ (GCC 9.2.1),cpp,Wrong Answer,682,11728,972,
s360162991,p03866,u291737417,1593098913,C++,C++ (Clang 10.0.0),cpp,Compile Error,,,961,
s849338705,p03866,u561231954,1593095681,Python,PyPy3 (7.3.0),py,Accepted,1023,167664,1064,
s826896134,p03866,u491484129,1593058170,C++,C++ (GCC 9.2.1),cpp,Accepted,124,19888,2148,
s644890896,p03866,u491484129,1593057941,C++,C++ (GCC 9.2.1),cpp,Wrong Answer,132,19924,2148,
s000528773,p03866,u498487134,1593038705,Python,PyPy3 (7.3.0),py,Accepted,1065,195768,4272,
s876945335,p03866,u826189900,1593026867,C++,C++ (GCC 9.2.1),cpp,Accepted,111,23424,2245,
s392225646,p03866,u826189900,1593026836,C++,C++ (GCC 9.2.1),cpp,Compile Error,,,2290,
s552562099,p03866,u826189900,1593026785,C++,C++ (GCC 9.2.1),cpp,Wrong Answer,163,36000,2275,
s354750754,p03866,u826189900,1593026705,C++,C++ (GCC 9.2.1),cpp,Wrong Answer,54,19864,2247,
s947924872,p03866,u826189900,1593026649,C++,C++ (GCC 9.2.1),cpp,Wrong Answer,44,19876,2284,
s675367102,p03866,u075012704,1592969774,Python,PyPy3 (7.3.0),py,Accepted,969,167000,1356,
s178925457,p03866,u075012704,1592969671,Python,PyPy3 (7.3.0),py,Accepted,1049,167080,1355,
s600369132,p03866,u075012704,1592969084,Python,PyPy3 (7.3.0),py,Time Limit Exceeded,2211,161024,1293,
s004602095,p03866,u075012704,1592968791,Python,PyPy3 (7.3.0),py,Time Limit Exceeded,2210,169332,1064,
s406584135,p03866,u324825702,1592951415,C++,C++ (GCC 9.2.1),cpp,Accepted,180,43940,3276,
s259757585,p03866,u780962115,1592848791,Python,PyPy3 (7.3.0),py,Accepted,1022,174332,1244,
s434811874,p03866,u163320134,1592688183,Python,Python (3.8.2),py,Accepted,1276,107292,481,
s596044942,p03866,u045547337,1592620577,C++,C++ (GCC 9.2.1),cpp,Accepted,177,44212,1360,
s065397061,p03866,u546925116,1592618042,C++,C++ (GCC 9.2.1),cpp,Accepted,27,10060,951,
s308465428,p03866,u160429264,1592607271,C++,C++ (GCC 9.2.1),cpp,Accepted,179,44276,2218,
s973790383,p03866,u513211419,1592502772,C++,C++14 (GCC 5.4.1),cpp,Wrong Answer,17,16000,20350,
s966221885,p03866,u513211419,1592502683,C++,C++14 (GCC 5.4.1),cpp,Accepted,1145,25964,20321,
s531369030,p03866,u656771711,1592444560,C++,C++14 (GCC 5.4.1),cpp,Accepted,108,10608,7641,
s082740084,p03866,u701929021,1592441154,C++,C++14 (GCC 5.4.1),cpp,Accepted,18,384,1525,
s878520521,p03866,u881359256,1592287109,Java,Java8 (OpenJDK 1.8.0),java,Accepted,908,111092,16818,
s450313575,p03866,u860546679,1592261999,C++,C++14 (GCC 5.4.1),cpp,Accepted,351,22956,2003,
s154090985,p03866,u860546679,1592261650,C++,C++14 (GCC 5.4.1),cpp,Wrong Answer,351,22700,1957,
s602577253,p03866,u914173586,1592236235,C++,C++14 (GCC 5.4.1),cpp,Accepted,23,13440,1658,
s557806243,p03866,u914173586,1592235495,C++,C++14 (GCC 5.4.1),cpp,Time Limit Exceeded,2296,632460,1587,
s023233485,p03866,u148700137,1592110107,C++,C++14 (GCC 5.4.1),cpp,Accepted,9,384,1834,
s721070321,p03866,u148700137,1592101527,C++,C++14 (GCC 5.4.1),cpp,Wrong Answer,18,384,1791,
s975259442,p03866,u084411645,1591998709,C++,C++14 (GCC 5.4.1),cpp,Accepted,18,256,886,
s278196043,p03866,u084411645,1591998612,C++,C++14 (GCC 5.4.1),cpp,Wrong Answer,16,256,868,
s388430789,p03866,u976833038,1591907678,C++,C++14 (GCC 5.4.1),cpp,Accepted,195,42604,1892,
s353094593,p03866,u476488060,1591839767,C++,C++14 (GCC 5.4.1),cpp,Accepted,133,14324,1568,
s664711458,p03866,u476488060,1591839679,C++,C++14 (GCC 5.4.1),cpp,Wrong Answer,69,10360,1563,
s668035284,p03866,u476488060,1591839532,C++,C++14 (GCC 5.4.1),cpp,Wrong Answer,69,10360,1537,
s621960575,p03866,u476488060,1591839391,C++,C++14 (GCC 5.4.1),cpp,Wrong Answer,96,18160,1548,
s182193044,p03866,u476488060,1591838769,C++,C++14 (GCC 5.4.1),cpp,Wrong Answer,135,24548,1507,
s721277232,p03866,u543584809,1591630336,C++,C++14 (GCC 5.4.1),cpp,Accepted,175,42092,1732,
s375091487,p03866,u543584809,1591630264,C++,C++14 (GCC 5.4.1),cpp,Compile Error,,,1722,
s843822679,p03866,u543584809,1591630177,C++,C++14 (GCC 5.4.1),cpp,Compile Error,,,1706,
s421123864,p03866,u272214079,1591568431,C++,C++14 (GCC 5.4.1),cpp,Accepted,22,16128,2116,
s136705721,p03866,u670898337,1591553074,C++,C++14 (GCC 5.4.1),cpp,Accepted,17,256,1350,
s993513108,p03866,u670898337,1591553016,C++,C++14 (GCC 5.4.1),cpp,Wrong Answer,39,32640,2021,
s926508121,p03866,u670898337,1591552844,C++,C++14 (GCC 5.4.1),cpp,Wrong Answer,35,32640,2007,
s653266057,p03866,u670898337,1591552711,C++,C++14 (GCC 5.4.1),cpp,Wrong Answer,35,32640,2008,
s912273536,p03866,u670898337,1591552449,C++,C++14 (GCC 5.4.1),cpp,Wrong Answer,96,32640,2020,
s325655740,p03866,u670898337,1591551914,C++,C++14 (GCC 5.4.1),cpp,Wrong Answer,97,32640,2019,
s481856060,p03866,u670898337,1591551776,C++,C++14 (GCC 5.4.1),cpp,Wrong Answer,1682,39680,2050,
s169186039,p03866,u557558723,1591492855,C++,C++14 (GCC 5.4.1),cpp,Accepted,44,32768,2186,
s531184647,p03866,u575802441,1591423904,C++,C++14 (GCC 5.4.1),cpp,Accepted,180,42544,2265,
s793534913,p03866,u521723672,1591421262,C++,C++14 (GCC 5.4.1),cpp,Accepted,1062,22000,3256,
s842561000,p03866,u550014122,1591416917,C++,C++14 (GCC 5.4.1),cpp,Accepted,114,14328,2788,
s704614200,p03866,u550014122,1591416777,C++,C++14 (GCC 5.4.1),cpp,Time Limit Exceeded,2104,14328,2751,
s729405817,p03866,u941977569,1591400629,C++,C++14 (GCC 5.4.1),cpp,Accepted,17,256,1361,
s483357433,p03866,u941977569,1591400589,C++,C++14 (GCC 5.4.1),cpp,Wrong Answer,214,512,1349,
s643149824,p03866,u324549724,1591395676,C++,C++14 (GCC 5.4.1),cpp,Accepted,108,22768,4203,
s541207999,p03866,u324549724,1591395592,C++,C++14 (GCC 5.4.1),cpp,Wrong Answer,185,42860,4193,
s427215569,p03866,u324549724,1591395378,C++,C++14 (GCC 5.4.1),cpp,Wrong Answer,109,22148,4162,
s886173583,p03866,u742529680,1591251637,C++,C++14 (GCC 5.4.1),cpp,Accepted,101,13936,2929,
s445054804,p03866,u742529680,1591251600,C++,C++14 (GCC 5.4.1),cpp,Wrong Answer,136,26604,2915,
s345172655,p03866,u742529680,1591251526,C++,C++14 (GCC 5.4.1),cpp,Wrong Answer,103,25324,2925,
s622317842,p03866,u742529680,1591251420,C++,C++14 (GCC 5.4.1),cpp,Wrong Answer,101,26604,2923,
s085039498,p03866,u078084391,1591238430,C++,C++14 (GCC 5.4.1),cpp,Accepted,115,22768,1681,
s847294031,p03866,u078084391,1591238179,C++,C++14 (GCC 5.4.1),cpp,Time Limit Exceeded,2104,22512,1622,
s687107642,p03866,u078084391,1591237952,C++,C++14 (GCC 5.4.1),cpp,Wrong Answer,567,17784,1619,
s965349874,p03866,u644972721,1591175662,Python,PyPy3 (2.4.0),py,Accepted,1618,177080,919,
s527794309,p03866,u644972721,1591175520,Python,PyPy3 (2.4.0),py,Wrong Answer,810,164360,918,
s785454838,p03866,u922487073,1591161004,Python,Python (3.4.3),py,Accepted,1358,63396,616,
s557037408,p03866,u922487073,1591160771,Python,Python (3.4.3),py,Time Limit Exceeded,2113,73116,635,
s102132228,p03866,u922487073,1591160701,Python,Python (3.4.3),py,Time Limit Exceeded,2113,71160,661,
s252883055,p03866,u751550626,1591080656,C++,C++14 (GCC 5.4.1),cpp,Accepted,113,22164,2110,
s393796608,p03866,u751550626,1591080550,C++,C++14 (GCC 5.4.1),cpp,Wrong Answer,114,22768,1973,
s010732691,p03866,u729337236,1591023838,C++,C++14 (GCC 5.4.1),cpp,Accepted,1016,8192,1772,
s374667080,p03866,u729337236,1591023717,C++,C++14 (GCC 5.4.1),cpp,Wrong Answer,1008,8192,1737,
s344569661,p03866,u896847891,1590874792,C++,C++14 (GCC 5.4.1),cpp,Accepted,163,42768,1361,
s607944943,p03866,u757584836,1590858255,C++,C++14 (GCC 5.4.1),cpp,Accepted,1495,42764,2544,
s881163872,p03866,u757584836,1590856799,C++,C++14 (GCC 5.4.1),cpp,Wrong Answer,44,33820,2506,
s660353767,p03866,u181719868,1590801989,C++,C++14 (GCC 5.4.1),cpp,Accepted,439,16000,2198,
s537037865,p03866,u562935282,1590724266,Python,Python (3.4.3),py,Accepted,910,23156,1223,
s947044203,p03866,u562935282,1590723957,Python,Python (3.4.3),py,Accepted,920,23924,1243,
s375654437,p03866,u562935282,1590721829,Python,Python (3.4.3),py,Wrong Answer,881,23540,1325,
s557625340,p03866,u562935282,1590721754,Python,Python (3.4.3),py,Wrong Answer,892,23540,1321,
s048401026,p03866,u562935282,1590721598,Python,Python (3.4.3),py,Accepted,1960,55496,1204,
s908023744,p03866,u562935282,1590721179,Python,Python (3.4.3),py,Wrong Answer,2107,53440,1137,
s520491510,p03866,u562935282,1590721007,Python,Python (3.4.3),py,Wrong Answer,2105,25976,1158,
s353349813,p03866,u562935282,1590720884,Python,Python (3.4.3),py,Wrong Answer,866,23540,1254,
s949958482,p03866,u562935282,1590719137,Python,Python (3.4.3),py,Wrong Answer,1390,113016,1273,
s486619394,p03866,u562935282,1590718717,Python,Python (3.4.3),py,Wrong Answer,2111,113872,1113,
s507349077,p03866,u562935282,1590717433,Python,Python (3.4.3),py,Wrong Answer,2111,113936,1099,
s939051132,p03866,u182326544,1590698767,C++,C++14 (GCC 5.4.1),cpp,Accepted,98,5892,2148,
s879215982,p03866,u073852194,1590635706,Python,PyPy3 (2.4.0),py,Accepted,1633,171288,2166,
s790921386,p03866,u073852194,1590635471,Python,PyPy3 (2.4.0),py,Wrong Answer,1585,175768,2063,
s030350738,p03866,u567906952,1590631106,C++,C++14 (GCC 5.4.1),cpp,Accepted,110,25072,2155,
s851639718,p03866,u759721333,1590624421,C++,C++14 (GCC 5.4.1),cpp,Accepted,172,42768,2161,
s503168154,p03866,u780962115,1590620395,Python,Python (3.4.3),py,Time Limit Exceeded,2112,139412,1244,
s131659177,p03866,u780962115,1590620303,Python,PyPy3 (2.4.0),py,Accepted,1260,129032,1243,
s627021605,p03866,u856232850,1590562982,C++,C++14 (GCC 5.4.1),cpp,Accepted,110,22640,3071,
s241780876,p03866,u033620890,1590506034,C++,C++14 (GCC 5.4.1),cpp,Wrong Answer,24,8192,1814,
s081085642,p03866,u033620890,1590505995,C++,C++14 (GCC 5.4.1),cpp,Accepted,101,13812,1837,
s496386931,p03866,u033620890,1590505900,C++,C++14 (GCC 5.4.1),cpp,Wrong Answer,25,8192,1810,
s353714325,p03866,u509368316,1590462050,Python,Python (3.4.3),py,Accepted,237,53776,462,
s591065548,p03866,u509368316,1590460038,Python,Python (3.4.3),py,Runtime Error,217,39340,453,
s596713649,p03866,u509368316,1590458493,Python,Python (3.4.3),py,Wrong Answer,2111,82952,435,
s440905093,p03866,u509368316,1590457987,Python,PyPy3 (2.4.0),py,Time Limit Exceeded,2114,107868,600,
s194418561,p03866,u509368316,1590457380,Python,Python (3.4.3),py,Time Limit Exceeded,2111,84868,418,
s351196066,p03866,u509368316,1590456237,Python,PyPy3 (2.4.0),py,Time Limit Exceeded,2111,108764,653,
s339139240,p03866,u187878098,1590370715,C++,C++14 (GCC 5.4.1),cpp,Accepted,104,22256,2171,
s888786822,p03866,u004311543,1590363445,C#,C# (Mono 4.6.2.0),cs,Accepted,181,62260,17220,
s970115080,p03866,u004311543,1590363299,C#,C# (Mono 4.6.2.0),cs,Wrong Answer,166,62132,20155,
s036708262,p03866,u004311543,1590363038,C#,C# (Mono 4.6.2.0),cs,Time Limit Exceeded,2112,64560,20135,
s057937707,p03866,u638456847,1590362950,Python,Python (3.4.3),py,Accepted,255,53204,807,
s560811685,p03866,u004311543,1590362778,C#,C# (Mono 4.6.2.0),cs,Wrong Answer,2111,70448,19766,
s457706670,p03866,u004311543,1590362661,C#,C# (Mono 4.6.2.0),cs,Wrong Answer,2112,85148,24597,
s937904033,p03866,u638456847,1590362628,Python,Python (3.4.3),py,Accepted,258,53172,801,
s162651558,p03866,u004311543,1590362500,C#,C# (Mono 4.6.2.0),cs,Wrong Answer,2117,68400,19750,
s545860400,p03866,u638456847,1590359625,Python,Python (3.4.3),py,Time Limit Exceeded,2112,129032,1218,
s301867466,p03866,u638456847,1590359492,Python,PyPy3 (2.4.0),py,Accepted,1335,125192,1218,
s474057297,p03866,u181719868,1590344884,C++,C++14 (GCC 5.4.1),cpp,Accepted,159,10224,6726,
s344609990,p03866,u529089914,1590270942,C++,C++14 (GCC 5.4.1),cpp,Wrong Answer,23,9212,1789,
s029073466,p03866,u529089914,1590270536,C++,C++14 (GCC 5.4.1),cpp,Wrong Answer,23,9212,1770,
s086389500,p03866,u529089914,1590269772,C++,C++14 (GCC 5.4.1),cpp,Wrong Answer,21,9212,1782,
s665619979,p03866,u529089914,1590268524,C++,C++14 (GCC 5.4.1),cpp,Wrong Answer,20,9212,1708,
s300837376,p03866,u088895504,1590211038,C++,C++14 (GCC 5.4.1),cpp,Accepted,97,6000,1488,
s335459623,p03866,u088895504,1590210588,C++,C++14 (GCC 5.4.1),cpp,Wrong Answer,27,2420,1479,
s244015821,p03866,u088895504,1590210240,C++,C++14 (GCC 5.4.1),cpp,Wrong Answer,27,2420,1469,
s070274480,p03866,u088895504,1590210182,C++,C++14 (Clang 3.8.0),cpp,Compile Error,,,1452,
s850096676,p03866,u088895504,1590210101,C++,C++14 (GCC 5.4.1),cpp,Compile Error,,,1452,
s147303339,p03866,u088895504,1590209963,C++,C++14 (GCC 5.4.1),cpp,Compile Error,,,1462,
s412744051,p03866,u930705402,1590169132,Python,PyPy3 (2.4.0),py,Accepted,1294,121820,772,
s760112937,p03866,u315542000,1590127027,C++,C++14 (GCC 5.4.1),cpp,Accepted,109,22804,1256,
s175503175,p03866,u315542000,1590126676,C++,C++14 (GCC 5.4.1),cpp,Wrong Answer,45,18712,1255,
s486715357,p03866,u315542000,1590126108,C++,C++14 (GCC 5.4.1),cpp,Wrong Answer,45,18712,1237,
s261593934,p03866,u315542000,1590125396,C++,C++14 (GCC 5.4.1),cpp,Wrong Answer,44,18712,1247,
s801430150,p03866,u674574659,1590120492,Python,PyPy3 (2.4.0),py,Accepted,438,84700,844,
s380195391,p03866,u674574659,1590118420,Python,Python (3.4.3),py,Runtime Error,2107,61040,894,
s924712061,p03866,u674574659,1590118303,Python,Python (3.4.3),py,Time Limit Exceeded,2107,61036,878,
s251841066,p03866,u529089914,1590117640,C++,C++14 (GCC 5.4.1),cpp,Wrong Answer,2104,18048,1597,
s993483239,p03866,u067237725,1590117297,C++,C++14 (GCC 5.4.1),cpp,Accepted,97,13940,3150,
s383585639,p03866,u818349438,1590116616,C++,C++14 (GCC 5.4.1),cpp,Accepted,106,22660,1953,
s643306955,p03866,u674574659,1590116366,Python,Python (3.4.3),py,Wrong Answer,2112,137588,815,
s354156282,p03866,u067237725,1590116041,C++,C++14 (GCC 5.4.1),cpp,Accepted,107,14068,3087,
s124063378,p03866,u119098168,1590115998,C++,C++14 (GCC 5.4.1),cpp,Accepted,105,13940,1573,
s022789728,p03866,u174404613,1590115949,C++,C++14 (GCC 5.4.1),cpp,Accepted,388,67300,1878,
s213506166,p03866,u119098168,1590115857,C++,C++14 (GCC 5.4.1),cpp,Wrong Answer,2107,1058900,1576,
s100281528,p03866,u174404613,1590115819,C++,C++14 (GCC 5.4.1),cpp,Wrong Answer,362,67192,1879,
s187522738,p03866,u174404613,1590115747,C++,C++14 (GCC 5.4.1),cpp,Wrong Answer,374,67064,1878,
s384429803,p03866,u119098168,1590115604,C++,C++14 (GCC 5.4.1),cpp,Wrong Answer,2143,650172,1382,
s730114791,p03866,u415325136,1590114913,C++,C++14 (GCC 5.4.1),cpp,Accepted,185,30712,2682,
s985382478,p03866,u338903636,1590114909,C++,C++14 (GCC 5.4.1),cpp,Accepted,117,38404,7648,
s497232458,p03866,u644907318,1590114733,Python,PyPy3 (2.4.0),py,Accepted,1609,94680,681,
s324451474,p03866,u392319141,1590114724,Python,Python (3.4.3),py,Wrong Answer,1192,45228,587,
s048241558,p03866,u489959379,1590114716,Python,PyPy3 (2.4.0),py,Accepted,528,91356,1408,
s802049710,p03866,u392319141,1590114685,Python,Python (3.4.3),py,Wrong Answer,1370,58916,614,
s119851379,p03866,u489959379,1590114675,Python,Python (3.4.3),py,Time Limit Exceeded,2105,25076,1408,
s557943150,p03866,u392319141,1590114597,Python,Python (3.4.3),py,Wrong Answer,1389,58884,609,
s336361619,p03866,u578775554,1590114581,Java,Java8 (OpenJDK 1.8.0),java,Accepted,156,32468,3333,
s696244216,p03866,u523698212,1590114522,C++,C++14 (GCC 5.4.1),cpp,Accepted,106,18288,1934,
s493897812,p03866,u415325136,1590114476,C++,C++14 (GCC 5.4.1),cpp,Wrong Answer,91,22164,1927,
s796118101,p03866,u338903636,1590114475,C++,C++14 (GCC 5.4.1),cpp,Wrong Answer,115,38276,7679,
s415804361,p03866,u392319141,1590114463,Python,Python (3.4.3),py,Wrong Answer,2109,17524,595,
s041457648,p03866,u523698212,1590114418,C++,C++14 (GCC 5.4.1),cpp,Wrong Answer,14,8064,1957,
s126115867,p03866,u392319141,1590114354,Python,Python (3.4.3),py,Wrong Answer,2109,26332,555,
s783826416,p03866,u523698212,1590114332,C++,C++14 (GCC 5.4.1),cpp,Time Limit Exceeded,2110,2092624,1840,
s364554363,p03866,u915797797,1590114189,C++,C++14 (GCC 5.4.1),cpp,Accepted,101,14324,2039,
s557245232,p03866,u338903636,1590114163,C++,C++14 (GCC 5.4.1),cpp,Wrong Answer,115,37508,7679,
s554360842,p03866,u338903636,1590114110,C++,C++14 (GCC 5.4.1),cpp,Wrong Answer,117,38404,7676,
s715738577,p03866,u674574659,1590114077,Python,Python (3.4.3),py,Time Limit Exceeded,2108,57320,727,
s268094878,p03866,u893584578,1590114066,C++,C++14 (GCC 5.4.1),cpp,Accepted,97,14192,1405,
s161741144,p03866,u786944534,1590114039,C#,C# (Mono 4.6.2.0),cs,Accepted,563,76204,11759,
s325463772,p03866,u814575783,1590113988,Go,Go (1.6),go,Accepted,583,28416,3055,
s158972373,p03866,u338903636,1590113912,C++,C++14 (GCC 5.4.1),cpp,Compile Error,,,7686,
s054440658,p03866,u340010271,1590113878,C++,C++14 (GCC 5.4.1),cpp,Accepted,833,13680,2607,
s919077111,p03866,u338903636,1590113725,C++,C++14 (GCC 5.4.1),cpp,Wrong Answer,118,38276,7536,
s817765561,p03866,u338903636,1590113475,C++,C++14 (GCC 5.4.1),cpp,Wrong Answer,116,37892,7534,
s601186041,p03866,u392319141,1590113451,Python,PyPy3 (2.4.0),py,Accepted,1420,128392,776,
s800240743,p03866,u617826263,1590113323,C++,C++14 (GCC 5.4.1),cpp,Accepted,43,16384,2116,
s718807158,p03866,u392319141,1590113252,Python,PyPy3 (2.4.0),py,Time Limit Exceeded,2113,123912,731,
s163893558,p03866,u392319141,1590113232,Python,Python (3.4.3),py,Time Limit Exceeded,2111,111888,731,
s157920730,p03866,u338903636,1590113124,C++,C++14 (GCC 5.4.1),cpp,Compile Error,,,7584,
s622783652,p03866,u263830634,1590112898,Python,Python (3.4.3),py,Time Limit Exceeded,2112,129248,2146,
s138434504,p03866,u972350827,1590112877,C#,C# (Mono 4.6.2.0),cs,Accepted,699,59344,9252,
s992134899,p03866,u678167152,1590112874,Python,Python (3.4.3),py,Time Limit Exceeded,2110,96892,1609,
s928581894,p03866,u678167152,1590112851,Python,PyPy3 (2.4.0),py,Accepted,1649,129244,1609,
s326348158,p03866,u067237725,1590112847,C++,C++14 (GCC 5.4.1),cpp,Accepted,95,13940,3104,
s590613524,p03866,u915797797,1590112815,C++,C++14 (GCC 5.4.1),cpp,Runtime Error,119,8192,2045,
s626677902,p03866,u342075214,1590112547,C++,C++14 (GCC 5.4.1),cpp,Accepted,108,22640,2061,
s465398875,p03866,u993074316,1590112488,C++,C++14 (GCC 5.4.1),cpp,Accepted,445,50788,2943,
s825095809,p03866,u263830634,1590112332,Python,PyPy3 (2.4.0),py,Accepted,1255,128776,2146,
s084785023,p03866,u993074316,1590112311,C++,C++14 (GCC 5.4.1),cpp,Wrong Answer,401,50660,2944,
s235238491,p03866,u993074316,1590112262,C++,C++14 (GCC 5.4.1),cpp,Compile Error,,,2946,
s020580568,p03866,u263830634,1590112246,Python,PyPy3 (2.4.0),py,Time Limit Exceeded,2112,149000,2203,
s833919355,p03866,u263830634,1590112186,Python,PyPy3 (2.4.0),py,Time Limit Exceeded,2112,147976,1940,
s874178720,p03866,u263830634,1590112074,Python,PyPy3 (2.4.0),py,Time Limit Exceeded,2112,148068,1945,
s257044158,p03866,u263830634,1590112034,Python,PyPy3 (2.4.0),py,Wrong Answer,2113,148744,1933,
s595137976,p03866,u096616343,1590111928,C++,C++14 (GCC 5.4.1),cpp,Accepted,171,42220,1517,
s407316647,p03866,u263830634,1590111898,Python,PyPy3 (2.4.0),py,Wrong Answer,2112,147928,1840,
s043804620,p03866,u179778090,1590111885,C++,C++14 (GCC 5.4.1),cpp,Accepted,130,26616,2823,
s679284198,p03866,u522636435,1590111804,Java,Java8 (OpenJDK 1.8.0),java,Accepted,944,49084,1410,
s953153449,p03866,u047796752,1590111789,C++,C++14 (GCC 5.4.1),cpp,Accepted,107,22788,1276,
s411903614,p03866,u263830634,1590111638,Python,Python (3.4.3),py,Wrong Answer,2113,134488,1829,
s989302878,p03866,u993074316,1590111596,C++,C++14 (GCC 5.4.1),cpp,Time Limit Exceeded,2104,18048,2713,
s163389089,p03866,u034865202,1590111545,C++,C++14 (GCC 5.4.1),cpp,Accepted,17,8192,7634,
s288610112,p03866,u216962796,1590111177,C++,C++14 (GCC 5.4.1),cpp,Accepted,105,22768,4365,
s296371133,p03866,u493750228,1590110984,C++,C++14 (GCC 5.4.1),cpp,Accepted,641,22256,2240,
s961448199,p03866,u141642872,1590110849,C++,C++14 (GCC 5.4.1),cpp,Accepted,110,22128,3940,
s144584900,p03866,u965730380,1590110756,C++,C++14 (GCC 5.4.1),cpp,Accepted,139,37744,2068,
s900027073,p03866,u986437843,1590110744,C++,C++14 (GCC 5.4.1),cpp,Accepted,147,129244,280445,
s812225274,p03866,u778204640,1590110587,C#,C# (Mono 4.6.2.0),cs,Accepted,166,61356,11072,
s783052636,p03866,u965730380,1590110575,C++,C++14 (GCC 5.4.1),cpp,Wrong Answer,55,32768,2064,
s832610959,p03866,u778204640,1590110436,C#,C# (Mono 4.6.2.0),cs,Time Limit Exceeded,2109,27100,7600,
s473572152,p03866,u227082700,1590110420,Python,PyPy3 (2.4.0),py,Accepted,1459,127880,678,
s629907097,p03866,u965730380,1590110406,C++,C++14 (GCC 5.4.1),cpp,Wrong Answer,55,32768,2030,
s950431093,p03866,u227082700,1590110344,Python,PyPy3 (2.4.0),py,Runtime Error,164,38292,867,
s270517910,p03866,u227082700,1590110324,Python,PyPy3 (2.4.0),py,Time Limit Exceeded,2112,141792,748,
s791950944,p03866,u227082700,1590110240,Python,PyPy3 (2.4.0),py,Time Limit Exceeded,2113,144264,759,
s185228623,p03866,u227082700,1590110174,Python,PyPy3 (2.4.0),py,Time Limit Exceeded,2115,145032,723,
s000210005,p03866,u756088996,1590110163,C++,C++14 (GCC 5.4.1),cpp,Accepted,107,22524,1583,
s842315216,p03866,u871980676,1590036728,Python,Python (3.4.3),py,Accepted,1332,63580,558,
s431637142,p03866,u767543103,1590024829,C++,C++14 (GCC 5.4.1),cpp,Accepted,152,10608,43295,
s450563176,p03866,u203843959,1589942245,Python,PyPy3 (2.4.0),py,Accepted,1672,155900,1649,
s678619534,p03866,u160281075,1589914219,Java,Java8 (OpenJDK 1.8.0),java,Accepted,651,67300,85082,
s163312692,p03866,u631674931,1589865867,C++,C++14 (GCC 5.4.1),cpp,Accepted,13,8448,2386,
s700457333,p03866,u943070796,1589812191,C++,C++14 (GCC 5.4.1),cpp,Accepted,109,22384,16074,
s465892589,p03866,u922449550,1589755623,Python,Python (3.4.3),py,Accepted,1463,68696,785,
s587399873,p03866,u922449550,1589754639,Python,PyPy3 (2.4.0),py,Time Limit Exceeded,2110,134256,1008,
s130069736,p03866,u922449550,1589754443,Python,PyPy3 (2.4.0),py,Time Limit Exceeded,2110,132716,990,
s535807709,p03866,u922449550,1589754420,Python,Python (3.4.3),py,Time Limit Exceeded,2108,64628,990,
s755015052,p03866,u893063840,1589730696,Python,Python (3.4.3),py,Accepted,265,52232,624,
s369328321,p03866,u893063840,1589730312,Python,Python (3.4.3),py,Runtime Error,274,40560,578,
s471803041,p03866,u893063840,1589726332,Python,Python (3.4.3),py,Accepted,1229,69076,657,
s660248658,p03866,u893063840,1589726186,Python,Python (3.4.3),py,Time Limit Exceeded,2115,113908,630,
s009207674,p03866,u919730120,1589679032,Python,PyPy3 (2.4.0),py,Accepted,1266,117340,1489,
s758566671,p03866,u919730120,1589678640,Python,PyPy3 (2.4.0),py,Accepted,1290,117468,1483,
s740598019,p03866,u919730120,1589678292,Python,PyPy3 (2.4.0),py,Runtime Error,783,129364,1316,
s632522428,p03866,u919730120,1589663535,Python,PyPy3 (2.4.0),py,Time Limit Exceeded,2110,132060,1237,
s618815669,p03866,u022774106,1589606061,C++,C++14 (GCC 5.4.1),cpp,Accepted,23,16256,2547,
s291910458,p03866,u022774106,1589605963,C++,C++14 (GCC 5.4.1),cpp,Runtime Error,101,256,2466,
s789422181,p03866,u144913062,1589596075,Python,PyPy3 (2.4.0),py,Accepted,1456,126600,926,
s270652466,p03866,u532966492,1589473801,Python,Python (3.8.2),py,Time Limit Exceeded,2210,165100,873,
s186072059,p03866,u317331562,1589328529,C++,C++14 (GCC 5.4.1),cpp,Accepted,148,10476,3495,
s374216720,p03866,u584989818,1589327220,C++,C++14 (GCC 5.4.1),cpp,Accepted,48,16000,2590,
s509239649,p03866,u584989818,1589326487,C++,C++14 (GCC 5.4.1),cpp,Time Limit Exceeded,2108,74348,2465,
s699473568,p03866,u754022296,1589300744,Python,Python (3.4.3),py,Accepted,1430,58804,827,
s477693067,p03866,u504158101,1589245295,OCaml,OCaml (4.02.3),ml,Accepted,118,5632,2617,
s838722091,p03866,u504158101,1589245239,OCaml,OCaml (4.02.3),ml,Compile Error,,,2592,
s130049221,p03866,u426397594,1589216533,C++,C++14 (GCC 5.4.1),cpp,Accepted,120,37884,3316,
s347777581,p03866,u426397594,1589215775,C++,C++14 (GCC 5.4.1),cpp,Accepted,115,38140,3274,
s683262353,p03866,u426397594,1589215023,C++,C++14 (GCC 5.4.1),cpp,Wrong Answer,120,37628,3237,
s492577456,p03866,u212904724,1589078896,C++,C++14 (GCC 5.4.1),cpp,Accepted,116,22676,20363,
s209699699,p03866,u065446124,1589064418,Python,PyPy3 (2.4.0),py,Time Limit Exceeded,2111,127496,955,
s391831687,p03866,u065446124,1589063869,Python,PyPy3 (2.4.0),py,Time Limit Exceeded,2111,127240,957,
s854253105,p03866,u065446124,1589063328,Python,PyPy3 (2.4.0),py,Wrong Answer,2117,166664,897,
s714044756,p03866,u065446124,1589063313,Python,Python (3.4.3),py,Wrong Answer,2117,192684,897,
s752076368,p03866,u050698451,1589049540,C++,C++14 (GCC 5.4.1),cpp,Accepted,168,6384,1613,
s115532626,p03866,u812973725,1588966407,C++,C++14 (GCC 5.4.1),cpp,Accepted,112,37488,2564,
s798879375,p03866,u803754262,1588961543,C++,C++14 (GCC 5.4.1),cpp,Accepted,215,74988,3051,
s505561274,p03866,u796877631,1588958893,C++,C++14 (GCC 5.4.1),cpp,Accepted,182,41872,1911,
s571750140,p03866,u930898631,1588941267,C++,C++14 (GCC 5.4.1),cpp,Accepted,13,8320,3578,
s666395154,p03866,u930898631,1588941227,C++,C++14 (GCC 5.4.1),cpp,Accepted,95,13808,1359,
s389474673,p03866,u189023301,1588867116,Python,PyPy3 (2.4.0),py,Accepted,394,77148,931,
s185559739,p03866,u189023301,1588866131,Python,PyPy3 (2.4.0),py,Accepted,441,77532,1066,
s270836548,p03866,u980909653,1588819348,C++,C++14 (GCC 5.4.1),cpp,Accepted,115,38000,1649,
s286409223,p03866,u980909653,1588819197,C++,C++14 (GCC 5.4.1),cpp,Accepted,115,37360,1631,
s512857600,p03866,u980909653,1588819119,C++,C++14 (GCC 5.4.1),cpp,Wrong Answer,227,32256,1615,
s305816753,p03866,u980909653,1588819041,C++,C++14 (GCC 5.4.1),cpp,Accepted,120,37872,1644,
s617536317,p03866,u980909653,1588818988,C++,C++14 (GCC 5.4.1),cpp,Wrong Answer,39,32256,1644,
s113434512,p03866,u980909653,1588818839,C++,C++14 (GCC 5.4.1),cpp,Wrong Answer,39,32256,1551,
s344324667,p03866,u980909653,1588817299,C++,C++14 (GCC 5.4.1),cpp,Wrong Answer,173,133488,1531,
s800047612,p03866,u980909653,1588817281,C++,C++14 (GCC 5.4.1),cpp,Wrong Answer,181,133232,1535,
s918404020,p03866,u980909653,1588817071,C++,C++14 (GCC 5.4.1),cpp,Wrong Answer,90,66200,1551,
s844428106,p03866,u564182781,1588791074,C++,C++14 (GCC 5.4.1),cpp,Accepted,128,38580,3281,
s516409322,p03866,u768334187,1588728221,C++,C++14 (GCC 5.4.1),cpp,Accepted,97,14320,2729,
s292225555,p03866,u722535636,1588670836,C++,C++14 (GCC 5.4.1),cpp,Accepted,186,42988,3335,
s207665939,p03866,u616029737,1588639354,C++,C++14 (GCC 5.4.1),cpp,Accepted,192,42416,6546,
s371274016,p03866,u616029737,1588639164,C++,C++14 (GCC 5.4.1),cpp,Time Limit Exceeded,2042,66048,6654,
s898864035,p03866,u616029737,1588637554,C++,C++14 (GCC 5.4.1),cpp,Wrong Answer,56,34432,6594,
s604725879,p03866,u803705885,1588486173,C++,C++14 (GCC 5.4.1),cpp,Accepted,14,512,1767,
s295226752,p03866,u803705885,1588485169,C++,C++14 (GCC 5.4.1),cpp,Wrong Answer,2104,16128,1430,
s773065558,p03866,u508486691,1588457460,Python,PyPy3 (2.4.0),py,Accepted,1406,129188,1964,
s455138600,p03866,u508486691,1588457272,Python,PyPy3 (2.4.0),py,Wrong Answer,1395,129160,1968,
s666207542,p03866,u908318580,1588434886,C++,C++14 (GCC 5.4.1),cpp,Accepted,111,26732,3481,
s338728759,p03866,u908318580,1588434697,C++,C++14 (GCC 5.4.1),cpp,Accepted,212,34812,3428,
s052413942,p03866,u702496216,1588362317,C++,C++14 (GCC 5.4.1),cpp,Accepted,112,384,1684,
s697103223,p03866,u702496216,1588362151,C++,C++14 (GCC 5.4.1),cpp,Time Limit Exceeded,2103,6388,1674,
s216951067,p03866,u702496216,1588361908,C++,C++14 (GCC 5.4.1),cpp,Time Limit Exceeded,2103,5620,1655,
s202088899,p03866,u702496216,1588361708,C++,C++14 (GCC 5.4.1),cpp,Time Limit Exceeded,2103,5492,1655,
s533449894,p03866,u702496216,1588361644,C++,C++14 (GCC 5.4.1),cpp,Wrong Answer,2103,6388,1655,
s333185413,p03866,u154756110,1588349869,C++,C++14 (GCC 5.4.1),cpp,Accepted,111,24944,1644,
s449444891,p03866,u928121696,1588319964,C++,C++14 (GCC 5.4.1),cpp,Accepted,17,256,2982,
s680489722,p03866,u441296840,1588283705,C++,C++14 (GCC 5.4.1),cpp,Accepted,138,42676,1380,
s049338724,p03866,u340010271,1588261356,C++,C++14 (GCC 5.4.1),cpp,Accepted,105,22000,2428,
s239225405,p03866,u110383845,1588222622,C++,C++14 (GCC 5.4.1),cpp,Accepted,105,22268,6305,
s731742943,p03866,u110383845,1588222475,C++,C++14 (GCC 5.4.1),cpp,Accepted,102,18544,2250,
s156336572,p03866,u110383845,1588222433,C++,C++14 (GCC 5.4.1),cpp,Accepted,16,512,8640,
s732500262,p03866,u110383845,1588222326,C++,C++14 (GCC 5.4.1),cpp,Accepted,15,384,8629,
s554715282,p03866,u110383845,1588222300,C++,C++14 (GCC 5.4.1),cpp,Compile Error,,,8633,
s710905169,p03866,u412164358,1588197237,C++,C++14 (GCC 5.4.1),cpp,Accepted,188,58220,28098,
s424732050,p03866,u412164358,1588195130,C++,C++14 (GCC 5.4.1),cpp,Time Limit Exceeded,2107,58860,27904,
s421549032,p03866,u412164358,1588194840,C++,C++14 (GCC 5.4.1),cpp,Time Limit Exceeded,2106,58604,27636,
s487361091,p03866,u358254559,1588189935,Python,PyPy3 (2.4.0),py,Accepted,1797,201480,1300,
s325142435,p03866,u358254559,1588189738,Python,PyPy3 (2.4.0),py,Wrong Answer,1950,199928,1290,
s592501517,p03866,u551351897,1588187785,C++,C++14 (GCC 5.4.1),cpp,Accepted,108,22012,2192,
s795461388,p03866,u412164358,1588186782,C++,C++14 (GCC 5.4.1),cpp,Wrong Answer,2107,58728,27397,
s723454383,p03866,u412164358,1588186149,C++,C++14 (GCC 5.4.1),cpp,Runtime Error,2109,58896,27250,
s946208499,p03866,u412164358,1588184739,C++,C++14 (GCC 5.4.1),cpp,Time Limit Exceeded,2108,42988,26099,
s137967762,p03866,u582486901,1588179247,C#,C# (Mono 4.6.2.0),cs,Accepted,1014,98620,8986,
s556430541,p03866,u488401358,1588168462,Python,PyPy3 (2.4.0),py,Accepted,1370,160648,3213,
s618091983,p03866,u601444374,1588155601,C++,C++14 (GCC 5.4.1),cpp,Accepted,101,22128,1835,
s876250882,p03866,u600402037,1588130215,Python,PyPy3 (2.4.0),py,Accepted,1272,125576,1078,
s822849768,p03866,u600402037,1588130184,Python,PyPy3 (2.4.0),py,Accepted,1384,126808,1197,
s059424390,p03866,u600402037,1588130055,Python,Python (3.4.3),py,Time Limit Exceeded,2112,127344,1197,
s217025623,p03866,u600402037,1588129511,Python,Python (3.4.3),py,Time Limit Exceeded,2112,127368,1197,
s247326603,p03866,u600402037,1588128193,Python,Python (3.4.3),py,Wrong Answer,1751,126484,1152,
s810737371,p03866,u600402037,1588127566,Python,Python (3.4.3),py,Wrong Answer,1698,122880,1152,
s507905224,p03866,u600402037,1588127393,Python,Python (3.4.3),py,Wrong Answer,1648,118828,1152,
s740793875,p03866,u600402037,1588127257,Python,Python (3.4.3),py,Wrong Answer,1696,115072,1152,
s934819386,p03866,u600402037,1588127123,Python,Python (3.4.3),py,Wrong Answer,1648,112148,1151,
s582538486,p03866,u600402037,1588126332,Python,Python (3.4.3),py,Time Limit Exceeded,2115,127424,1078,
s995196956,p03866,u576150954,1588071346,C++,C++14 (GCC 5.4.1),cpp,Accepted,111,22292,1326,
s996543676,p03866,u623819879,1588046965,Python,PyPy3 (2.4.0),py,Accepted,1380,127064,5578,
s797712260,p03866,u623819879,1588046869,Python,PyPy3 (2.4.0),py,Accepted,1607,127108,5576,
s319060230,p03866,u623819879,1588045624,Python,PyPy3 (2.4.0),py,Accepted,1433,127064,5605,
s676029240,p03866,u623819879,1588045084,Python,PyPy3 (2.4.0),py,Accepted,1506,127192,5611,
s863617283,p03866,u623819879,1588044522,Python,PyPy3 (2.4.0),py,Time Limit Exceeded,2111,128472,5476,
s535404550,p03866,u623819879,1588044299,Python,PyPy3 (2.4.0),py,Time Limit Exceeded,2113,122840,5518,
s454790175,p03866,u623819879,1588044183,Python,PyPy3 (2.4.0),py,Time Limit Exceeded,2111,128600,5514,
s545415498,p03866,u017271745,1587957510,C++,C++14 (GCC 5.4.1),cpp,Accepted,195,42928,2037,
s202570144,p03866,u623819879,1587948753,Python,PyPy3 (2.4.0),py,Runtime Error,189,38384,7804,
s956327459,p03866,u623819879,1587948511,Python,PyPy3 (2.4.0),py,Time Limit Exceeded,2111,124120,7905,
s997254251,p03866,u623819879,1587948474,Python,PyPy3 (2.4.0),py,Runtime Error,170,38256,7904,
s097712689,p03866,u623819879,1587948199,Python,PyPy3 (2.4.0),py,Time Limit Exceeded,2111,124376,7893,
s537325995,p03866,u623819879,1587948036,Python,PyPy3 (2.4.0),py,Time Limit Exceeded,2113,158736,7881,
s538387337,p03866,u623819879,1587947879,Python,PyPy3 (2.4.0),py,Time Limit Exceeded,2113,158608,7929,
s556387427,p03866,u623819879,1587947834,Python,PyPy3 (2.4.0),py,Time Limit Exceeded,2113,158736,7929,
s269153419,p03866,u623819879,1587945095,Python,PyPy3 (2.4.0),py,Time Limit Exceeded,2112,131776,7971,
s195654265,p03866,u623819879,1587944914,Python,PyPy3 (2.4.0),py,Time Limit Exceeded,2113,158688,7967,
s103532020,p03866,u788717734,1587927637,C++,C++14 (GCC 5.4.1),cpp,Accepted,150,37744,1395,
s085683506,p03866,u328294851,1587869223,C++,C++14 (GCC 5.4.1),cpp,Accepted,97,13172,3017,
s064188557,p03866,u670180528,1587869211,Python,Python (3.4.3),py,Accepted,1068,41388,608,
s836566976,p03866,u670180528,1587869118,Python,Python (3.4.3),py,Time Limit Exceeded,2113,48236,608,
s178185050,p03866,u670180528,1587868671,Python,Python (3.4.3),py,Wrong Answer,2110,47232,904,
s766806321,p03866,u247366051,1587868463,C++,C++ (GCC 5.4.1),cpp,Wrong Answer,20,8064,1753,
s562644554,p03866,u670180528,1587868205,Python,Python (3.4.3),py,Time Limit Exceeded,2113,127308,880,
s977630114,p03866,u476418095,1587868131,C++,C++ (GCC 5.4.1),cpp,Wrong Answer,19,8064,1751,
s694640260,p03866,u670180528,1587868097,Python,PyPy3 (2.4.0),py,Accepted,1353,126216,775,
s834048004,p03866,u670180528,1587868059,Python,Python (3.4.3),py,Time Limit Exceeded,2112,127328,774,
s078342516,p03866,u376578635,1587858293,C++,C++14 (GCC 5.4.1),cpp,Wrong Answer,2104,26300,3787,
s299059574,p03866,u376578635,1587852113,C++,C++14 (GCC 5.4.1),cpp,Wrong Answer,984,25728,2471,
s811145218,p03866,u376578635,1587851961,C++,C++14 (GCC 5.4.1),cpp,Wrong Answer,1011,25472,2465,
s870245555,p03866,u345966487,1587799788,Python,PyPy3 (2.4.0),py,Accepted,1590,125276,780,
s949515216,p03866,u398942100,1587581575,C++,C++14 (GCC 5.4.1),cpp,Accepted,221,50956,5657,
s809472397,p03866,u548163222,1587580016,C++,C++14 (GCC 5.4.1),cpp,Accepted,143,10220,1143,
s688008890,p03866,u548163222,1587579808,C++,C++14 (GCC 5.4.1),cpp,Time Limit Exceeded,2103,384,1015,
s052147318,p03866,u548163222,1587579439,C++,C++14 (GCC 5.4.1),cpp,Wrong Answer,2103,17792,1058,
s473564720,p03866,u366381207,1587528513,C++,C++14 (GCC 5.4.1),cpp,Accepted,232,75504,3241,
s867794496,p03866,u575909439,1587506339,Java,Java8 (OpenJDK 1.8.0),java,Accepted,498,55240,2189,
s005828391,p03866,u615258936,1587475442,C++,C++14 (GCC 5.4.1),cpp,Accepted,170,42860,1793,
s612633432,p03866,u615258936,1587475347,C++,C++14 (GCC 5.4.1),cpp,Wrong Answer,104,32768,1735,
s992444304,p03866,u615258936,1587475229,C++,C++14 (GCC 5.4.1),cpp,Wrong Answer,28,16512,1713,
s246007310,p03866,u630211216,1587443485,C++,C++14 (GCC 5.4.1),cpp,Accepted,764,21636,1503,
s038073061,p03866,u630211216,1587443039,C++,C++14 (GCC 5.4.1),cpp,Wrong Answer,758,22512,1444,
s934428895,p03866,u934272719,1587229183,C++,C++14 (GCC 5.4.1),cpp,Accepted,578,83960,5607,
s278440359,p03866,u161214573,1587147335,C++,C++14 (GCC 5.4.1),cpp,Accepted,141,512,2651,
s835271993,p03866,u161214573,1587147277,C++,C++14 (GCC 5.4.1),cpp,Accepted,143,384,2719,
s063102039,p03866,u161214573,1587147211,C++,C++14 (GCC 5.4.1),cpp,Runtime Error,303,4224,2719,
s617995462,p03866,u161214573,1587147108,C++,C++14 (GCC 5.4.1),cpp,Runtime Error,128,4224,2623,
s031143257,p03866,u161214573,1587146688,C++,C++14 (GCC 5.4.1),cpp,Time Limit Exceeded,2104,21760,2555,
s792211020,p03866,u161214573,1587146016,C++,C++14 (GCC 5.4.1),cpp,Time Limit Exceeded,2105,19968,2584,
s724652511,p03866,u005899600,1587100442,C++,C++14 (GCC 5.4.1),cpp,Accepted,169,42384,2198,
s695244382,p03866,u497046426,1587060688,Python,PyPy3 (2.4.0),py,Accepted,1328,125320,1780,
s038748391,p03866,u497046426,1587057745,Python,Python (3.4.3),py,Time Limit Exceeded,2111,112492,1736,
s552370001,p03866,u497046426,1587057682,Python,PyPy3 (2.4.0),py,Accepted,1320,125320,1736,
s494409652,p03866,u644070128,1587056451,C++,C++14 (GCC 5.4.1),cpp,Accepted,173,34416,3320,
s370206127,p03866,u497046426,1587056226,Python,PyPy3 (2.4.0),py,Time Limit Exceeded,2109,125664,1048,
s709261000,p03866,u497046426,1587056116,Python,PyPy3 (2.4.0),py,Runtime Error,2110,125548,1141,
s589332870,p03866,u497046426,1587056040,Python,PyPy3 (2.4.0),py,Runtime Error,253,62320,1137,
s169594859,p03866,u497046426,1587055997,Python,PyPy3 (2.4.0),py,Runtime Error,239,61424,1135,
s072271365,p03866,u497046426,1587055706,Python,PyPy3 (2.4.0),py,Time Limit Exceeded,2110,129616,1956,
s078332034,p03866,u497046426,1587055619,Python,PyPy3 (2.4.0),py,Time Limit Exceeded,2110,124920,1918,
s832671607,p03866,u497046426,1587054701,Python,PyPy3 (2.4.0),py,Time Limit Exceeded,2112,151248,1869,
s113532290,p03866,u497046426,1587054506,Python,PyPy3 (2.4.0),py,Time Limit Exceeded,2112,149996,1828,
s902671439,p03866,u497046426,1587054290,Python,PyPy3 (2.4.0),py,Time Limit Exceeded,2111,146824,1853,
s359450200,p03866,u497046426,1587054096,Python,PyPy3 (2.4.0),py,Time Limit Exceeded,2111,145676,1864,
s758914784,p03866,u497046426,1587053662,Python,PyPy3 (2.4.0),py,Time Limit Exceeded,2111,142860,1910,
s481288547,p03866,u497046426,1587051937,Python,PyPy3 (2.4.0),py,Time Limit Exceeded,2111,143884,1828,
s225799150,p03866,u497046426,1587051831,Python,PyPy3 (2.4.0),py,Time Limit Exceeded,2113,141840,1790,
s077815172,p03866,u497046426,1587051551,Python,Python (3.4.3),py,Time Limit Exceeded,2112,139612,1796,
s445402900,p03866,u858670323,1586927887,C++,C++14 (GCC 5.4.1),cpp,Accepted,116,14076,2281,
s605378448,p03866,u858670323,1586927185,C++,C++14 (GCC 5.4.1),cpp,Time Limit Exceeded,2104,14332,2234,
s453970025,p03866,u858670323,1586926555,C++,C++14 (GCC 5.4.1),cpp,Time Limit Exceeded,2107,532700,2226,
s524359915,p03866,u858670323,1586925862,C++,C++14 (GCC 5.4.1),cpp,Time Limit Exceeded,2108,1058908,2090,
s678901259,p03866,u353797797,1586884777,Python,PyPy3 (2.4.0),py,Accepted,1472,131252,1161,
s403457869,p03866,u353797797,1586884677,Python,Python (3.4.3),py,Time Limit Exceeded,2111,143984,1161,
s180285448,p03866,u107995903,1586850728,C++,C++14 (GCC 5.4.1),cpp,Accepted,126,37488,12095,
s632492939,p03866,u107995903,1586850577,C++,C++14 (GCC 5.4.1),cpp,Wrong Answer,222,74092,12137,
s250106388,p03866,u107995903,1586850247,C++,C++14 (GCC 5.4.1),cpp,Wrong Answer,135,38896,12046,
s712010972,p03866,u741945117,1586758560,C++,C++14 (GCC 5.4.1),cpp,Accepted,96,14320,2141,
s672494727,p03866,u266643907,1586619136,C++,C++14 (GCC 5.4.1),cpp,Accepted,282,74988,2551,
s038388857,p03866,u266643907,1586618655,C++,C++14 (GCC 5.4.1),cpp,Wrong Answer,171,70384,2551,
s497553162,p03866,u266643907,1586618462,C++,C++14 (GCC 5.4.1),cpp,Wrong Answer,168,69872,2577,
s815071871,p03866,u266643907,1586618287,C++,C++14 (GCC 5.4.1),cpp,Wrong Answer,187,71024,2551,
s154479453,p03866,u266643907,1586618074,C++,C++14 (GCC 5.4.1),cpp,Wrong Answer,133,34932,2435,
s387318674,p03866,u390181802,1586398727,C++,C++14 (GCC 5.4.1),cpp,Accepted,127,26732,4568,
s002391083,p03866,u390181802,1586398693,C++,C++14 (GCC 5.4.1),cpp,Compile Error,,,4534,
s579555569,p03866,u604231488,1586366331,C++,C++14 (GCC 5.4.1),cpp,Accepted,157,25324,1482,
s231335717,p03866,u604231488,1586365840,C++,C++14 (GCC 5.4.1),cpp,Wrong Answer,87,16128,1483,
s491370233,p03866,u604231488,1586364021,C++,C++14 (GCC 5.4.1),cpp,Wrong Answer,88,16128,1482,
s286317831,p03866,u756880921,1586246374,C++,C++14 (GCC 5.4.1),cpp,Accepted,37,16000,4175,
s328745955,p03866,u756880921,1586246279,C++,C++14 (GCC 5.4.1),cpp,Wrong Answer,227,18176,4175,
s041482879,p03866,u709604332,1586041981,C++,C++14 (GCC 5.4.1),cpp,Accepted,128,44340,2600,
s437088277,p03866,u899645116,1586040890,C++,C++14 (GCC 5.4.1),cpp,Accepted,99,13688,2325,
s013945089,p03866,u994988729,1585887996,Python,Python (3.4.3),py,Wrong Answer,277,74964,895,
s404983298,p03866,u994988729,1585886886,Python,PyPy3 (2.4.0),py,Accepted,1265,128648,1227,
s980782636,p03866,u962966398,1585886117,C++,C++14 (GCC 5.4.1),cpp,Accepted,154,26732,3440,
s979082196,p03866,u994988729,1585885421,Python,Python (3.4.3),py,Wrong Answer,2112,127252,1147,
s066952503,p03866,u597940868,1585784181,C++,C++14 (GCC 5.4.1),cpp,Accepted,92,6260,1458,
s113493417,p03866,u597940868,1585784104,C++,C++14 (GCC 5.4.1),cpp,Wrong Answer,2103,256,1347,
s665675342,p03866,u597940868,1585783971,C++,C++14 (GCC 5.4.1),cpp,Compile Error,,,1397,
s634558603,p03866,u597940868,1585783519,C++,C++14 (GCC 5.4.1),cpp,Wrong Answer,2103,256,1347,
s185009088,p03866,u242679311,1585776565,C++,C++14 (GCC 5.4.1),cpp,Accepted,1179,14192,2228,
s028709682,p03866,u863370423,1585728626,C++,C++14 (GCC 5.4.1),cpp,Accepted,108,22660,2278,
s362654012,p03866,u816631826,1585728544,C++,C++14 (GCC 5.4.1),cpp,Accepted,389,32640,2312,
s231863413,p03866,u353919145,1585728385,C++,C++14 (GCC 5.4.1),cpp,Accepted,372,32768,2017,
s224375188,p03866,u863370423,1585728186,C++,C++14 (GCC 5.4.1),cpp,Wrong Answer,386,32640,2248,
s721982880,p03866,u816631826,1585728081,C++,C++14 (GCC 5.4.1),cpp,Wrong Answer,344,42000,2274,
s695627157,p03866,u018679195,1585727972,C++,C++14 (GCC 5.4.1),cpp,Wrong Answer,108,22532,2217,
s258018231,p03866,u816631826,1585727765,C++,C++14 (GCC 5.4.1),cpp,Wrong Answer,19,16640,2211,
s004386018,p03866,u816631826,1585727664,C++,C++14 (GCC 5.4.1),cpp,Wrong Answer,106,22788,2210,
s420418140,p03866,u863370423,1585727583,C++,C++14 (GCC 5.4.1),cpp,Wrong Answer,175,42860,2265,
s225802306,p03866,u018679195,1585727088,C++,C++14 (GCC 5.4.1),cpp,Wrong Answer,2110,34560,2263,
s931643068,p03866,u089230684,1585726193,C++,C++14 (GCC 5.4.1),cpp,Wrong Answer,16,8448,2162,
s873888196,p03866,u089230684,1585726184,C++,C++14 (GCC 5.4.1),cpp,Wrong Answer,15,8448,2163,
s411955372,p03866,u353919145,1585726180,C++,C++14 (GCC 5.4.1),cpp,Accepted,16,8448,2161,
s574191578,p03866,u089230684,1585725803,C++,C++14 (GCC 5.4.1),cpp,Wrong Answer,25,8448,2138,
s005658013,p03866,u089230684,1585724980,C++,C++14 (GCC 5.4.1),cpp,Wrong Answer,2104,8448,2088,
s104833488,p03866,u816631826,1585722209,C++,C++14 (GCC 5.4.1),cpp,Accepted,27,16512,2892,
s441000383,p03866,u353919145,1585721747,C++,C++14 (GCC 5.4.1),cpp,Accepted,19,8192,1116,
s676870213,p03866,u816631826,1585721743,C++,C++14 (GCC 5.4.1),cpp,Accepted,13,8576,1187,
s548206076,p03866,u018679195,1585720461,C++,C++14 (GCC 5.4.1),cpp,Accepted,125,16512,1936,
s358411362,p03866,u186838327,1585637424,Python,Python (3.4.3),py,Time Limit Exceeded,2114,163844,1076,
s686126859,p03866,u186838327,1585637299,Python,PyPy3 (2.4.0),py,Accepted,1577,145164,1076,
s124646724,p03866,u979163294,1585629621,C++,C++14 (GCC 5.4.1),cpp,Accepted,112,22384,2416,
s219020679,p03866,u740916051,1585356440,C++,C++14 (GCC 5.4.1),cpp,Accepted,605,22276,1043,
s203778803,p03866,u537062586,1585356073,C++,C++14 (GCC 5.4.1),cpp,Accepted,18,8320,1581,
s288553148,p03866,u537062586,1585355992,C++,C++14 (GCC 5.4.1),cpp,Wrong Answer,17,8320,1580,
s586707979,p03866,u292252214,1585348141,C,C (GCC 5.4.1),c,Accepted,15,128,1813,
s985077776,p03866,u292252214,1585346155,C,C (GCC 5.4.1),c,Wrong Answer,29,256,1800,
s699307156,p03866,u292252214,1585346042,C,C (GCC 5.4.1),c,Wrong Answer,14,128,1778,
s357421409,p03866,u292252214,1585345918,C,C (GCC 5.4.1),c,Wrong Answer,14,128,1776,
s434090818,p03866,u219786796,1585345690,C++,C++14 (GCC 5.4.1),cpp,Accepted,185,73972,2967,
s560877695,p03866,u219786796,1585345599,C++,C++14 (GCC 5.4.1),cpp,Wrong Answer,256,64128,2954,
s045792456,p03866,u895393304,1585273855,C++,C++14 (GCC 5.4.1),cpp,Accepted,1105,22640,2774,
s012141425,p03866,u307227472,1585271872,C++,C++14 (GCC 5.4.1),cpp,Accepted,1659,8064,1429,
s592522578,p03866,u838742270,1585252789,C++,C++14 (GCC 5.4.1),cpp,Accepted,187,90256,1702,
s061811463,p03866,u307227472,1585231123,C++,C++14 (GCC 5.4.1),cpp,Wrong Answer,2104,16000,1372,
s633331428,p03866,u093170535,1585218588,C++,C++14 (GCC 5.4.1),cpp,Accepted,11,256,593,
s520053364,p03866,u508192873,1585205312,C++,C++14 (GCC 5.4.1),cpp,Accepted,18,384,3569,
s583448499,p03866,u508192873,1585205133,C++,C++14 (GCC 5.4.1),cpp,Accepted,17,384,3786,
s497509628,p03866,u508192873,1585204975,C++,C++14 (GCC 5.4.1),cpp,Accepted,18,384,3753,
s921787199,p03866,u508192873,1585204885,C++,C++14 (GCC 5.4.1),cpp,Accepted,17,384,3756,
s959908919,p03866,u508192873,1585204471,C++,C++14 (GCC 5.4.1),cpp,Accepted,21,512,3790,
s086081082,p03866,u508192873,1585204171,C++,C++14 (GCC 5.4.1),cpp,Accepted,21,384,3787,
s091372189,p03866,u508192873,1585202078,C++,C++14 (GCC 5.4.1),cpp,Accepted,39,24576,11435,
s313311690,p03866,u508192873,1585202011,C++,C++14 (GCC 5.4.1),cpp,Accepted,37,24448,6385,
s773697831,p03866,u714538557,1585201808,C++,C++14 (GCC 5.4.1),cpp,Accepted,114,30484,3019,
s342970102,p03866,u508192873,1585201673,C++,C++14 (GCC 5.4.1),cpp,Accepted,685,48000,6556,
s475456351,p03866,u508192873,1585199825,C++,C++14 (GCC 5.4.1),cpp,Accepted,107,22652,1991,
s945110114,p03866,u508192873,1585199594,C++,C++14 (GCC 5.4.1),cpp,Accepted,30,16512,3482,
s951342398,p03866,u508192873,1585199449,C++,C++14 (GCC 5.4.1),cpp,Accepted,30,16128,3554,
s211283979,p03866,u508192873,1585199375,C++,C++14 (GCC 5.4.1),cpp,Accepted,35,16128,3559,
s907852479,p03866,u508192873,1585199336,C++,C++14 (GCC 5.4.1),cpp,Wrong Answer,12,11648,3526,
s143632175,p03866,u508192873,1585199248,C++,C++14 (GCC 5.4.1),cpp,Accepted,34,16512,3531,
s231337926,p03866,u508192873,1585199163,C++,C++14 (GCC 5.4.1),cpp,Accepted,30,16512,3524,
s946476992,p03866,u508192873,1585198815,C++,C++14 (GCC 5.4.1),cpp,Accepted,31,16512,3514,
s763565639,p03866,u508192873,1585198790,C++,C++ (GCC 5.4.1),cpp,Compile Error,,,3514,
s751974378,p03866,u720150053,1585193753,C++,C++14 (GCC 5.4.1),cpp,Accepted,22,16000,1424,
s657143805,p03866,u192903163,1585178615,C++,C++14 (GCC 5.4.1),cpp,Accepted,272,32128,1478,
s876019260,p03866,u718758485,1585170246,C++,C++14 (GCC 5.4.1),cpp,Accepted,108,18416,1389,
s732145046,p03866,u545770260,1585169856,C++,C++14 (GCC 5.4.1),cpp,Accepted,562,8320,1530,
s029602950,p03866,u394853232,1585154786,C++,C++14 (GCC 5.4.1),cpp,Accepted,4,256,1998,
s845349896,p03866,u137087473,1585121583,Java,Java8 (OpenJDK 1.8.0),java,Compile Error,,,27073,
s309935600,p03866,u394853232,1585118607,C++,C++14 (GCC 5.4.1),cpp,Accepted,4,256,1858,
s910958796,p03866,u137087473,1585118243,Java,Java8 (OpenJDK 1.8.0),java,Accepted,632,118972,28503,
s214656546,p03866,u394853232,1585118229,C++,C++14 (GCC 5.4.1),cpp,Accepted,4,256,1989,
s547072102,p03866,u137087473,1585118128,Java,Java8 (OpenJDK 1.8.0),java,Accepted,846,120968,28411,
s968584978,p03866,u394853232,1585118119,C++,C++14 (GCC 5.4.1),cpp,Accepted,6,256,2010,
s633145302,p03866,u394853232,1585117897,C++,C++14 (GCC 5.4.1),cpp,Accepted,6,256,1876,
s019690928,p03866,u874644572,1585117751,Java,Java8 (OpenJDK 1.8.0),java,Accepted,1300,92740,35816,
s908778061,p03866,u550314572,1585117165,Java,Java8 (OpenJDK 1.8.0),java,Accepted,1314,96768,35840,
s329457387,p03866,u550314572,1585115437,Java,Java8 (OpenJDK 1.8.0),java,Time Limit Exceeded,2109,108060,35077,
s772837569,p03866,u550314572,1585114713,Java,Java8 (OpenJDK 1.8.0),java,Wrong Answer,709,87176,35150,
s745136250,p03866,u874644572,1585114518,Java,Java8 (OpenJDK 1.8.0),java,Wrong Answer,732,86292,34606,
s465414091,p03866,u874644572,1585114427,Java,Java8 (OpenJDK 1.8.0),java,Wrong Answer,750,87380,34629,
s767648292,p03866,u874644572,1585114385,Java,Java8 (OpenJDK 1.8.0),java,Compile Error,,,34606,
s889564805,p03866,u550314572,1585114086,Java,Java8 (OpenJDK 1.8.0),java,Time Limit Exceeded,2109,108192,34448,
s307403924,p03866,u550314572,1585113668,Java,Java8 (OpenJDK 1.8.0),java,Time Limit Exceeded,2109,95208,34469,
s609841375,p03866,u508192873,1585113652,Java,Java8 (OpenJDK 1.8.0),java,Time Limit Exceeded,2109,93656,34438,
s283014183,p03866,u550314572,1585113413,Java,Java8 (OpenJDK 1.8.0),java,Time Limit Exceeded,2109,95852,34449,
s978115289,p03866,u550314572,1585113261,Java,Java8 (OpenJDK 1.8.0),java,Time Limit Exceeded,2109,93776,34453,
s128937126,p03866,u550314572,1585113034,Java,Java8 (OpenJDK 1.8.0),java,Wrong Answer,1088,85976,34436,
s233604542,p03866,u550314572,1585112999,Java,Java8 (OpenJDK 1.8.0),java,Runtime Error,78,23252,34452,
s355490408,p03866,u708042136,1585112602,C#,C# (Mono 4.6.2.0),cs,Accepted,669,21216,6314,
s773045032,p03866,u423846157,1585103667,C++,C++14 (GCC 5.4.1),cpp,Accepted,174,18796,1808,
s397479657,p03866,u364788955,1585096602,C++,C++14 (GCC 5.4.1),cpp,Accepted,175,18796,1808,
s667412980,p03866,u018679195,1584997086,C++,C++14 (GCC 5.4.1),cpp,Accepted,29,8192,1201,
s051154408,p03866,u863370423,1584996780,C++,C++14 (GCC 5.4.1),cpp,Wrong Answer,29,8192,1197,
s016833361,p03866,u962264371,1584967302,C++,C++14 (Clang 3.8.0),cpp,Accepted,117,22164,1838,
s420569628,p03866,u331360010,1584938630,C++,C++14 (GCC 5.4.1),cpp,Accepted,9,256,9699,
s701638043,p03866,u331360010,1584938483,C++,C++14 (GCC 5.4.1),cpp,Accepted,9,256,9733,
s380914849,p03866,u331360010,1584937627,C++,C++14 (GCC 5.4.1),cpp,Wrong Answer,15,256,9683,
s647493786,p03866,u331360010,1584937569,C++,C++14 (GCC 5.4.1),cpp,Wrong Answer,14,256,9649,
s037011622,p03866,u095453583,1584924849,C++,C++14 (GCC 5.4.1),cpp,Accepted,99,22676,8506,
s456930090,p03866,u095453583,1584924780,C++,C++14 (GCC 5.4.1),cpp,Wrong Answer,99,21652,8503,
s605279646,p03866,u096635831,1584665712,Rust,Rust (1.15.1),rs,Accepted,160,17656,32747,
s699139466,p03866,u755121033,1584653631,C++,C++14 (GCC 5.4.1),cpp,Accepted,101,14196,1318,
s851545564,p03866,u986437843,1584652413,C++,C++14 (GCC 5.4.1),cpp,Accepted,303,153692,242319,
s993221520,p03866,u986437843,1584651799,C++,C++14 (GCC 5.4.1),cpp,Accepted,298,153436,244593,
s665827412,p03866,u986437843,1584648631,C++,C++14 (GCC 5.4.1),cpp,Accepted,290,153436,240555,
s803080588,p03866,u630881467,1584604032,C++,C++14 (GCC 5.4.1),cpp,Time Limit Exceeded,2103,6512,2132,
s735624114,p03866,u630881467,1584603632,C++,C++14 (GCC 5.4.1),cpp,Wrong Answer,2103,6512,2160,
s049250671,p03866,u732412551,1584388657,Rust,Rust (1.15.1),rs,Accepted,639,30760,4776,
s985897472,p03866,u732412551,1584388585,Rust,Rust (1.15.1),rs,Wrong Answer,638,30760,4728,
s078013521,p03866,u732412551,1584388213,Rust,Rust (1.15.1),rs,Wrong Answer,636,30760,4725,
s462663008,p03866,u571969099,1584376424,Python,PyPy3 (2.4.0),py,Accepted,298,43760,590,
s427830269,p03866,u571969099,1584375888,Python,PyPy3 (2.4.0),py,Time Limit Exceeded,2112,117592,763,
s219949902,p03866,u571969099,1584375627,Python,PyPy3 (2.4.0),py,Time Limit Exceeded,2110,116184,745,
s635185218,p03866,u571969099,1584375419,Python,PyPy3 (2.4.0),py,Time Limit Exceeded,2109,89648,676,
s302755103,p03866,u571969099,1584375260,Python,PyPy3 (2.4.0),py,Time Limit Exceeded,2109,89560,637,
s939473373,p03866,u571969099,1584375210,Python,Python (3.4.3),py,Time Limit Exceeded,2104,11140,637,
s416173916,p03866,u592610268,1584311781,C++,C++14 (GCC 5.4.1),cpp,Accepted,231,34804,4452,
s292080883,p03866,u864197622,1584160394,Python,PyPy3 (2.4.0),py,Time Limit Exceeded,2111,122716,878,
s208116811,p03866,u864197622,1584160305,Python,PyPy3 (2.4.0),py,Wrong Answer,2112,122716,882,
s148360027,p03866,u864197622,1584160045,Python,PyPy3 (2.4.0),py,Wrong Answer,2112,96220,945,
s468923684,p03866,u864197622,1584159111,Python,PyPy3 (2.4.0),py,Time Limit Exceeded,2111,96604,945,
s288660225,p03866,u864197622,1584159041,Python,PyPy3 (2.4.0),py,Time Limit Exceeded,2116,150408,945,
s535908909,p03866,u864197622,1584158181,Python,PyPy3 (2.4.0),py,Time Limit Exceeded,2110,122716,886,
s585048600,p03866,u864197622,1584158154,Python,Python (3.4.3),py,Time Limit Exceeded,2106,45684,886,
s692044917,p03866,u547167033,1584151094,Python,PyPy3 (2.4.0),py,Accepted,1543,161016,1694,
s697038452,p03866,u547167033,1584151049,Python,Python (3.4.3),py,Time Limit Exceeded,2105,31348,1694,
s018710376,p03866,u811472478,1584138833,C++,C++14 (GCC 5.4.1),cpp,Accepted,214,51116,2092,
s002962797,p03866,u571173211,1584099621,C++,C++14 (GCC 5.4.1),cpp,Accepted,114,22640,3233,
s044143881,p03866,u317754719,1584068925,C++,C++14 (GCC 5.4.1),cpp,Accepted,173,42220,2716,
s895879325,p03866,u317754719,1584068650,C++,C++14 (GCC 5.4.1),cpp,Wrong Answer,174,42988,2583,
s600857962,p03866,u639210885,1584060612,C++,C++14 (GCC 5.4.1),cpp,Accepted,96,6388,1214,
s593168761,p03866,u639210885,1584060132,C++,C++14 (GCC 5.4.1),cpp,Wrong Answer,21,512,1205,
s409503022,p03866,u639210885,1584059788,C++,C++14 (GCC 5.4.1),cpp,Runtime Error,101,256,1203,
s965955782,p03866,u639210885,1584059751,C++,C++14 (GCC 5.4.1),cpp,Runtime Error,108,256,1203,
s176028929,p03866,u879436400,1584058869,C++,C++14 (GCC 5.4.1),cpp,Accepted,181,43056,6282,
s145649337,p03866,u465233477,1583950825,C++,C++14 (GCC 5.4.1),cpp,Accepted,113,22292,3288,
s877131381,p03866,u370608397,1583942101,C#,C# (Mono 4.6.2.0),cs,Accepted,849,72892,10116,
s329620681,p03866,u370608397,1583942040,C#,C# (Mono 4.6.2.0),cs,Compile Error,,,7905,
s544254105,p03866,u839397805,1583901421,C++,C++14 (GCC 5.4.1),cpp,Accepted,178,69872,21660,
s103305745,p03866,u839397805,1583901030,C++,C++14 (GCC 5.4.1),cpp,Wrong Answer,111,66164,21474,
s785046221,p03866,u839397805,1583901006,C++,C++14 (GCC 5.4.1),cpp,Wrong Answer,104,66164,21474,
s518124218,p03866,u839397805,1583900719,C++,C++14 (GCC 5.4.1),cpp,Wrong Answer,105,66164,21469,
s971160815,p03866,u839397805,1583900588,C++,C++14 (GCC 5.4.1),cpp,Wrong Answer,113,66164,21404,
s035801776,p03866,u619683748,1583890822,C++,C++14 (GCC 5.4.1),cpp,Accepted,104,21872,3357,
s216272508,p03866,u619683748,1583890347,C++,C++14 (GCC 5.4.1),cpp,Wrong Answer,103,22384,3183,
s336903551,p03866,u619683748,1583889537,C++,C++14 (GCC 5.4.1),cpp,Wrong Answer,102,22128,3180,
s873039688,p03866,u619683748,1583889368,C++,C++14 (GCC 5.4.1),cpp,Wrong Answer,106,22256,3172,
s620406814,p03866,u619683748,1583889151,C++,C++14 (GCC 5.4.1),cpp,Wrong Answer,105,22640,3163,
s323954130,p03866,u619683748,1583889034,C++,C++14 (GCC 5.4.1),cpp,Wrong Answer,164,42128,3200,
s155341847,p03866,u619683748,1583888833,C++,C++14 (GCC 5.4.1),cpp,Wrong Answer,107,21744,3193,
s496566850,p03866,u619683748,1583888664,C++,C++14 (GCC 5.4.1),cpp,Wrong Answer,139,38964,3177,
s519478639,p03866,u619683748,1583888431,C++,C++14 (GCC 5.4.1),cpp,Wrong Answer,138,38580,3177,
s157075791,p03866,u399542755,1583726467,C++,C++14 (GCC 5.4.1),cpp,Accepted,106,13808,3649,
s722842146,p03866,u982630224,1583698739,Java,Java8 (OpenJDK 1.8.0),java,Accepted,1019,129748,1934,
s558069119,p03866,u982630224,1583698585,Java,Java8 (OpenJDK 1.8.0),java,Accepted,1490,142628,1903,
s581832996,p03866,u004411048,1583686715,C++,C++14 (GCC 5.4.1),cpp,Accepted,230,151788,2222,
s049871842,p03866,u038084150,1583682851,C++,C++14 (GCC 5.4.1),cpp,Accepted,1665,10240,1822,
s993563141,p03866,u391331433,1583609479,C++,C++14 (GCC 5.4.1),cpp,Accepted,757,37872,4906,
s890795438,p03866,u215268883,1583488850,C++,C++14 (GCC 5.4.1),cpp,Accepted,109,22532,2012,
s137092862,p03866,u827202523,1583483134,Python,PyPy3 (2.4.0),py,Accepted,1672,145284,1425,
s896165997,p03866,u347057617,1583366374,C++,C++14 (GCC 5.4.1),cpp,Accepted,1027,13936,1424,
s592963007,p03866,u190018920,1583212970,C++,C++14 (GCC 5.4.1),cpp,Time Limit Exceeded,2104,18304,2344,
s139184182,p03866,u541055501,1583051631,Java,Java8 (OpenJDK 1.8.0),java,Accepted,174,31280,4366,
s100502905,p03866,u541055501,1583050731,Java,Java8 (OpenJDK 1.8.0),java,Wrong Answer,154,32776,4280,
s540155214,p03866,u541055501,1583050389,Java,Java8 (OpenJDK 1.8.0),java,Wrong Answer,154,31188,4215,
s932746297,p03866,u541055501,1583048819,Java,Java8 (OpenJDK 1.8.0),java,Wrong Answer,2109,91160,4831,
s196823509,p03866,u541055501,1583048032,Java,Java8 (OpenJDK 1.8.0),java,Time Limit Exceeded,2109,105620,4695,
s699933874,p03866,u111365362,1582914651,Python,PyPy3 (2.4.0),py,Accepted,696,70620,724,
s585533924,p03866,u768152935,1582888912,C++,C++14 (GCC 5.4.1),cpp,Accepted,108,22676,1403,
s065683807,p03866,u768152935,1582888718,C++,C++14 (GCC 5.4.1),cpp,Wrong Answer,2116,1152972,1348,
s133586147,p03866,u768152935,1582888322,C++,C++14 (GCC 5.4.1),cpp,Wrong Answer,2110,1957104,1360,
s364084204,p03866,u867959763,1582816314,C++,C++ (GCC 5.4.1),cpp,Accepted,98,6128,1110,
s281880456,p03866,u867959763,1582816192,C++,C++ (GCC 5.4.1),cpp,Wrong Answer,97,5872,1111,
s655593958,p03866,u867959763,1582816107,C++,C++ (GCC 5.4.1),cpp,Wrong Answer,98,6384,1109,
s828548336,p03866,u867959763,1582815954,C++,C++ (GCC 5.4.1),cpp,Wrong Answer,32,2420,1105,
s327382716,p03866,u754587701,1582772569,C++,C++14 (GCC 5.4.1),cpp,Accepted,23,256,712,
s617671966,p03866,u168578024,1582728652,C++,C++14 (GCC 5.4.1),cpp,Accepted,105,22020,5637,
s215363483,p03866,u325348815,1582726820,C++,C++14 (GCC 5.4.1),cpp,Accepted,7,256,620,
s560636047,p03866,u981808900,1582695637,Java,Java8 (OpenJDK 1.8.0),java,Accepted,459,52548,4374,
s219818710,p03866,u981808900,1582695291,Java,Java8 (OpenJDK 1.8.0),java,Wrong Answer,457,55540,4287,
s992744683,p03866,u520276780,1582694672,Python,PyPy3 (2.4.0),py,Accepted,1242,118748,995,
s329764071,p03866,u981808900,1582694181,Java,Java8 (OpenJDK 1.8.0),java,Wrong Answer,2109,53032,4008,
s745002482,p03866,u922461964,1582685090,C++,C++14 (GCC 5.4.1),cpp,Accepted,31,8192,705,
s588571583,p03866,u827712003,1582684103,C++,C++14 (GCC 5.4.1),cpp,Runtime Error,104,2304,2456,
s970935047,p03866,u044893624,1582682824,C++,C++14 (GCC 5.4.1),cpp,Accepted,17,6400,1129,
s669512549,p03866,u201399534,1582681452,C++,C++14 (GCC 5.4.1),cpp,Accepted,308,51560,1717,
s077112380,p03866,u201399534,1582680924,C++,C++14 (GCC 5.4.1),cpp,Wrong Answer,235,51560,1709,
s563485538,p03866,u201399534,1582680613,C++,C++14 (GCC 5.4.1),cpp,Runtime Error,234,50024,1709,
s837306374,p03866,u827712003,1582679383,C++,C++14 (GCC 5.4.1),cpp,Accepted,9,256,1617,
s665960089,p03866,u357974633,1582677991,C++,C++14 (GCC 5.4.1),cpp,Accepted,30,8576,851,
s124510695,p03866,u561635563,1582676505,C++,C++14 (GCC 5.4.1),cpp,Accepted,12,256,908,
s064533843,p03866,u148425972,1582624776,C++,C++14 (GCC 5.4.1),cpp,Accepted,34,16128,2969,
s760313984,p03866,u148425972,1582624539,C++,C++14 (GCC 5.4.1),cpp,Wrong Answer,18,4224,2945,
s454555962,p03866,u756880921,1582595574,C++,C++14 (GCC 5.4.1),cpp,Accepted,164,26092,3165,
s124908014,p03866,u756880921,1582595474,C++,C++14 (GCC 5.4.1),cpp,Compile Error,,,3155,
s896100212,p03866,u779455925,1582590342,Python,PyPy3 (2.4.0),py,Accepted,1844,168312,1525,
s134610381,p03866,u779455925,1582590316,Python,PyPy3 (2.4.0),py,Wrong Answer,1958,168312,1530,
s541277128,p03866,u779455925,1582590208,Python,PyPy3 (2.4.0),py,Runtime Error,764,122972,1555,
s968758340,p03866,u779455925,1582590134,Python,PyPy3 (2.4.0),py,Runtime Error,2111,122460,1539,
s603452454,p03866,u779455925,1582589862,Python,PyPy3 (2.4.0),py,Wrong Answer,480,83420,1429,
s442377458,p03866,u779455925,1582589812,Python,PyPy3 (2.4.0),py,Runtime Error,2109,103004,1524,
s732600624,p03866,u779455925,1582589531,Python,PyPy3 (2.4.0),py,Wrong Answer,412,82780,1507,
s386624412,p03866,u779455925,1582589068,Python,PyPy3 (2.4.0),py,Runtime Error,813,129032,1448,
s136069938,p03866,u779455925,1582589015,Python,PyPy3 (2.4.0),py,Runtime Error,882,128776,1436,
s213372034,p03866,u779455925,1582588708,Python,PyPy3 (2.4.0),py,Runtime Error,942,137088,1476,
s800074374,p03866,u779455925,1582588431,Python,PyPy3 (2.4.0),py,Runtime Error,577,101980,1471,
s805086790,p03866,u724317441,1582501497,C#,C# (Mono 4.6.2.0),cs,Accepted,713,120100,10678,
s841947081,p03866,u853947407,1582472572,C++,C++14 (GCC 5.4.1),cpp,Accepted,132,40676,2743,
s185253635,p03866,u768967683,1582399383,C++,C++14 (GCC 5.4.1),cpp,Accepted,11,8064,618,
s285487436,p03866,u280096880,1582264776,C++,C++14 (GCC 5.4.1),cpp,Accepted,255,51116,2008,
s889346243,p03866,u280096880,1582264479,C++,C++14 (GCC 5.4.1),cpp,Accepted,247,50860,2008,
s869216977,p03866,u965730380,1582148373,C++,C++14 (GCC 5.4.1),cpp,Accepted,17,8320,1778,
s569313680,p03866,u965730380,1582147695,C++,C++14 (GCC 5.4.1),cpp,Time Limit Exceeded,2104,18176,1802,
s040984485,p03866,u965730380,1582147070,C++,C++14 (GCC 5.4.1),cpp,Wrong Answer,2105,18176,1770,
s510865175,p03866,u399391169,1582081217,C++,C++14 (GCC 5.4.1),cpp,Accepted,108,21872,1309,
s475374031,p03866,u434282696,1581862878,C++,C++14 (GCC 5.4.1),cpp,Accepted,109,22640,1817,
s254090953,p03866,u310752653,1581711287,Rust,Rust (1.15.1),rs,Accepted,1112,23800,5115,
s610937164,p03866,u588341295,1581443885,Python,Python (3.4.3),py,Time Limit Exceeded,2113,127308,2358,
s379306000,p03866,u588341295,1581443682,Python,PyPy3 (2.4.0),py,Accepted,1314,126600,2358,
s992996058,p03866,u588341295,1581443442,C++,C++14 (GCC 5.4.1),cpp,Accepted,193,73872,3780,
s569502828,p03866,u588341295,1581442379,C++,C++14 (GCC 5.4.1),cpp,Accepted,1853,73232,3718,
s810200243,p03866,u588341295,1581442204,C++,C++14 (GCC 5.4.1),cpp,Wrong Answer,1834,74256,3640,
s230193421,p03866,u588341295,1581438355,Python,PyPy3 (2.4.0),py,Time Limit Exceeded,2113,122632,2309,
s554745247,p03866,u588341295,1581438328,Python,Python (3.4.3),py,Time Limit Exceeded,2111,115740,2309,
s309609635,p03866,u239239546,1581181954,C++,C++14 (GCC 5.4.1),cpp,Accepted,105,22768,2635,
s288195814,p03866,u239239546,1581181235,C++,C++14 (GCC 5.4.1),cpp,Accepted,1700,18796,2511,
s526679034,p03866,u479974379,1581109800,C++,C++14 (GCC 5.4.1),cpp,Accepted,392,50936,1347,
s707815334,p03866,u862413182,1581103818,C++,C++14 (GCC 5.4.1),cpp,Accepted,563,8192,4823,
s568591570,p03866,u540491484,1581018637,C++,C++14 (GCC 5.4.1),cpp,Accepted,220,74860,2648,
s188899875,p03866,u540491484,1581018500,C++,C++14 (GCC 5.4.1),cpp,Wrong Answer,245,65152,2652,
s285474758,p03866,u540491484,1581016330,C++,C++14 (GCC 5.4.1),cpp,Wrong Answer,216,65152,2650,
s094456330,p03866,u506858457,1580953624,Python,Python (3.4.3),py,Accepted,1406,63152,511,
s325812007,p03866,u018679195,1580947314,C++,C++14 (GCC 5.4.1),cpp,Accepted,149,10220,1601,
s236081191,p03866,u816631826,1580946732,C++,C++14 (GCC 5.4.1),cpp,Time Limit Exceeded,2103,9964,1579,
s565055891,p03866,u223904637,1580792725,Python,Python (3.4.3),py,Accepted,1569,36980,721,
s063370282,p03866,u168774513,1580763200,C++,C++14 (GCC 5.4.1),cpp,Accepted,957,14068,1763,
s301279967,p03866,u863937042,1580706400,C++,C++14 (GCC 5.4.1),cpp,Accepted,221,75184,1747,
s296355707,p03866,u863937042,1580706266,C++,C++14 (GCC 5.4.1),cpp,Wrong Answer,220,75056,1687,
s718061596,p03866,u863937042,1580706110,C++,C++14 (GCC 5.4.1),cpp,Wrong Answer,225,74928,1678,
s312607838,p03866,u863937042,1580706079,C++,C++14 (Clang 3.8.0),cpp,Compile Error,,,1678,
s950614878,p03866,u435691768,1580700159,C++,C++14 (GCC 5.4.1),cpp,Accepted,171,42768,1846,
s095836649,p03866,u968778920,1580692499,C++,C++14 (GCC 5.4.1),cpp,Accepted,149,10604,1194,
s014085534,p03866,u968778920,1580692429,C++,C++14 (GCC 5.4.1),cpp,Wrong Answer,99,512,1183,
s625581503,p03866,u801120804,1580679562,C++,C++14 (GCC 5.4.1),cpp,Accepted,173,42640,2106,
s094521879,p03866,u801120804,1580679443,C++,C++14 (GCC 5.4.1),cpp,Wrong Answer,26,16640,2099,
s521539310,p03866,u801120804,1580679349,C++,C++14 (GCC 5.4.1),cpp,Compile Error,,,2101,
s256960214,p03866,u801120804,1580679230,C++,C++14 (GCC 5.4.1),cpp,Wrong Answer,30,16640,2072,
s489572745,p03866,u435691768,1580677334,C++,C++14 (GCC 5.4.1),cpp,Wrong Answer,2112,1135692,1713,
s437501196,p03866,u488087935,1580673710,C++,C++14 (GCC 5.4.1),cpp,Accepted,205,42128,2595,
s279012445,p03866,u488087935,1580672964,C++,C++14 (GCC 5.4.1),cpp,Wrong Answer,262,32640,2976,
s268466712,p03866,u488087935,1580672853,C++,C++14 (GCC 5.4.1),cpp,Compile Error,,,2869,
s539921682,p03866,u190021513,1580670156,C++,C++14 (GCC 5.4.1),cpp,Accepted,176,42544,1607,
s013218274,p03866,u190021513,1580669996,C++,C++14 (GCC 5.4.1),cpp,Wrong Answer,174,42800,1557,
s839417720,p03866,u190021513,1580669744,C++,C++14 (GCC 5.4.1),cpp,Wrong Answer,178,43056,1500,
s650962849,p03866,u190021513,1580669651,C++,C++14 (GCC 5.4.1),cpp,Wrong Answer,172,42604,1500,
s876002037,p03866,u190021513,1580669446,C++,C++14 (GCC 5.4.1),cpp,Wrong Answer,30,16512,1392,
s366121535,p03866,u068958382,1580665806,C++,C++14 (GCC 5.4.1),cpp,Accepted,1475,43024,1379,
s304438296,p03866,u068958382,1580665276,C++,C++14 (GCC 5.4.1),cpp,Time Limit Exceeded,2113,1327308,1259,
s533972681,p03866,u068958382,1580665226,C++,C++14 (GCC 5.4.1),cpp,Time Limit Exceeded,2114,1405900,1211,
s168101281,p03866,u254982135,1580624755,Rust,Rust (1.15.1),rs,Accepted,1242,19704,36567,
s269106879,p03866,u658993896,1580592975,C++,C++14 (GCC 5.4.1),cpp,Accepted,949,22124,2232,
s513789186,p03866,u425287928,1580584547,C++,C++14 (GCC 5.4.1),cpp,Accepted,107,22676,10605,
s103972618,p03866,u425287928,1580584421,C++,C++14 (GCC 5.4.1),cpp,Wrong Answer,24,16768,10600,
s259401158,p03866,u828388155,1580484106,C++,C++14 (GCC 5.4.1),cpp,Accepted,104,22256,2429,
s892546754,p03866,u842939260,1580419953,C++,C++14 (GCC 5.4.1),cpp,Accepted,14,8192,7156,
s239906616,p03866,u649915042,1580341830,C++,C++14 (GCC 5.4.1),cpp,Accepted,108,22256,2756,
s527515234,p03866,u649915042,1580341644,C++,C++14 (GCC 5.4.1),cpp,Wrong Answer,108,22512,2644,
s665177899,p03866,u649915042,1580341401,C++,C++14 (GCC 5.4.1),cpp,Wrong Answer,108,22512,2644,
s835750138,p03866,u649915042,1580341264,C++,C++14 (GCC 5.4.1),cpp,Wrong Answer,107,22512,2644,
s470951500,p03866,u254456372,1580273963,C++,C++14 (GCC 5.4.1),cpp,Accepted,169,42220,37225,
s065019684,p03866,u014847113,1579928042,C++,C++14 (GCC 5.4.1),cpp,Accepted,109,384,2587,
s859687149,p03866,u014847113,1579927818,C++,C++14 (GCC 5.4.1),cpp,Wrong Answer,891,896,2538,
s601933135,p03866,u167931717,1579800076,C++,C++14 (GCC 5.4.1),cpp,Accepted,157,34940,20514,
s308077067,p03866,u504836877,1579744157,Python,PyPy3 (2.4.0),py,Accepted,1191,121176,773,
s309167648,p03866,u504836877,1579743629,Python,PyPy3 (2.4.0),py,Wrong Answer,1147,121176,757,
s161208547,p03866,u676029460,1579735192,C++,C++14 (GCC 5.4.1),cpp,Accepted,781,8192,1137,
s026328202,p03866,u812973725,1579733676,C++,C++14 (GCC 5.4.1),cpp,Accepted,106,37360,2288,
s677496755,p03866,u335667012,1579697014,C++,C++14 (GCC 5.4.1),cpp,Accepted,178,42384,1726,
s449069243,p03866,u473013083,1579672263,C++,C++ (GCC 5.4.1),cpp,Accepted,99,22256,2013,
s594085735,p03866,u473013083,1579670590,C++,C++14 (GCC 5.4.1),cpp,Accepted,106,22512,2013,
s362133327,p03866,u473013083,1579670559,C++,C++14 (GCC 5.4.1),cpp,Runtime Error,101,3456,2012,
s488695817,p03866,u183509493,1579554242,Java,Java8 (OpenJDK 1.8.0),java,Accepted,535,48308,5957,
s128672391,p03866,u183509493,1579554159,Java,Java8 (OpenJDK 1.8.0),java,Wrong Answer,485,49204,5966,
s511488214,p03866,u183509493,1579554036,Java,Java8 (OpenJDK 1.8.0),java,Time Limit Exceeded,2109,47676,5841,
s917368762,p03866,u183509493,1579554003,Java,Java8 (OpenJDK 1.8.0),java,Wrong Answer,2109,46884,5845,
s501383573,p03866,u183509493,1579553899,Java,Java8 (OpenJDK 1.8.0),java,Wrong Answer,2109,47352,5789,
s599108194,p03866,u905582793,1579329789,Python,Python (3.4.3),py,Accepted,1453,113172,835,
s787107666,p03866,u905582793,1579329668,Python,Python (3.4.3),py,Wrong Answer,1461,113168,823,
s413723078,p03866,u925940521,1579184456,C++,C++14 (GCC 5.4.1),cpp,Accepted,162,60264,11361,
s056839291,p03866,u925940521,1579184018,C++,C++14 (GCC 5.4.1),cpp,Time Limit Exceeded,2106,60392,11268,
s272561943,p03866,u925940521,1579183945,C++,C++14 (GCC 5.4.1),cpp,Wrong Answer,2106,60264,11209,
s556384776,p03866,u925940521,1579183895,C++,C++14 (GCC 5.4.1),cpp,Wrong Answer,2106,60520,11205,
s239555937,p03866,u925940521,1579183414,C++,C++14 (GCC 5.4.1),cpp,Compile Error,,,11134,
s568552425,p03866,u925940521,1579183172,C++,C++14 (GCC 5.4.1),cpp,Wrong Answer,2106,60264,11068,
s658956017,p03866,u172873334,1578950145,C++,C++14 (GCC 5.4.1),cpp,Accepted,200,42092,11767,
s022764969,p03866,u620639655,1578617910,Rust,Rust (1.15.1),rs,Accepted,1136,17656,2796,
s354643683,p03866,u620639655,1578616761,Rust,Rust (1.15.1),rs,Time Limit Exceeded,2103,9464,2605,
s353030849,p03866,u620639655,1578616621,Rust,Rust (1.15.1),rs,Time Limit Exceeded,2103,9464,2546,
s978293541,p03866,u116670634,1578462742,C++,C++14 (GCC 5.4.1),cpp,Accepted,192,42604,4447,
s598518007,p03866,u740836226,1578459411,C++,C++14 (GCC 5.4.1),cpp,Accepted,90,10488,1607,
s042664185,p03866,u740836226,1578459306,C++,C++14 (GCC 5.4.1),cpp,Wrong Answer,89,10616,1587,
s449749529,p03866,u740836226,1578458746,Ruby,Ruby (2.3.3),rb,Time Limit Exceeded,2109,20604,1651,
s981206061,p03866,u740836226,1578458481,Ruby,Ruby (2.3.3),rb,Time Limit Exceeded,2110,28284,1612,
s549064661,p03866,u740836226,1578458297,Ruby,Ruby (2.3.3),rb,Time Limit Exceeded,2109,37244,1612,
s369933049,p03866,u143509139,1578429025,Python,PyPy3 (2.4.0),py,Accepted,1486,122204,1902,
s207172647,p03866,u067694854,1578370471,C++,C++14 (GCC 5.4.1),cpp,Accepted,99,18420,1927,
s808876573,p03866,u848359007,1578361747,C++,C++14 (GCC 5.4.1),cpp,Accepted,1004,8064,900,
s433852544,p03866,u047685308,1578333408,C++,C++14 (GCC 5.4.1),cpp,Accepted,118,8192,1176,
s078960703,p03866,u325227960,1578297036,Python,Python (3.4.3),py,Time Limit Exceeded,2116,187932,1327,
s930825640,p03866,u325227960,1578296994,Python,PyPy3 (2.4.0),py,Time Limit Exceeded,2123,308956,1327,
s095446169,p03866,u325227960,1578296667,Python,PyPy3 (2.4.0),py,Time Limit Exceeded,2123,309724,1246,
s829867547,p03866,u325227960,1578296370,Python,PyPy3 (2.4.0),py,Time Limit Exceeded,2124,309852,1234,
s942702119,p03866,u325227960,1578296171,Python,Python (3.4.3),py,Time Limit Exceeded,2111,84800,590,
s877898918,p03866,u095453583,1578290806,C++,C++14 (GCC 5.4.1),cpp,Accepted,119,23712,5718,
s769508806,p03866,u366398972,1578212017,C++,C++14 (GCC 5.4.1),cpp,Accepted,106,22256,1828,
s481592534,p03866,u366398972,1578211916,C++,C++14 (GCC 5.4.1),cpp,Wrong Answer,67,37300,1852,
s386348858,p03866,u366398972,1578211789,C++,C++14 (GCC 5.4.1),cpp,Wrong Answer,41,18676,1820,
s575061004,p03866,u956758464,1578181282,C++,C++14 (GCC 5.4.1),cpp,Accepted,109,22128,1624,
s333263885,p03866,u314057689,1578103285,C++,C++14 (GCC 5.4.1),cpp,Accepted,216,26732,3430,
s593414684,p03866,u828766688,1577836232,Python,PyPy3 (2.4.0),py,Accepted,564,90332,954,
s657703877,p03866,u828766688,1577834855,Python,PyPy3 (2.4.0),py,Time Limit Exceeded,2111,122928,905,
s406501452,p03866,u828766688,1577834224,Python,PyPy3 (2.4.0),py,Time Limit Exceeded,2110,121200,946,
s797302026,p03866,u828766688,1577833668,Python,PyPy3 (2.4.0),py,Time Limit Exceeded,2110,122716,882,
s639654236,p03866,u828766688,1577833537,Python,PyPy3 (2.4.0),py,Time Limit Exceeded,2111,121180,839,
s826393822,p03866,u638795007,1577822198,Python,PyPy3 (2.4.0),py,Accepted,380,81904,1843,
s304018724,p03866,u638795007,1577821869,Python,PyPy3 (2.4.0),py,Time Limit Exceeded,2117,225160,1956,
s146877892,p03866,u638795007,1577820784,Python,PyPy3 (2.4.0),py,Time Limit Exceeded,2114,172808,1814,
s669192870,p03866,u863370423,1577761295,C++,C++14 (GCC 5.4.1),cpp,Accepted,167,34796,1977,
s344457743,p03866,u339937125,1577573379,C++,C++14 (GCC 5.4.1),cpp,Accepted,26,16384,1612,
s919434596,p03866,u339937125,1577572818,C++,C++14 (GCC 5.4.1),cpp,Wrong Answer,26,16384,1608,
s096062239,p03866,u339937125,1577571977,C++,C++14 (GCC 5.4.1),cpp,Wrong Answer,27,16256,1608,
s530393266,p03866,u339937125,1577571370,C++,C++14 (GCC 5.4.1),cpp,Wrong Answer,28,16384,1604,
s928356837,p03866,u339937125,1577570157,C++,C++14 (GCC 5.4.1),cpp,Wrong Answer,32,16384,1647,
s352574432,p03866,u339937125,1577569901,C++,C++14 (GCC 5.4.1),cpp,Wrong Answer,35,16384,1650,
s253600544,p03866,u339937125,1577569638,C++,C++14 (GCC 5.4.1),cpp,Wrong Answer,22,16128,1603,
s324680014,p03866,u339937125,1577569192,C++,C++14 (GCC 5.4.1),cpp,Wrong Answer,13,8192,1629,
s291645207,p03866,u339937125,1577569116,C++,C++14 (GCC 5.4.1),cpp,Wrong Answer,13,8192,1629,
s983404509,p03866,u339937125,1577569064,C++,C++14 (GCC 5.4.1),cpp,Wrong Answer,13,8192,1648,
s531669216,p03866,u321397347,1577477481,C++,C++14 (GCC 5.4.1),cpp,Accepted,8,256,849,
s152750440,p03866,u139031151,1577397576,C++,C++14 (GCC 5.4.1),cpp,Accepted,105,22532,22736,
s460850377,p03866,u139031151,1577396906,C++,C++14 (GCC 5.4.1),cpp,Wrong Answer,6,256,22064,
s721605316,p03866,u492131209,1577304060,C++,C++14 (GCC 5.4.1),cpp,Accepted,112,22512,2607,
s452544869,p03866,u492131209,1577303923,C++,C++14 (GCC 5.4.1),cpp,Wrong Answer,112,22512,2513,
s480981804,p03866,u492131209,1577303550,C++,C++14 (GCC 5.4.1),cpp,Wrong Answer,112,22768,2515,
s285130704,p03866,u824905100,1577159448,C++,C++14 (GCC 5.4.1),cpp,Accepted,1117,10112,10364,
s232809708,p03866,u824905100,1577159117,C++,C++14 (GCC 5.4.1),cpp,Wrong Answer,1114,10112,10241,
s591484819,p03866,u824905100,1577158873,C++,C++14 (GCC 5.4.1),cpp,Wrong Answer,1114,10112,10241,
s925784342,p03866,u381394404,1577100324,C++,C++14 (GCC 5.4.1),cpp,Wrong Answer,11,8192,2308,
s674461379,p03866,u381394404,1577099440,C++,C++14 (GCC 5.4.1),cpp,Accepted,11,8192,2479,
s734854783,p03866,u381394404,1577099152,C++,C++14 (GCC 5.4.1),cpp,Wrong Answer,10,8192,2156,
s347415427,p03866,u381394404,1577096732,C++,C++14 (GCC 5.4.1),cpp,Accepted,1390,8192,2385,
s509449886,p03866,u381394404,1577096534,C++,C++14 (GCC 5.4.1),cpp,Accepted,1026,9216,2353,
s780931494,p03866,u381394404,1577096276,C++,C++14 (GCC 5.4.1),cpp,Compile Error,,,2323,
s565905387,p03866,u828346292,1576911960,C++,C++14 (GCC 5.4.1),cpp,Accepted,18,16000,1576,
s851873512,p03866,u828346292,1576911863,C++,C++14 (GCC 5.4.1),cpp,Compile Error,,,1546,
s121325730,p03866,u120305309,1576902522,C++,C++14 (GCC 5.4.1),cpp,Accepted,172,43024,1520,
s143694497,p03866,u035566695,1576807741,C++,C++14 (GCC 5.4.1),cpp,Accepted,96,13808,1436,
s439539748,p03866,u344122377,1576771320,C++,C++14 (GCC 5.4.1),cpp,Accepted,311,70128,2013,
s923089720,p03866,u344122377,1576771035,C++,C++14 (GCC 5.4.1),cpp,Wrong Answer,308,69872,1859,
s212002548,p03866,u344122377,1576769711,C++,C++14 (GCC 5.4.1),cpp,Wrong Answer,304,70000,1955,
s744358062,p03866,u923894160,1576550070,C++,C++14 (GCC 5.4.1),cpp,Accepted,94,6256,1922,
s995242105,p03866,u352248517,1576525827,C++,C++14 (GCC 5.4.1),cpp,Accepted,214,34792,1093,
s413097711,p03866,u556276145,1576368731,C++,C++14 (GCC 5.4.1),cpp,Accepted,172,42476,2747,
s491073978,p03866,u556276145,1576368670,C++,C++14 (GCC 5.4.1),cpp,Accepted,176,42348,2729,
s038352274,p03866,u556276145,1576368518,C++,C++14 (GCC 5.4.1),cpp,Wrong Answer,1975,59628,2782,
s156278246,p03866,u047554023,1576348933,C++,C++14 (GCC 5.4.1),cpp,Accepted,100,14064,908,
s948607952,p03866,u686306932,1576270867,C++,C++14 (GCC 5.4.1),cpp,Accepted,176,26092,1515,
s559886141,p03866,u686306932,1576268122,C++,C++14 (GCC 5.4.1),cpp,Wrong Answer,172,25836,1521,
s128555979,p03866,u686306932,1576266828,C++,C++14 (GCC 5.4.1),cpp,Wrong Answer,170,24556,1530,
s306810519,p03866,u686306932,1576266334,C++,C++14 (GCC 5.4.1),cpp,Wrong Answer,174,25452,1519,
s918015068,p03866,u686306932,1576266092,C++,C++14 (GCC 5.4.1),cpp,Wrong Answer,120,12528,1474,
s828733677,p03866,u440566786,1576199296,Python,PyPy3 (2.4.0),py,Accepted,620,122972,1013,
s845733232,p03866,u756659922,1576110623,C++,C++14 (GCC 5.4.1),cpp,Time Limit Exceeded,2108,1446476,1223,
s551258618,p03866,u756659922,1576110541,C++,C++14 (GCC 5.4.1),cpp,Time Limit Exceeded,2116,1464396,1201,
s522751860,p03866,u550314572,1576110162,Java,Java8 (OpenJDK 1.8.0),java,Accepted,969,118516,82655,
s494507223,p03866,u550314572,1576110006,Java,Java8 (OpenJDK 1.8.0),java,Wrong Answer,445,71696,82639,
s197020612,p03866,u768883494,1576084329,C++,C++14 (GCC 5.4.1),cpp,Accepted,159,25964,1404,
s390290104,p03866,u768883494,1576082656,C++,C++14 (GCC 5.4.1),cpp,Time Limit Exceeded,2104,16128,1391,
s923592723,p03866,u768883494,1576081412,C++,C++14 (GCC 5.4.1),cpp,Time Limit Exceeded,2104,16128,1503,
s799520135,p03866,u440213743,1576022777,C++,C++14 (GCC 5.4.1),cpp,Accepted,147,25708,1309,
s830949685,p03866,u005415727,1576022734,C++,C++14 (GCC 5.4.1),cpp,Accepted,149,26220,1309,
s539335977,p03866,u644778646,1575950005,C++,C++14 (GCC 5.4.1),cpp,Accepted,137,38768,3615,
s211298374,p03866,u644778646,1575949747,C++,C++14 (GCC 5.4.1),cpp,Wrong Answer,72,35000,3616,
s001627286,p03866,u644778646,1575948845,C++,C++14 (GCC 5.4.1),cpp,Wrong Answer,67,35000,3611,
s988769729,p03866,u644778646,1575948162,C++,C++14 (GCC 5.4.1),cpp,Wrong Answer,65,35000,4007,
s506629259,p03866,u097790401,1575931959,C#,C# (Mono 4.6.2.0),cs,Accepted,89,39384,4585,
s671859503,p03866,u097790401,1575931541,C#,C# (Mono 4.6.2.0),cs,Wrong Answer,88,37328,4541,
s372642613,p03866,u097790401,1575924581,C#,C# (Mono 4.6.2.0),cs,Wrong Answer,2109,39376,4296,
s102599837,p03866,u365058393,1575853526,C++,C++14 (GCC 5.4.1),cpp,Accepted,96,6020,1199,
s356082565,p03866,u365058393,1575853358,C++,C++14 (GCC 5.4.1),cpp,Time Limit Exceeded,2103,6404,1128,
s508867843,p03866,u365058393,1575853196,C++,C++14 (GCC 5.4.1),cpp,Wrong Answer,672,2440,1127,
s457616512,p03866,u591914971,1575787705,C++,C++14 (GCC 5.4.1),cpp,Accepted,5,384,2125,
s941152174,p03866,u591914971,1575787612,C++,C++14 (GCC 5.4.1),cpp,Wrong Answer,7,384,2137,
s857784721,p03866,u591914971,1575787603,C++,C++14 (GCC 5.4.1),cpp,Compile Error,,,29,
s600116967,p03866,u591914971,1575786258,C++,C++14 (GCC 5.4.1),cpp,Wrong Answer,4,384,1914,
s291560905,p03866,u591914971,1575785689,C++,C++14 (GCC 5.4.1),cpp,Wrong Answer,4,384,1914,
s458214607,p03866,u537905693,1575778952,C++,C++14 (GCC 5.4.1),cpp,Accepted,96,14340,1957,
s026387095,p03866,u537905693,1575778755,C++,C++14 (GCC 5.4.1),cpp,Wrong Answer,26,12804,1958,
s274035042,p03866,u537874719,1575749679,C++,C++14 (GCC 5.4.1),cpp,Accepted,118,37892,4748,
s437543254,p03866,u537874719,1575749528,C++,C++14 (GCC 5.4.1),cpp,Wrong Answer,113,38532,4706,
s519942748,p03866,u537874719,1575749229,C++,C++14 (GCC 5.4.1),cpp,Wrong Answer,112,38276,4706,
s520008672,p03866,u863044225,1575667093,C++,C++14 (GCC 5.4.1),cpp,Accepted,105,22548,2912,
s260164398,p03866,u532966492,1575652491,Python,PyPy3 (2.4.0),py,Accepted,1606,142600,872,
s580698422,p03866,u532966492,1575652226,Python,PyPy3 (2.4.0),py,Time Limit Exceeded,2120,225416,832,
s531781634,p03866,u532966492,1575652113,Python,PyPy3 (2.4.0),py,Runtime Error,181,38392,914,
s518348990,p03866,u532966492,1575652092,Python,Python (3.4.3),py,Time Limit Exceeded,2110,36516,914,
s064034482,p03866,u548834738,1575604367,C++,C++14 (GCC 5.4.1),cpp,Accepted,98,14324,1304,
s681417517,p03866,u708258059,1575600640,C++,C++14 (GCC 5.4.1),cpp,Accepted,140,37616,1382,
s922711510,p03866,u548834738,1575599693,C++,C++14 (GCC 5.4.1),cpp,Accepted,916,13680,1267,
s134567650,p03866,u030685402,1575577286,C++,C++14 (GCC 5.4.1),cpp,Accepted,174,42348,3210,
s861557046,p03866,u030685402,1575577232,C++,C++14 (GCC 5.4.1),cpp,Wrong Answer,107,32768,3204,
s113086332,p03866,u706695185,1575522107,Ruby,Ruby (2.3.3),rb,Accepted,988,59260,941,
s559301808,p03866,u706695185,1575521094,Ruby,Ruby (2.3.3),rb,Time Limit Exceeded,2113,74748,2257,
s510907794,p03866,u706695185,1575520886,Ruby,Ruby (2.3.3),rb,Time Limit Exceeded,2112,76668,2252,
s277289774,p03866,u706695185,1575520613,Ruby,Ruby (2.3.3),rb,Time Limit Exceeded,2112,74748,2253,
s067743795,p03866,u706695185,1575520242,Ruby,Ruby (2.3.3),rb,Time Limit Exceeded,2112,76412,2251,
s052606524,p03866,u084266712,1575449969,C++,C++14 (GCC 5.4.1),cpp,Accepted,321,52096,1894,
s717686137,p03866,u480831358,1575422079,C++,C++14 (GCC 5.4.1),cpp,Accepted,103,13808,1773,
s375481873,p03866,u480831358,1575421967,C++,C++14 (GCC 5.4.1),cpp,Wrong Answer,163,26092,1772,
s616259290,p03866,u480831358,1575421702,C++,C++14 (GCC 5.4.1),cpp,Wrong Answer,98,14324,1717,
s563842643,p03866,u480831358,1575421482,C++,C++14 (GCC 5.4.1),cpp,Wrong Answer,162,26348,1726,
s418642187,p03866,u480831358,1575420993,C++,C++14 (GCC 5.4.1),cpp,Wrong Answer,100,14068,1679,
s880003706,p03866,u364298541,1575355096,C++,C++14 (GCC 5.4.1),cpp,Accepted,105,21652,1588,
s117459081,p03866,u771276542,1575222598,C++,C++14 (GCC 5.4.1),cpp,Accepted,108,26732,1998,
s210751305,p03866,u846041485,1575220770,C++,C++14 (GCC 5.4.1),cpp,Accepted,126,26896,4682,
s930089443,p03866,u150542210,1575143600,Go,Go (1.6),go,Accepted,391,32000,2871,
s299699289,p03866,u150542210,1575142693,Go,Go (1.6),go,Time Limit Exceeded,2109,28032,2921,
s971752020,p03866,u275786410,1575094255,C++,C++14 (GCC 5.4.1),cpp,Accepted,20,8320,1362,
s002223271,p03866,u150542210,1575088561,Go,Go (1.6),go,Accepted,1382,28032,2830,
s810651392,p03866,u150542210,1575087071,Go,Go (1.6),go,Wrong Answer,2108,19604,2798,
s015965908,p03866,u150542210,1575086456,Go,Go (1.6),go,Time Limit Exceeded,2116,1147392,2798,
s757706236,p03866,u150542210,1575086270,Go,Go (1.6),go,Time Limit Exceeded,2114,1038848,2793,
s811923831,p03866,u150542210,1575086024,Go,Go (1.6),go,Time Limit Exceeded,2118,1077760,2765,
s399409510,p03866,u319282133,1574997047,C++,C++14 (GCC 5.4.1),cpp,Accepted,102,22512,1434,
s349013665,p03866,u095714878,1574843530,Julia,Julia (0.5.0),jl,Time Limit Exceeded,2113,160932,2067,
s236163288,p03866,u095714878,1574843292,Julia,Julia (0.5.0),jl,Time Limit Exceeded,2113,156572,1900,
s662847345,p03866,u095714878,1574841795,Julia,Julia (0.5.0),jl,Accepted,1739,170016,2560,
s708128105,p03866,u095714878,1574841511,Julia,Julia (0.5.0),jl,Time Limit Exceeded,2113,169100,2686,
s911824551,p03866,u095714878,1574840892,Julia,Julia (0.5.0),jl,Time Limit Exceeded,2113,194488,2774,
s113191897,p03866,u095714878,1574840111,Julia,Julia (0.5.0),jl,Time Limit Exceeded,2113,169480,2687,
s097696270,p03866,u095714878,1574839773,Julia,Julia (0.5.0),jl,Time Limit Exceeded,2113,167772,2698,
s330002237,p03866,u095714878,1574838270,Julia,Julia (0.5.0),jl,Wrong Answer,748,160568,2485,
s825710190,p03866,u095714878,1574838176,Julia,Julia (0.5.0),jl,Wrong Answer,752,161164,2448,
s506365214,p03866,u095714878,1574838003,Julia,Julia (0.5.0),jl,Wrong Answer,2113,174852,1987,
s809934755,p03866,u095714878,1574837944,Julia,Julia (0.5.0),jl,Wrong Answer,768,160740,2657,
s564199179,p03866,u095714878,1574837757,Julia,Julia (0.5.0),jl,Wrong Answer,749,160776,2513,
s219066710,p03866,u095714878,1574837064,Julia,Julia (0.5.0),jl,Wrong Answer,735,160836,2419,
s026222091,p03866,u095714878,1574835616,Julia,Julia (0.5.0),jl,Time Limit Exceeded,2113,158600,2067,
s702477685,p03866,u095714878,1574835102,Julia,Julia (0.5.0),jl,Time Limit Exceeded,2113,174268,1960,
s839664457,p03866,u095714878,1574834284,Julia,Julia (0.5.0),jl,Time Limit Exceeded,2113,158512,1940,
s382266265,p03866,u095714878,1574834170,Julia,Julia (0.5.0),jl,Runtime Error,1675,169112,1943,
s448097990,p03866,u095714878,1574833509,Julia,Julia (0.5.0),jl,Time Limit Exceeded,2117,158596,2066,
s214220126,p03866,u095714878,1574833476,Julia,Julia (0.5.0),jl,Wrong Answer,2113,158216,2066,
s450348175,p03866,u095714878,1574833389,Julia,Julia (0.5.0),jl,Wrong Answer,895,174844,1651,
s973514519,p03866,u095714878,1574833217,Julia,Julia (0.5.0),jl,Runtime Error,1753,173216,2085,
s494804707,p03866,u095714878,1574832944,Julia,Julia (0.5.0),jl,Wrong Answer,2113,159008,2002,
s252176937,p03866,u241367243,1574798748,C++,C++14 (GCC 5.4.1),cpp,Accepted,12,8320,6779,
s860668689,p03866,u268977772,1574575709,C++,C++14 (GCC 5.4.1),cpp,Accepted,120,53104,1887,
s268962880,p03866,u573082373,1574575667,C++,C++14 (GCC 5.4.1),cpp,Accepted,108,21872,1157,
s601764320,p03866,u169212791,1574477474,C++,C++14 (GCC 5.4.1),cpp,Accepted,1193,22396,1993,
s287601752,p03866,u234826697,1574378817,Java,Java8 (OpenJDK 1.8.0),java,Accepted,792,118084,8752,
s066458078,p03866,u234826697,1574378611,Java,Java8 (OpenJDK 1.8.0),java,Wrong Answer,793,113928,8648,
s638209772,p03866,u365730500,1574286388,C++,C++14 (GCC 5.4.1),cpp,Accepted,155,26224,3375,
s178020530,p03866,u244626757,1574283747,C++,C++14 (GCC 5.4.1),cpp,Accepted,177,42768,1239,
s662816531,p03866,u244626757,1574282497,C++,C++14 (GCC 5.4.1),cpp,Wrong Answer,171,43024,1233,
s843592279,p03866,u244626757,1574282401,C++,C++14 (GCC 5.4.1),cpp,Wrong Answer,159,26220,1228,
s882104434,p03866,u946322619,1574226239,C++,C++14 (GCC 5.4.1),cpp,Accepted,22,16384,7978,
s564567734,p03866,u946322619,1574225735,C++,C++14 (GCC 5.4.1),cpp,Accepted,22,16384,7973,
s249844448,p03866,u946322619,1574225631,C++,C++14 (GCC 5.4.1),cpp,Accepted,22,16384,8015,
s712969912,p03866,u946322619,1574225584,C++,C++14 (GCC 5.4.1),cpp,Accepted,22,16384,8031,
s150485041,p03866,u946322619,1574225551,C++,C++14 (GCC 5.4.1),cpp,Compile Error,,,3831,
s462011365,p03866,u917048429,1574204555,C++,C++14 (GCC 5.4.1),cpp,Accepted,109,21616,2670,
s734794480,p03866,u946322619,1574044135,C++,C++14 (GCC 5.4.1),cpp,Accepted,23,16384,8048,
s523764166,p03866,u946322619,1574043912,C++,C++14 (GCC 5.4.1),cpp,Accepted,23,16512,7961,
s771796707,p03866,u946322619,1574043149,C++,C++14 (GCC 5.4.1),cpp,Accepted,24,16512,8755,
s552598467,p03866,u946322619,1574042965,C++,C++14 (GCC 5.4.1),cpp,Accepted,23,16512,8623,
s595628425,p03866,u946322619,1574042259,C++,C++14 (GCC 5.4.1),cpp,Accepted,24,16512,8498,
s336298125,p03866,u946322619,1574041984,C++,C++14 (GCC 5.4.1),cpp,Accepted,23,16512,8717,
s657602470,p03866,u946322619,1574041677,C++,C++14 (GCC 5.4.1),cpp,Accepted,706,55552,8693,
s065499808,p03866,u946322619,1574041249,C++,C++14 (GCC 5.4.1),cpp,Wrong Answer,23,16512,8607,
s790773498,p03866,u946322619,1574041195,C++,C++14 (GCC 5.4.1),cpp,Accepted,108,26624,8608,
s856474565,p03866,u946322619,1574040326,C++,C++14 (GCC 5.4.1),cpp,Accepted,107,26624,9069,
s844155023,p03866,u946322619,1574037275,C++,C++14 (GCC 5.4.1),cpp,Wrong Answer,22,16512,7867,
s568632236,p03866,u946322619,1574037185,C++,C++14 (GCC 5.4.1),cpp,Wrong Answer,18,8448,7867,
s515085015,p03866,u680707192,1573954206,C++,C++14 (GCC 5.4.1),cpp,Accepted,603,22676,1419,
s287142432,p03866,u246482452,1573952914,C++,C++14 (GCC 5.4.1),cpp,Accepted,147,12524,1631,
s316982962,p03866,u022832318,1573856012,C++,C++14 (GCC 5.4.1),cpp,Accepted,108,20976,3368,
s457369694,p03866,u677523557,1573696858,Python,PyPy3 (2.4.0),py,Accepted,1661,166664,1213,
s037523490,p03866,u555962250,1573683120,C++,C++14 (GCC 5.4.1),cpp,Accepted,101,24944,1464,
s945590139,p03866,u061071198,1573565456,C++,C++14 (GCC 5.4.1),cpp,Accepted,226,32032,6381,
s236064114,p03866,u313766957,1573526988,C++,C++14 (GCC 5.4.1),cpp,Accepted,104,21908,1361,
s769949222,p03866,u563698482,1573525756,C#,C# (Mono 4.6.2.0),cs,Accepted,62,20960,2793,
s515760259,p03866,u314396879,1573392713,C++,C++14 (GCC 5.4.1),cpp,Accepted,19,8320,1048,
s592592353,p03866,u931819817,1573350366,C++,C++14 (GCC 5.4.1),cpp,Accepted,95,13296,1377,
s796174250,p03866,u931819817,1573350069,C++,C++14 (GCC 5.4.1),cpp,Wrong Answer,8,8192,1378,
s972312775,p03866,u931819817,1573349853,C++,C++14 (GCC 5.4.1),cpp,Accepted,1105,14064,1333,
s705592866,p03866,u511965386,1573118415,Python,PyPy3 (2.4.0),py,Accepted,1160,93660,815,
s647077178,p03866,u511965386,1573117706,Python,PyPy3 (2.4.0),py,Wrong Answer,1207,93812,805,
s984475340,p03866,u511965386,1573117386,Python,PyPy3 (2.4.0),py,Wrong Answer,1287,94168,787,
s104222018,p03866,u263933075,1573016067,C++,C++ (GCC 5.4.1),cpp,Accepted,568,25472,1202,
s660598427,p03866,u426964396,1573010802,C++,C++ (GCC 5.4.1),cpp,Accepted,570,25600,1278,
s183987152,p03866,u263933075,1573010669,C++,C++ (GCC 5.4.1),cpp,Compile Error,,,1262,
s027981835,p03866,u368329754,1572977730,C++,C++14 (GCC 5.4.1),cpp,Accepted,150,10476,1455,
s730787432,p03866,u426964396,1572877812,C++,C++14 (GCC 5.4.1),cpp,Accepted,97,14320,1163,
s814134835,p03866,u263933075,1572877728,C++,C++14 (GCC 5.4.1),cpp,Accepted,550,8192,1132,
s273054261,p03866,u476418095,1572877122,C++,C++14 (GCC 5.4.1),cpp,Wrong Answer,15,9336,1168,
s817847319,p03866,u499381410,1572654966,Python,PyPy3 (2.4.0),py,Accepted,1325,124636,1729,
s821568178,p03866,u504228740,1572632111,Java,Java8 (OpenJDK 1.8.0),java,Accepted,1638,61996,1453,
s571719176,p03866,u504228740,1572631127,Java,Java8 (OpenJDK 1.8.0),java,Time Limit Exceeded,2113,454208,1403,
s219966441,p03866,u209713918,1572525021,C++,C++14 (GCC 5.4.1),cpp,Accepted,109,22384,2240,
s794493970,p03866,u491550356,1572487852,C++,C++14 (GCC 5.4.1),cpp,Accepted,23,384,6570,
s013067376,p03866,u778204640,1572474257,C#,C# (Mono 4.6.2.0),cs,Accepted,168,61612,10213,
s989993378,p03866,u073486874,1572411381,C++,C++14 (GCC 5.4.1),cpp,Accepted,674,21908,2512,
s862447054,p03866,u778204640,1572406648,C#,C# (Mono 4.6.2.0),cs,Accepted,170,61100,10280,
s177251166,p03866,u708618797,1572403095,C++,C++14 (GCC 5.4.1),cpp,Accepted,33,24448,6476,
s405481571,p03866,u708618797,1572402933,C++,C++14 (GCC 5.4.1),cpp,Accepted,37,24448,6476,
s022274878,p03866,u778204640,1572400164,C#,C# (Mono 4.6.2.0),cs,Accepted,172,61740,10529,
s090222192,p03866,u778204640,1572398856,C#,C# (Mono 4.6.2.0),cs,Accepted,170,61740,10236,
s120457612,p03866,u778204640,1572391300,C#,C# (Mono 4.6.2.0),cs,Accepted,182,61740,10656,
s242085134,p03866,u778204640,1572391250,C#,C# (Mono 4.6.2.0),cs,Wrong Answer,247,61740,10640,
s559786446,p03866,u352499693,1572364793,C++,C++14 (GCC 5.4.1),cpp,Accepted,41,24448,6758,
s696914051,p03866,u270681687,1572354872,C++,C++14 (GCC 5.4.1),cpp,Accepted,111,22640,2125,
s651372474,p03866,u270681687,1572354666,C++,C++14 (GCC 5.4.1),cpp,Wrong Answer,31,16640,2117,
s725347357,p03866,u352499693,1572336859,C++,C++14 (GCC 5.4.1),cpp,Accepted,114,30340,3899,
s459303970,p03866,u352499693,1572336708,C++,C++14 (GCC 5.4.1),cpp,Accepted,1268,55936,11443,
s546291800,p03866,u352499693,1572336595,C++,C++14 (GCC 5.4.1),cpp,Accepted,37,24576,11435,
s063321108,p03866,u352499693,1572326054,C++,C++14 (GCC 5.4.1),cpp,Runtime Error,131,26368,11023,
s072169915,p03866,u352499693,1572324688,C++,C++14 (GCC 5.4.1),cpp,Runtime Error,130,24576,10972,
s426475915,p03866,u352499693,1572322256,C++,C++14 (GCC 5.4.1),cpp,Accepted,1292,55936,11004,
s976362404,p03866,u352499693,1572320421,C++,C++14 (GCC 5.4.1),cpp,Runtime Error,306,24576,10996,
s950072982,p03866,u080318287,1572277846,C++,C++14 (GCC 5.4.1),cpp,Accepted,164,10480,2353,
s826102632,p03866,u080318287,1572277657,C++,C++14 (GCC 5.4.1),cpp,Wrong Answer,45,6516,2325,
s761798653,p03866,u080318287,1572277265,C++,C++14 (GCC 5.4.1),cpp,Wrong Answer,43,6260,2413,
s793025934,p03866,u599365206,1572024551,C#,C# (Mono 4.6.2.0),cs,Accepted,154,39888,7076,
s648198119,p03866,u353919145,1571930020,Java,Java8 (OpenJDK 1.8.0),java,Accepted,381,45528,5519,
s770446804,p03866,u599365206,1571622954,C#,C# (Mono 4.6.2.0),cs,Accepted,234,63020,9212,
s732996841,p03866,u016531517,1571515582,C++,C++14 (GCC 5.4.1),cpp,Accepted,14,256,1770,
s610236448,p03866,u016531517,1571515346,C++,C++14 (GCC 5.4.1),cpp,Wrong Answer,20,256,1750,
s024753731,p03866,u016531517,1571499583,C++,C++14 (GCC 5.4.1),cpp,Wrong Answer,10,256,1655,
s187287272,p03866,u508571192,1571378529,C++,C++14 (GCC 5.4.1),cpp,Accepted,17,8192,5274,
s691133728,p03866,u508571192,1571378452,C++,C++14 (GCC 5.4.1),cpp,Wrong Answer,16,8192,5230,
s765244524,p03866,u508571192,1571378344,C++,C++14 (GCC 5.4.1),cpp,Compile Error,,,5282,
s330511171,p03866,u892251744,1571359886,Python,PyPy3 (2.4.0),py,Accepted,1662,182636,1187,
s402732781,p03866,u892251744,1571358893,Python,PyPy3 (2.4.0),py,Time Limit Exceeded,2116,205544,1183,
s244998420,p03866,u892251744,1571358044,Python,PyPy3 (2.4.0),py,Time Limit Exceeded,2116,199644,1146,
s026013504,p03866,u892251744,1571357434,Python,PyPy3 (2.4.0),py,Time Limit Exceeded,2116,205320,1169,
s340028632,p03866,u892251744,1571357039,Python,PyPy3 (2.4.0),py,Time Limit Exceeded,2120,205700,1140,
s694319477,p03866,u892251744,1571332996,Python,PyPy3 (2.4.0),py,Time Limit Exceeded,2116,205044,1147,
s385637291,p03866,u424042320,1571277811,C++,C++14 (GCC 5.4.1),cpp,Accepted,11,8064,576,
s108846819,p03866,u822169805,1571276575,C++,C++14 (GCC 5.4.1),cpp,Accepted,175,42988,1989,
s647027938,p03866,u822169805,1571276315,C++,C++14 (GCC 5.4.1),cpp,Wrong Answer,136,38708,1970,
s308747934,p03866,u822169805,1571276061,C++,C++14 (GCC 5.4.1),cpp,Wrong Answer,30,16640,1967,
s693373161,p03866,u086849314,1571267974,C++,C++14 (GCC 5.4.1),cpp,Accepted,193,41856,2140,
s316070353,p03866,u086849314,1571267795,C++,C++14 (GCC 5.4.1),cpp,Accepted,195,42752,2097,
s888449023,p03866,u086849314,1571267021,C++,C++14 (GCC 5.4.1),cpp,Wrong Answer,191,42624,2096,
s060228267,p03866,u086849314,1571266946,C++,C++14 (GCC 5.4.1),cpp,Wrong Answer,195,42112,2014,
s954759760,p03866,u168579419,1571262130,C++,C++14 (GCC 5.4.1),cpp,Accepted,1389,69616,6454,
s172725548,p03866,u928536113,1571261845,C++,C++14 (GCC 5.4.1),cpp,Accepted,12,8192,1171,
s440500052,p03866,u168579419,1571261570,C++,C++14 (GCC 5.4.1),cpp,Accepted,1266,38640,6353,
s966959309,p03866,u168579419,1571261469,C++,C++14 (GCC 5.4.1),cpp,Wrong Answer,1268,38000,6291,
s135723219,p03866,u751488284,1571260410,C++,C++14 (GCC 5.4.1),cpp,Accepted,112,22512,2304,
s868736839,p03866,u269963329,1571260055,C++,C++14 (GCC 5.4.1),cpp,Accepted,194,25964,2013,
s221572618,p03866,u986399983,1571259907,C++,C++14 (GCC 5.4.1),cpp,Accepted,168,42544,2107,
s523897712,p03866,u986399983,1571259540,C++,C++14 (GCC 5.4.1),cpp,Wrong Answer,170,42032,2051,
s948681248,p03866,u986399983,1571259478,C++,C++14 (GCC 5.4.1),cpp,Wrong Answer,171,42476,2051,
s858914377,p03866,u986399983,1571259382,C++,C++14 (GCC 5.4.1),cpp,Compile Error,,,2048,
s941130063,p03866,u986399983,1571259213,C++,C++14 (GCC 5.4.1),cpp,Wrong Answer,105,22804,2177,
s398856556,p03866,u069450081,1571106530,C++,C++14 (GCC 5.4.1),cpp,Accepted,15,8448,2489,
s815725948,p03866,u069450081,1571086899,C++,C++14 (GCC 5.4.1),cpp,Accepted,103,14448,2115,
s842535873,p03866,u522636435,1571082679,Java,Java8 (OpenJDK 1.8.0),java,Accepted,506,56784,2020,
s311474262,p03866,u522636435,1571082452,Java,Java8 (OpenJDK 1.8.0),java,Accepted,857,66620,2198,
s428831560,p03866,u522636435,1571080942,Java,Java8 (OpenJDK 1.8.0),java,Wrong Answer,519,35440,1825,
s926950626,p03866,u522636435,1571079721,Java,Java8 (OpenJDK 1.8.0),java,Time Limit Exceeded,2109,31220,1805,
s167843328,p03866,u522636435,1571079367,Java,Java8 (OpenJDK 1.8.0),java,Time Limit Exceeded,2112,26728,1656,
s134673450,p03866,u352499693,1571001850,C++,C++14 (GCC 5.4.1),cpp,Accepted,115,29936,3899,
s111548196,p03866,u352499693,1571001356,C++,C++14 (GCC 5.4.1),cpp,Compile Error,,,3895,
s001305225,p03866,u783675879,1570998230,C++,C++14 (GCC 5.4.1),cpp,Accepted,241,196208,18437,
s292509483,p03866,u620480037,1570930512,Python,PyPy3 (2.4.0),py,Accepted,481,85980,1215,
s280876838,p03866,u850491413,1570838596,Python,PyPy3 (2.4.0),py,Accepted,1460,122968,1122,
s926334271,p03866,u970690920,1570759597,C++,C++14 (GCC 5.4.1),cpp,Accepted,109,22768,1329,
s724181259,p03866,u725661271,1570688855,C++,C++14 (GCC 5.4.1),cpp,Time Limit Exceeded,2105,34248,2044,
s566092699,p03866,u725661271,1570688436,C++,C++14 (GCC 5.4.1),cpp,Accepted,110,22000,1518,
s417864351,p03866,u725661271,1570687992,C++,C++14 (GCC 5.4.1),cpp,Accepted,108,22256,1991,
s657388232,p03866,u725661271,1570687792,C++,C++14 (GCC 5.4.1),cpp,Wrong Answer,109,22292,1990,
s188910736,p03866,u725661271,1570687672,C++,C++14 (GCC 5.4.1),cpp,Wrong Answer,108,22292,1952,
s980482597,p03866,u716530146,1570683076,Python,Python (3.4.3),py,Accepted,1418,57356,861,
s850226986,p03866,u716530146,1570681979,Python,Python (3.4.3),py,Time Limit Exceeded,2114,73844,860,
s129352905,p03866,u716530146,1570681086,Python,Python (3.4.3),py,Wrong Answer,2111,75032,808,
s229035802,p03866,u716530146,1570678167,Python,Python (3.4.3),py,Accepted,1694,23028,1078,
s109568353,p03866,u619819312,1570673955,Python,PyPy3 (2.4.0),py,Accepted,441,85100,594,
s253189036,p03866,u110996038,1570670928,C++,C++14 (GCC 5.4.1),cpp,Accepted,107,22532,1662,
s346166528,p03866,u725661271,1570669629,C++,C++14 (GCC 5.4.1),cpp,Runtime Error,99,256,1547,
s790221365,p03866,u716530146,1570661229,Python,Python (3.4.3),py,Runtime Error,2115,73784,757,
s438907010,p03866,u643613120,1570655677,JavaScript,JavaScript (node.js v5.12),js,Accepted,699,99248,3011,
s659659722,p03866,u643613120,1570653536,JavaScript,JavaScript (node.js v5.12),js,Time Limit Exceeded,2113,121308,2976,
s036491838,p03866,u643613120,1570652957,JavaScript,JavaScript (node.js v5.12),js,Wrong Answer,2114,121444,2610,
s523370013,p03866,u817760251,1570618548,C++,C++14 (GCC 5.4.1),cpp,Accepted,106,22524,1258,
s613037548,p03866,u348670055,1570598127,C++,C++14 (GCC 5.4.1),cpp,Accepted,106,21488,1278,
s995605024,p03866,u348670055,1570597492,C++,C++14 (GCC 5.4.1),cpp,Wrong Answer,45,18548,1308,
s171450878,p03866,u050865477,1570581515,C++,C++14 (GCC 5.4.1),cpp,Accepted,232,75504,4318,
s969646014,p03866,u533039576,1570579801,Python,Python (3.4.3),py,Accepted,1452,24948,1136,
s332984421,p03866,u533039576,1570579710,Python,PyPy3 (2.4.0),py,Accepted,386,82652,1136,
s081890359,p03866,u533039576,1570578735,Python,PyPy3 (2.4.0),py,Time Limit Exceeded,2112,124424,1136,
s272379249,p03866,u533039576,1570578268,Python,PyPy3 (2.4.0),py,Time Limit Exceeded,2111,124424,1150,
s887284668,p03866,u533039576,1570578078,Python,PyPy3 (2.4.0),py,Time Limit Exceeded,2114,124380,1266,
s499555095,p03866,u533039576,1570577896,Python,PyPy3 (2.4.0),py,Time Limit Exceeded,2111,124552,1133,
s376170375,p03866,u533039576,1570577588,Python,Python (3.4.3),py,Time Limit Exceeded,2114,113748,1133,
s836977713,p03866,u533039576,1570577366,Python,Python (3.4.3),py,Time Limit Exceeded,2112,129392,1113,
s326053081,p03866,u317711717,1570503386,C++,C++14 (GCC 5.4.1),cpp,Accepted,157,25580,2094,
s072027444,p03866,u317711717,1570503230,C++,C++14 (GCC 5.4.1),cpp,Accepted,100,14072,2094,
s732165825,p03866,u165374901,1570300868,C++,C++14 (GCC 5.4.1),cpp,Accepted,108,22640,1628,
s287919297,p03866,u620639655,1570255357,D,D (DMD64 v2.070.1),d,Accepted,1335,32252,3210,
s844797911,p03866,u620639655,1570254780,D,D (DMD64 v2.070.1),d,Time Limit Exceeded,2106,925008,2997,
s660582593,p03866,u900727536,1570208143,C++,C++14 (GCC 5.4.1),cpp,Accepted,33,8192,15439,
s747410790,p03866,u900727536,1570207435,C++,C++14 (GCC 5.4.1),cpp,Accepted,785,13940,15543,
s400859235,p03866,u031986221,1570155638,C++,C++14 (GCC 5.4.1),cpp,Accepted,28,16000,2075,
s551188604,p03866,u392319141,1570103401,Python,PyPy3 (2.4.0),py,Accepted,467,78772,885,
s821664292,p03866,u858748695,1570103304,C++,C++14 (GCC 5.4.1),cpp,Accepted,112,22256,1686,
s251387344,p03866,u392319141,1570103026,Python,PyPy3 (2.4.0),py,Wrong Answer,512,77020,944,
s368350622,p03866,u392319141,1570102786,Python,PyPy3 (2.4.0),py,Wrong Answer,525,76764,896,
s996916865,p03866,u392319141,1570102319,Python,PyPy3 (2.4.0),py,Wrong Answer,533,76764,859,
s349654211,p03866,u137747137,1570058306,C++,C++14 (GCC 5.4.1),cpp,Accepted,1687,10240,1380,
s919860220,p03866,u137747137,1570057568,C++,C++14 (GCC 5.4.1),cpp,Wrong Answer,1443,10240,1297,
s965109278,p03866,u141610915,1570018288,Python,PyPy3 (2.4.0),py,Accepted,602,161884,1080,
s607751643,p03866,u336011173,1569989610,C++,C++14 (GCC 5.4.1),cpp,Accepted,103,21652,3137,
s928616664,p03866,u336011173,1569989468,C++,C++14 (GCC 5.4.1),cpp,Wrong Answer,105,22420,2993,
s193578375,p03866,u076566148,1569980098,C++,C++14 (GCC 5.4.1),cpp,Accepted,114,13428,2302,
s531216110,p03866,u076566148,1569979994,C++,C++14 (GCC 5.4.1),cpp,Accepted,1962,14452,2239,
s163550261,p03866,u055303078,1569804047,C++,C++14 (GCC 5.4.1),cpp,Accepted,13,8192,1761,
s487405786,p03866,u055303078,1569803702,C++,C++14 (GCC 5.4.1),cpp,Wrong Answer,13,8192,1756,
s097265971,p03866,u388697579,1569758581,C++,C++14 (GCC 5.4.1),cpp,Accepted,100,21104,1740,
s563635904,p03866,u263933075,1569708671,C++,C++ (GCC 5.4.1),cpp,Accepted,18,8192,1106,
s662459151,p03866,u723721005,1569708487,C++,C++ (GCC 5.4.1),cpp,Wrong Answer,18,8192,1105,
s352895227,p03866,u151855078,1569708111,C++,C++14 (GCC 5.4.1),cpp,Accepted,98,6256,1163,
s548280950,p03866,u251847465,1569663991,C++,C++14 (GCC 5.4.1),cpp,Accepted,94,10608,1709,
s370596104,p03866,u781095600,1569655920,C++,C++14 (GCC 5.4.1),cpp,Accepted,101,6512,752,
s119574378,p03866,u781095600,1569655876,C++,C++14 (GCC 5.4.1),cpp,Wrong Answer,101,6556,751,
s399163092,p03866,u681557252,1569632111,C++,C++14 (GCC 5.4.1),cpp,Accepted,16,256,1047,
s016305117,p03866,u681557252,1569632073,C++,C++14 (GCC 5.4.1),cpp,Wrong Answer,19,256,1105,
s354880495,p03866,u681557252,1569630579,C++,C++14 (GCC 5.4.1),cpp,Wrong Answer,14,384,1056,
s878242436,p03866,u681557252,1569630216,C++,C++14 (GCC 5.4.1),cpp,Wrong Answer,14,384,1056,
s025436996,p03866,u681557252,1569630049,C++,C++14 (GCC 5.4.1),cpp,Wrong Answer,15,256,1144,
s874507894,p03866,u419307948,1569614063,C++,C++14 (GCC 5.4.1),cpp,Accepted,109,22532,1540,
s964400925,p03866,u022832318,1569568390,C++,C++14 (GCC 5.4.1),cpp,Accepted,107,22256,2416,
s463708482,p03866,u022832318,1569567467,C++,C++14 (GCC 5.4.1),cpp,Wrong Answer,106,21872,2139,
s301107994,p03866,u457790148,1569532119,C++,C++14 (GCC 5.4.1),cpp,Accepted,175,42860,2642,
s171157565,p03866,u748069390,1569528591,C++,C++14 (GCC 5.4.1),cpp,Accepted,106,22640,2364,
s648959084,p03866,u756088996,1569464799,C++,C++14 (GCC 5.4.1),cpp,Accepted,105,22008,2123,
s703500809,p03866,u620480037,1569388338,Python,Python (3.4.3),py,Time Limit Exceeded,2106,69256,1162,
s813174804,p03866,u620480037,1569388188,Python,PyPy3 (2.4.0),py,Time Limit Exceeded,2110,128464,1162,
s838749006,p03866,u620480037,1569387806,Python,PyPy3 (2.4.0),py,Time Limit Exceeded,2112,137180,1162,
s337793667,p03866,u620480037,1569387763,Python,PyPy3 (2.4.0),py,Time Limit Exceeded,2112,191304,1160,
s959436610,p03866,u620480037,1569387620,Python,PyPy3 (2.4.0),py,Wrong Answer,2111,191768,1168,
s278305413,p03866,u620480037,1569386323,Python,PyPy3 (2.4.0),py,Wrong Answer,1600,134876,943,
s970066942,p03866,u620480037,1569385876,Python,PyPy3 (2.4.0),py,Wrong Answer,1589,134108,927,
s473376596,p03866,u620480037,1569385175,Python,PyPy3 (2.4.0),py,Wrong Answer,1479,131420,930,
s770256998,p03866,u633284019,1569384862,C++,C++14 (GCC 5.4.1),cpp,Accepted,171,6512,3413,
s151357214,p03866,u335590796,1569366859,C++,C++14 (GCC 5.4.1),cpp,Accepted,756,15228,1294,
s033301096,p03866,u335590796,1569366591,C++,C++14 (GCC 5.4.1),cpp,Wrong Answer,212,11392,1178,
s861107793,p03866,u454290303,1569287011,C++,C++14 (GCC 5.4.1),cpp,Accepted,16,256,1323,
s938856219,p03866,u394853232,1569105944,C++,C++14 (Clang 3.8.0),cpp,Accepted,240,51048,4224,
s977183022,p03866,u816587940,1568937057,C++,C++14 (Clang 3.8.0),cpp,Accepted,265,97256,1828,
s938463070,p03866,u816587940,1568936691,C++,C++14 (Clang 3.8.0),cpp,Wrong Answer,119,92656,1822,
s722316743,p03866,u844133200,1568889230,C++,C++14 (GCC 5.4.1),cpp,Accepted,109,22000,9972,
s760667358,p03866,u200215998,1568851764,C++,C++14 (GCC 5.4.1),cpp,Accepted,228,35084,3510,
s670259328,p03866,u722397179,1568777697,C++,C++14 (GCC 5.4.1),cpp,Accepted,13,8192,1300,
s913794107,p03866,u465638326,1568772315,C++,C++14 (GCC 5.4.1),cpp,Accepted,852,14448,1206,
s620869399,p03866,u392319141,1568767689,Python,PyPy3 (2.4.0),py,Accepted,543,90204,930,
s389874628,p03866,u392319141,1568767656,Python,Python (3.4.3),py,Time Limit Exceeded,2114,35808,1012,
s448999869,p03866,u392319141,1568766454,Python,Python (3.4.3),py,Runtime Error,2113,51472,714,
s339286925,p03866,u990764614,1568763442,C++,C++14 (GCC 5.4.1),cpp,Accepted,24,16000,1288,
s216327998,p03866,u990764614,1568755127,C++,C++14 (GCC 5.4.1),cpp,Accepted,42,16128,1540,
s231909808,p03866,u990764614,1568743095,C++,C++14 (GCC 5.4.1),cpp,Wrong Answer,43,8192,1416,
s832768541,p03866,u057079894,1568740512,C++,C++14 (GCC 5.4.1),cpp,Accepted,102,18428,1595,
s790976681,p03866,u057079894,1568740327,C++,C++14 (GCC 5.4.1),cpp,Wrong Answer,99,18428,1599,
s068215285,p03866,u693953100,1568682906,C++,C++14 (GCC 5.4.1),cpp,Accepted,13,8192,1372,
s493685763,p03866,u095834727,1568670946,Rust,Rust (1.15.1),rs,Accepted,253,49404,3677,
s648412097,p03866,u846041485,1568670713,C++,C++14 (GCC 5.4.1),cpp,Accepted,113,26732,4153,
s673976933,p03866,u846041485,1568670092,C++,C++14 (GCC 5.4.1),cpp,Wrong Answer,114,26624,4394,
s122029185,p03866,u846041485,1568670013,C++,C++14 (GCC 5.4.1),cpp,Wrong Answer,109,26604,4370,
s638507012,p03866,u846041485,1568669972,C++,C++14 (GCC 5.4.1),cpp,Wrong Answer,108,26624,4344,
s777337970,p03866,u640248738,1568659872,C++,C++14 (GCC 5.4.1),cpp,Accepted,859,17408,2630,
s458898302,p03866,u415905784,1568591898,Go,Go (1.6),go,Accepted,530,23168,2168,
s262071864,p03866,u906428167,1568588269,Python,PyPy3 (2.4.0),py,Accepted,1221,125532,961,
s433731020,p03866,u906428167,1568588095,Python,PyPy3 (2.4.0),py,Time Limit Exceeded,2111,125788,961,
s060751638,p03866,u906428167,1568587554,Python,PyPy3 (2.4.0),py,Time Limit Exceeded,2112,133508,924,
s706886962,p03866,u906428167,1568587323,Python,PyPy3 (2.4.0),py,Time Limit Exceeded,2114,174724,991,
s561552236,p03866,u906428167,1568587025,Python,PyPy3 (2.4.0),py,Time Limit Exceeded,2114,176388,948,
s391516021,p03866,u906428167,1568586818,Python,PyPy3 (2.4.0),py,Time Limit Exceeded,2114,165628,942,
s988235569,p03866,u906428167,1568586647,Python,PyPy3 (2.4.0),py,Time Limit Exceeded,2113,160340,942,
s610111579,p03866,u906428167,1568586416,Python,PyPy3 (2.4.0),py,Time Limit Exceeded,2117,165372,956,
s263159270,p03866,u906428167,1568586175,Python,PyPy3 (2.4.0),py,Time Limit Exceeded,2115,175748,941,
s080107744,p03866,u906428167,1568585920,Python,PyPy3 (2.4.0),py,Time Limit Exceeded,2116,177540,902,
s831730759,p03866,u702906718,1568554809,C++,C++14 (GCC 5.4.1),cpp,Accepted,109,22652,1286,
s411845252,p03866,u702906718,1568554498,C++,C++14 (GCC 5.4.1),cpp,Wrong Answer,76,35000,1334,
s624476451,p03866,u702906718,1568554028,C++,C++14 (GCC 5.4.1),cpp,Wrong Answer,41,18560,1285,
s647054462,p03866,u816631826,1568487186,C++,C++14 (GCC 5.4.1),cpp,Accepted,27,16384,1716,
s061783454,p03866,u627417051,1568460697,Python,PyPy3 (2.4.0),py,Accepted,1506,126212,1494,
s486239213,p03866,u406407674,1568427506,Nim,Nim (0.13.0),nim,Accepted,201,33248,3646,
s750336941,p03866,u904123392,1568409097,C++,C++14 (GCC 5.4.1),cpp,Accepted,102,22512,2186,
s521224743,p03866,u527058497,1568401215,C++,C++14 (GCC 5.4.1),cpp,Accepted,110,21488,1908,
s840204585,p03866,u578938637,1568373369,C++,C++14 (Clang 3.8.0),cpp,Accepted,114,30320,4016,
s180253071,p03866,u578938637,1568372357,C++,C++14 (Clang 3.8.0),cpp,Wrong Answer,112,30192,3907,
s857926727,p03866,u791593901,1568356304,C++,C++14 (GCC 5.4.1),cpp,Accepted,13,8192,1822,
s809496921,p03866,u853633924,1568352063,Java,Java8 (OpenJDK 1.8.0),java,Accepted,545,51592,8873,
s978624682,p03866,u395676079,1568350255,C++,C++14 (GCC 5.4.1),cpp,Accepted,101,13808,1527,
s693912700,p03866,u393512980,1568343142,C++,C++14 (GCC 5.4.1),cpp,Accepted,1866,32768,2473,
s702353210,p03866,u393512980,1568343017,C++,C++14 (GCC 5.4.1),cpp,Wrong Answer,116,32768,2479,
s521657270,p03866,u393512980,1568342855,C++,C++14 (GCC 5.4.1),cpp,Wrong Answer,110,32640,2480,
s947358035,p03866,u393512980,1568342542,C++,C++14 (GCC 5.4.1),cpp,Wrong Answer,27,16512,2504,
s035747476,p03866,u393512980,1568342411,C++,C++14 (GCC 5.4.1),cpp,Wrong Answer,27,16512,2505,
s980314359,p03866,u393512980,1568342127,C++,C++14 (GCC 5.4.1),cpp,Wrong Answer,27,16512,2505,
s193946972,p03866,u089230684,1568305573,C++,C++14 (GCC 5.4.1),cpp,Accepted,114,21616,1666,
s819497056,p03866,u353919145,1568305491,C++,C++14 (GCC 5.4.1),cpp,Accepted,134,18412,2815,
s102284462,p03866,u018679195,1568305415,C++,C++14 (GCC 5.4.1),cpp,Wrong Answer,132,18412,2863,
s979303001,p03866,u089230684,1568305330,C++,C++14 (GCC 5.4.1),cpp,Wrong Answer,133,18412,2863,
s388359573,p03866,u816631826,1568303528,C++,C++14 (GCC 5.4.1),cpp,Accepted,170,34920,1922,
s385717497,p03866,u415905784,1568255604,Python,PyPy3 (2.4.0),py,Time Limit Exceeded,2112,123356,826,
s647473370,p03866,u415905784,1568254879,Python,PyPy3 (2.4.0),py,Wrong Answer,2110,126044,841,
s000564366,p03866,u415905784,1568254560,Python,PyPy3 (2.4.0),py,Time Limit Exceeded,2112,128476,850,
s692061076,p03866,u415905784,1568253790,Python,PyPy3 (2.4.0),py,Time Limit Exceeded,2111,123228,840,
s311213982,p03866,u415905784,1568252772,Python,PyPy3 (2.4.0),py,Time Limit Exceeded,2111,121844,769,
s638262750,p03866,u844789719,1568172903,Python,PyPy3 (2.4.0),py,Accepted,1332,124252,847,
s191089209,p03866,u844789719,1568172174,Python,Python (3.4.3),py,Runtime Error,2109,27232,626,
s839297840,p03866,u844789719,1568171746,Python,Python (3.4.3),py,Wrong Answer,2117,27612,607,
s950438275,p03866,u844789719,1568171070,Python,Python (3.4.3),py,Runtime Error,224,16532,611,
s732255020,p03866,u543954314,1568144576,Python,PyPy3 (2.4.0),py,Accepted,1631,145672,780,
s824575503,p03866,u543954314,1568144538,Python,Python (3.4.3),py,Time Limit Exceeded,2116,126212,778,
s399113816,p03866,u350561621,1568049896,C++,C++14 (GCC 5.4.1),cpp,Accepted,109,22768,1619,
s894700093,p03866,u350561621,1568049628,C++,C++14 (GCC 5.4.1),cpp,Accepted,108,22128,1596,
s714943731,p03866,u350561621,1568049174,C++,C++14 (GCC 5.4.1),cpp,Accepted,107,22000,1561,
s400568047,p03866,u350561621,1568049006,C++,C++14 (GCC 5.4.1),cpp,Accepted,732,22512,1566,
s308092361,p03866,u350561621,1568046795,C++,C++14 (GCC 5.4.1),cpp,Accepted,684,21872,1456,
s747922177,p03866,u350561621,1568043521,C++,C++14 (GCC 5.4.1),cpp,Accepted,679,22640,1411,
s191444891,p03866,u474036918,1567986488,C#,C# (Mono 4.6.2.0),cs,Accepted,927,116992,5812,
s223124047,p03866,u474036918,1567984135,C#,C# (Mono 4.6.2.0),cs,Accepted,962,119040,5909,
s473203927,p03866,u229842440,1567976464,C++,C++14 (GCC 5.4.1),cpp,Accepted,110,30468,2409,
s706665506,p03866,u599145508,1567945632,C++,C++14 (GCC 5.4.1),cpp,Accepted,117,8320,2115,
s758287472,p03866,u049420296,1567894192,C++,C++14 (GCC 5.4.1),cpp,Accepted,103,22660,2899,
s593198511,p03866,u114234520,1567874774,C++,C++14 (GCC 5.4.1),cpp,Accepted,110,22276,1991,
s006838532,p03866,u114234520,1567874590,C++,C++14 (GCC 5.4.1),cpp,Time Limit Exceeded,2104,18560,1969,
s927221668,p03866,u588093355,1567798109,C++,C++14 (GCC 5.4.1),cpp,Accepted,97,10608,2097,
s851068872,p03866,u077025302,1567747341,C++,C++14 (GCC 5.4.1),cpp,Accepted,105,22640,3322,
s726972069,p03866,u649915042,1567731570,C++,C++14 (GCC 5.4.1),cpp,Accepted,117,53488,1838,
s137512526,p03866,u649915042,1567665938,C++,C++14 (GCC 5.4.1),cpp,Wrong Answer,15,8320,1414,
s327445465,p03866,u936555566,1567554545,C++,C++14 (GCC 5.4.1),cpp,Accepted,109,22256,1653,
s461507203,p03866,u898167769,1567476246,C++,C++14 (GCC 5.4.1),cpp,Accepted,204,42732,3373,
s883315119,p03866,u389910364,1567474057,Python,Python (3.4.3),py,Accepted,556,116236,896,
s353406035,p03866,u389910364,1567473400,Python,Python (3.4.3),py,Time Limit Exceeded,2115,112484,848,
s508118273,p03866,u389910364,1567473154,Python,PyPy3 (2.4.0),py,Accepted,1308,130568,973,
s810560468,p03866,u389910364,1567472737,Python,PyPy3 (2.4.0),py,Wrong Answer,2128,342072,1013,
s574313577,p03866,u389910364,1567472593,Python,PyPy3 (2.4.0),py,Wrong Answer,1357,130568,978,
s188645962,p03866,u898167769,1567454403,C++,C++14 (GCC 5.4.1),cpp,Accepted,171,41836,3288,
s305687708,p03866,u107077805,1567366521,C++,C++14 (GCC 5.4.1),cpp,Accepted,142,38128,1994,
s593350147,p03866,u107077805,1567366204,C++,C++14 (GCC 5.4.1),cpp,Wrong Answer,143,38964,1916,
s777141593,p03866,u107077805,1567366095,C++,C++14 (GCC 5.4.1),cpp,Wrong Answer,150,39092,1911,
s574291269,p03866,u107077805,1567366054,C++,C++14 (GCC 5.4.1),cpp,Compile Error,,,1913,
s836095310,p03866,u077337864,1567355073,C++,C++14 (GCC 5.4.1),cpp,Accepted,94,6260,2222,
s860953704,p03866,u077337864,1567354761,C++,C++14 (GCC 5.4.1),cpp,Wrong Answer,95,5748,2170,
s895655194,p03866,u378945900,1567317341,C++,C++14 (GCC 5.4.1),cpp,Accepted,134,45284,3693,
s032706276,p03866,u309985845,1567309457,C++,C++14 (GCC 5.4.1),cpp,Accepted,226,18792,706,
s561678677,p03866,u256464928,1567223592,Python,Python (3.4.3),py,Accepted,1403,63152,497,
s105833241,p03866,u222293734,1567181436,C++,C++14 (GCC 5.4.1),cpp,Accepted,130,26496,1979,
s915666093,p03866,u222293734,1567181346,C++,C++14 (GCC 5.4.1),cpp,Compile Error,,,1942,
s811545645,p03866,u222293734,1567181277,C++,C++14 (GCC 5.4.1),cpp,Compile Error,,,1925,
s413886318,p03866,u222293734,1567181139,C++,C++14 (GCC 5.4.1),cpp,Compile Error,,,1885,
s303720769,p03866,u222293734,1567181091,C++,C++14 (GCC 5.4.1),cpp,Compile Error,,,1885,
s060687797,p03866,u080318287,1567154361,C++,C++14 (GCC 5.4.1),cpp,Wrong Answer,67,38512,1839,
s785423425,p03866,u599365206,1567119554,C#,C# (Mono 4.6.2.0),cs,Accepted,117,27808,8544,
s530774950,p03866,u599365206,1567118578,C#,C# (Mono 4.6.2.0),cs,Time Limit Exceeded,2112,76420,8578,
s187038994,p03866,u599365206,1567118503,C#,C# (Mono 4.6.2.0),cs,Wrong Answer,246,62764,8574,
s278314990,p03866,u585482323,1567116852,Python,Python (3.4.3),py,Time Limit Exceeded,2113,136616,1806,
s586556300,p03866,u585482323,1567116841,Python,PyPy3 (2.4.0),py,Accepted,1445,130952,1806,
s842690196,p03866,u585482323,1567116656,Python,PyPy3 (2.4.0),py,Time Limit Exceeded,2112,129876,1786,
s447741212,p03866,u585482323,1567116507,Python,PyPy3 (2.4.0),py,Time Limit Exceeded,2112,127880,1806,
s545556495,p03866,u304121198,1567102739,C++,C++14 (GCC 5.4.1),cpp,Accepted,164,69156,23141,
s807478294,p03866,u112775098,1567085395,C++,C++14 (GCC 5.4.1),cpp,Accepted,1717,9216,1438,
s138783923,p03866,u112775098,1567085214,C++,C++14 (GCC 5.4.1),cpp,Time Limit Exceeded,2105,19072,1407,
s267688594,p03866,u112775098,1567085014,C++,C++14 (GCC 5.4.1),cpp,Wrong Answer,12,8192,1424,
s420696095,p03866,u112775098,1567084908,C++,C++14 (GCC 5.4.1),cpp,Wrong Answer,397,8448,1424,
s676280033,p03866,u118797367,1567025678,C++,C++14 (GCC 5.4.1),cpp,Accepted,109,22524,1399,
s969607368,p03866,u414425367,1566944809,C++,C++14 (GCC 5.4.1),cpp,Accepted,97,18540,2737,
s042936344,p03866,u414425367,1566944009,C++,C++14 (GCC 5.4.1),cpp,Accepted,99,18416,2436,
s327877236,p03866,u391731808,1566867317,Python,PyPy3 (2.4.0),py,Accepted,1637,157448,720,
s996083753,p03866,u391731808,1566867286,Python,Python (3.4.3),py,Time Limit Exceeded,2114,125524,720,
s856167642,p03866,u779560955,1566825875,C++,C++14 (GCC 5.4.1),cpp,Time Limit Exceeded,2104,8192,1369,
s048769476,p03866,u779560955,1566825684,C++,C++14 (GCC 5.4.1),cpp,Accepted,1007,8192,1274,
s129961129,p03866,u779560955,1566825445,C++,C++14 (GCC 5.4.1),cpp,Accepted,1004,8192,1258,
s320637727,p03866,u779560955,1566824921,C++,C++14 (GCC 5.4.1),cpp,Wrong Answer,519,8192,1256,
s579681741,p03866,u143572112,1566804714,C++,C++14 (GCC 5.4.1),cpp,Accepted,113,30576,4338,
s179624043,p03866,u981708764,1566625047,D,D (DMD64 v2.070.1),d,Accepted,612,17616,18507,
s960938079,p03866,u981708764,1566624901,D,D (DMD64 v2.070.1),d,Wrong Answer,606,17744,18507,
s670844234,p03866,u820262277,1566613982,C++,C++11 (GCC 4.8.1),cpp,Accepted,152,26220,19731,
s020509068,p03866,u820262277,1566613900,C++,C++11 (GCC 4.8.1),cpp,Wrong Answer,153,25580,19724,
s129205138,p03866,u820262277,1566613619,C++,C++11 (GCC 4.8.1),cpp,Wrong Answer,153,26092,19708,
s573654054,p03866,u820262277,1566613443,C++,C++11 (GCC 4.8.1),cpp,Wrong Answer,100,14192,19671,
s059927313,p03866,u876875284,1566600058,C++,C++14 (GCC 5.4.1),cpp,Accepted,108,22384,3222,
s289264772,p03866,u734519000,1566584895,C++,C++14 (GCC 5.4.1),cpp,Accepted,110,6532,10358,
s425801733,p03866,u734519000,1566584730,C++,C++14 (GCC 5.4.1),cpp,Time Limit Exceeded,2110,1050980,10306,
s624169800,p03866,u352600849,1566551650,Lisp,Common Lisp (SBCL 1.1.14),l,Accepted,98,17384,6196,
s712679214,p03866,u352600849,1566550936,Lisp,Common Lisp (SBCL 1.1.14),l,Accepted,96,16872,6210,
s476807749,p03866,u352600849,1566550166,Lisp,Common Lisp (SBCL 1.1.14),l,Accepted,149,22368,5965,
s378464172,p03866,u352600849,1566549518,Lisp,Common Lisp (SBCL 1.1.14),l,Accepted,256,27108,5749,
s681615007,p03866,u352600849,1566549454,Lisp,Common Lisp (SBCL 1.1.14),l,Accepted,103,17252,5713,
s623666606,p03866,u352600849,1566547478,Lisp,Common Lisp (SBCL 1.1.14),l,Wrong Answer,620,43744,5632,
s188965343,p03866,u352600849,1566547338,Lisp,Common Lisp (SBCL 1.1.14),l,Wrong Answer,548,37088,5546,
s585130896,p03866,u096100827,1566445128,C++,C++14 (GCC 5.4.1),cpp,Accepted,397,43520,1617,
s967765360,p03866,u825429292,1566263273,C++,C++14 (GCC 5.4.1),cpp,Accepted,109,22128,3693,
s954024655,p03866,u825429292,1566263229,C++,C++14 (GCC 5.4.1),cpp,Accepted,108,22512,3674,
s844451662,p03866,u825429292,1566255800,C++,C++14 (GCC 5.4.1),cpp,Accepted,109,22384,3695,
s705206648,p03866,u190405389,1566185703,Python,PyPy3 (2.4.0),py,Accepted,1602,171520,1324,
s269604503,p03866,u190405389,1566185594,Python,PyPy3 (2.4.0),py,Accepted,1537,171520,1340,
s032168771,p03866,u190405389,1566185403,Python,PyPy3 (2.4.0),py,Time Limit Exceeded,2116,193800,1381,
s743025436,p03866,u190405389,1566184111,Python,PyPy3 (2.4.0),py,Time Limit Exceeded,2116,193032,1555,
s100584471,p03866,u190405389,1566182122,Python,Python (3.4.3),py,Time Limit Exceeded,2114,161436,1466,
s665995700,p03866,u190405389,1566181443,Python,PyPy3 (2.4.0),py,Time Limit Exceeded,2116,195848,1466,
s298627177,p03866,u159208574,1566155838,C++,C++14 (GCC 5.4.1),cpp,Accepted,96,13688,3494,
s873680323,p03866,u081662317,1565926662,Java,Java8 (OpenJDK 1.8.0),java,Accepted,131,24400,7154,
s580797664,p03866,u081662317,1565926513,Java,Java8 (OpenJDK 1.8.0),java,Accepted,376,48076,8627,
s871605783,p03866,u761407600,1565861214,C++,C++14 (GCC 5.4.1),cpp,Accepted,101,13296,4092,
s551989060,p03866,u761407600,1565861134,C++,C++14 (GCC 5.4.1),cpp,Wrong Answer,28,8320,4102,
s629492558,p03866,u761407600,1565861056,C++,C++14 (GCC 5.4.1),cpp,Wrong Answer,28,8320,4093,
s107800743,p03866,u761407600,1565861041,C++,C++14 (GCC 5.4.1),cpp,Accepted,684,14320,4098,
s803419844,p03866,u761407600,1565860761,C++,C++14 (GCC 5.4.1),cpp,Accepted,768,8192,3522,
s626261618,p03866,u761407600,1565860575,C++,C++14 (GCC 5.4.1),cpp,Accepted,794,8064,3511,
s422527599,p03866,u167931717,1565625821,C++,C++14 (GCC 5.4.1),cpp,Accepted,97,14084,17492,
s865072815,p03866,u167931717,1565603330,C++,C++14 (GCC 5.4.1),cpp,Wrong Answer,9,256,17251,
s704691093,p03866,u167931717,1565603005,C++,C++14 (GCC 5.4.1),cpp,Wrong Answer,9,256,17349,
s073331277,p03866,u764234894,1565315731,C++,C++14 (GCC 5.4.1),cpp,Accepted,124,55680,3986,
s189096744,p03866,u379822620,1565289351,C++,C++14 (GCC 5.4.1),cpp,Accepted,106,22384,1592,
s299334209,p03866,u379822620,1565289251,C++,C++14 (GCC 5.4.1),cpp,Wrong Answer,107,22000,1592,
s383155981,p03866,u476418095,1565142678,C++,C++14 (GCC 5.4.1),cpp,Accepted,569,8320,1528,
s825484836,p03866,u006686215,1564951785,C++,C++14 (GCC 5.4.1),cpp,Accepted,1645,42732,2120,
s745532772,p03866,u006686215,1564950795,C++,C++14 (GCC 5.4.1),cpp,Wrong Answer,170,18548,2084,
s959806749,p03866,u214617707,1564829132,Python,PyPy3 (2.4.0),py,Accepted,1328,103132,940,
s051201585,p03866,u214617707,1564828808,Python,PyPy3 (2.4.0),py,Time Limit Exceeded,2109,105692,884,
s976090477,p03866,u251828455,1564819153,C++,C++14 (GCC 5.4.1),cpp,Accepted,19,256,862,
s446443117,p03866,u214617707,1564808893,Python,PyPy3 (2.4.0),py,Time Limit Exceeded,2111,112860,858,
s022350750,p03866,u214617707,1564808686,Python,PyPy3 (2.4.0),py,Wrong Answer,337,70364,772,
s525311259,p03866,u214617707,1564808437,Python,PyPy3 (2.4.0),py,Time Limit Exceeded,2113,107356,773,
s370650410,p03866,u214617707,1564808088,Python,PyPy3 (2.4.0),py,Time Limit Exceeded,2110,107100,737,
s475206605,p03866,u052499405,1564783209,C++,C++14 (GCC 5.4.1),cpp,Accepted,112,50036,2827,
s276049493,p03866,u052499405,1564783045,C++,C++14 (GCC 5.4.1),cpp,Wrong Answer,112,50036,2824,
s954745329,p03866,u052499405,1564782911,C++,C++14 (GCC 5.4.1),cpp,Wrong Answer,113,49908,2577,
s876226345,p03866,u730731139,1564310399,C++,C++14 (GCC 5.4.1),cpp,Accepted,163,18664,2069,
s337504854,p03866,u930841425,1564274506,C++,C++14 (GCC 5.4.1),cpp,Accepted,114,38148,1783,
s080970345,p03866,u930841425,1564271002,C++,C++14 (GCC 5.4.1),cpp,Time Limit Exceeded,2104,14072,1675,
s454775621,p03866,u930841425,1564270847,C++,C++14 (GCC 5.4.1),cpp,Accepted,114,22768,1515,
s271993935,p03866,u093219895,1564270206,C++,C++14 (GCC 5.4.1),cpp,Accepted,103,22128,4963,
s784745026,p03866,u093219895,1564269678,C++,C++14 (GCC 5.4.1),cpp,Wrong Answer,43,18548,5012,
s323972678,p03866,u930841425,1564264419,C++,C++14 (GCC 5.4.1),cpp,Time Limit Exceeded,2104,139364,1675,
s285450331,p03866,u930841425,1564262946,C++,C++14 (GCC 5.4.1),cpp,Time Limit Exceeded,2104,139236,1626,
s943665555,p03866,u930841425,1564261620,C++,C++14 (GCC 5.4.1),cpp,Time Limit Exceeded,2107,66660,1366,
s183526079,p03866,u930841425,1564259321,C++,C++14 (GCC 5.4.1),cpp,Time Limit Exceeded,2107,1050196,1274,
s258958412,p03866,u155024797,1564197706,Python,PyPy3 (2.4.0),py,Accepted,1291,125108,830,
s732841656,p03866,u128456980,1564072514,C++,C++14 (GCC 5.4.1),cpp,Accepted,130,38256,2403,
s257392038,p03866,u133391510,1564045556,C++,C++14 (GCC 5.4.1),cpp,Accepted,136,38768,1631,
s347741130,p03866,u133391510,1564045343,C++,C++14 (GCC 5.4.1),cpp,Wrong Answer,139,38768,1512,
s901761549,p03866,u133391510,1564045196,C++,C++14 (GCC 5.4.1),cpp,Runtime Error,250,38836,1512,
s648582171,p03866,u845152373,1563911810,C++,C++14 (GCC 5.4.1),cpp,Accepted,703,14064,1524,
s458400325,p03866,u845152373,1563911683,C++,C++14 (GCC 5.4.1),cpp,Time Limit Exceeded,2104,10240,1546,
s105031144,p03866,u905039527,1563530474,Java,Java8 (OpenJDK 1.8.0),java,Accepted,615,78728,6405,
s848404217,p03866,u905039527,1563530406,Java,Java8 (OpenJDK 1.8.0),java,Accepted,608,77868,6412,
s448168400,p03866,u905039527,1563529865,Java,Java8 (OpenJDK 1.8.0),java,Wrong Answer,725,79092,6380,
s203521442,p03866,u905039527,1563529764,Java,Java8 (OpenJDK 1.8.0),java,Accepted,540,76932,6174,
s543291599,p03866,u905039527,1563528341,Java,Java8 (OpenJDK 1.8.0),java,Wrong Answer,633,78740,6373,
s200986799,p03866,u905039527,1563528306,Java,Java8 (OpenJDK 1.8.0),java,Wrong Answer,571,79784,6380,
s180090580,p03866,u905039527,1563528252,Java,Java8 (OpenJDK 1.8.0),java,Wrong Answer,973,113440,6380,
s794990939,p03866,u905039527,1563527933,Java,Java8 (OpenJDK 1.8.0),java,Wrong Answer,981,114272,6373,
s656025358,p03866,u353919145,1563481635,C++,C++14 (GCC 5.4.1),cpp,Accepted,10,256,906,
s204084258,p03866,u353919145,1563481136,C++,C++14 (GCC 5.4.1),cpp,Wrong Answer,13,256,952,
s959015155,p03866,u863370423,1563481030,C++,C++14 (GCC 5.4.1),cpp,Time Limit Exceeded,2107,8192,1139,
s055408114,p03866,u089230684,1563480918,C++,C++14 (GCC 5.4.1),cpp,Wrong Answer,10,384,880,
s354330373,p03866,u863370423,1563480503,C++,C++14 (GCC 5.4.1),cpp,Wrong Answer,2104,8192,1127,
s898022092,p03866,u171366497,1563330832,C++,C++14 (GCC 5.4.1),cpp,Accepted,981,17920,2303,
s965357006,p03866,u171366497,1563329564,Python,PyPy3 (2.4.0),py,Time Limit Exceeded,2109,83676,623,
s042510661,p03866,u171366497,1563329558,Python,Python (3.4.3),py,Time Limit Exceeded,2105,24660,623,
s936541824,p03866,u171366497,1563329494,Python,Python (3.4.3),py,Time Limit Exceeded,2106,35060,596,
s349169781,p03866,u171366497,1563327926,C++,C++14 (GCC 5.4.1),cpp,Wrong Answer,1384,18048,2024,
s123060739,p03866,u921168761,1563296803,C++,C++14 (GCC 5.4.1),cpp,Accepted,113,25108,1656,
s737968544,p03866,u268284127,1563208796,C++,C++14 (GCC 5.4.1),cpp,Accepted,11,8192,3815,
s945214986,p03866,u120582723,1563121012,Lua,LuaJIT (2.0.4),lua,Accepted,132,10368,1729,
s342113462,p03866,u120582723,1563118712,Lua,LuaJIT (2.0.4),lua,Time Limit Exceeded,2104,10624,1587,
s175134738,p03866,u138301572,1562809183,C++,C++14 (GCC 5.4.1),cpp,Accepted,100,18412,1493,
s633397860,p03866,u957513998,1562757563,C++,C++14 (GCC 5.4.1),cpp,Accepted,255,89180,2520,
s779649769,p03866,u102461423,1562702771,Python,Python (3.4.3),py,Accepted,245,52456,633,
s883140195,p03866,u102461423,1562702251,Python,Python (3.4.3),py,Accepted,230,51384,651,
s743232613,p03866,u102461423,1562702085,Python,Python (3.4.3),py,Accepted,237,51384,647,
s020913897,p03866,u102461423,1562701932,Python,Python (3.4.3),py,Runtime Error,170,13676,619,
s383714645,p03866,u643840641,1562600788,C++,C++14 (GCC 5.4.1),cpp,Accepted,103,21884,5307,
s605883295,p03866,u643840641,1562600030,C++,C++14 (GCC 5.4.1),cpp,Wrong Answer,107,22512,5663,
s891752002,p03866,u721367699,1562530859,C++,C++14 (GCC 5.4.1),cpp,Accepted,158,34956,1562,
s200931317,p03866,u721367699,1562530848,C,C (GCC 5.4.1),c,Compile Error,,,1562,
s463593103,p03866,u147049801,1562511922,C++,C++14 (GCC 5.4.1),cpp,Accepted,100,13692,2277,
s416934333,p03866,u807998890,1562509434,C++,C++14 (GCC 5.4.1),cpp,Accepted,178,26220,1304,
s394148587,p03866,u724732842,1562467350,C++,C++14 (GCC 5.4.1),cpp,Accepted,101,14576,1892,
s822761764,p03866,u278557567,1562219763,C++,C++14 (GCC 5.4.1),cpp,Accepted,642,22164,1095,
s104162086,p03866,u045811375,1562104370,C++,C++14 (GCC 5.4.1),cpp,Accepted,98,6132,1201,
s422074649,p03866,u045811375,1562103786,C++,C++14 (GCC 5.4.1),cpp,Time Limit Exceeded,2103,6004,1113,
s129485913,p03866,u778814286,1561839614,C++,C++14 (GCC 5.4.1),cpp,Accepted,452,71576,5615,
s599534876,p03866,u399721252,1561836278,Python,PyPy3 (2.4.0),py,Runtime Error,182,38384,1349,
s404520008,p03866,u399721252,1561835424,Python,PyPy3 (2.4.0),py,Wrong Answer,1748,74076,1202,
s452827157,p03866,u096883693,1561770777,C++,C++14 (GCC 5.4.1),cpp,Accepted,97,13296,1335,
s936948099,p03866,u096883693,1561769822,C++,C++14 (GCC 5.4.1),cpp,Accepted,111,22512,1370,
s356265481,p03866,u096883693,1561769490,C++,C++14 (GCC 5.4.1),cpp,Accepted,1789,22640,1404,
s193822217,p03866,u096883693,1561769389,C++,C++14 (GCC 5.4.1),cpp,Wrong Answer,1486,18392,1405,
s276618047,p03866,u949755084,1561509935,C++,C++14 (GCC 5.4.1),cpp,Accepted,105,22512,2275,
s689443940,p03866,u560900554,1561266938,Rust,Rust (1.15.1),rs,Accepted,102,30764,3949,
s303994277,p03866,u560900554,1561266688,Rust,Rust (1.15.1),rs,Wrong Answer,102,30764,3891,
s452419784,p03866,u066651036,1561218133,C++,C++14 (GCC 5.4.1),cpp,Accepted,163,26092,2957,
s665680759,p03866,u623349537,1561174334,C++,C++14 (GCC 5.4.1),cpp,Accepted,13,8064,1643,
s730180540,p03866,u131213364,1560889001,C++,C++14 (GCC 5.4.1),cpp,Accepted,595,14212,1743,
s953454894,p03866,u131213364,1560888262,C++,C++14 (GCC 5.4.1),cpp,Wrong Answer,597,14204,1752,
s326634404,p03866,u693133807,1560819076,C++,C++14 (GCC 5.4.1),cpp,Accepted,93,13552,1387,
s893511739,p03866,u235155157,1560746218,C++,C++14 (GCC 5.4.1),cpp,Accepted,102,44660,1897,
s535739037,p03866,u562935282,1560645874,Python,PyPy3 (2.4.0),py,Accepted,422,83184,1425,
s518324561,p03866,u562935282,1560645863,Python,Python (3.4.3),py,Accepted,1661,24948,1425,
s650885488,p03866,u228214259,1560564521,C++,C++14 (GCC 5.4.1),cpp,Accepted,180,42768,1735,
s177438950,p03866,u071692456,1560532916,C++,C++14 (GCC 5.4.1),cpp,Accepted,108,24816,1736,
s418254449,p03866,u071692456,1560532783,C++,C++14 (GCC 5.4.1),cpp,Wrong Answer,109,24560,1718,
s534190364,p03866,u071692456,1560532643,C++,C++14 (GCC 5.4.1),cpp,Wrong Answer,108,24816,1708,
s921932802,p03866,u071692456,1560532522,C++,C++14 (GCC 5.4.1),cpp,Wrong Answer,43,20852,1732,
s062383213,p03866,u505831576,1560429523,C++,C++14 (GCC 5.4.1),cpp,Accepted,112,24596,2291,
s572454566,p03866,u263933075,1560397050,C++,C++ (GCC 5.4.1),cpp,Accepted,564,8320,1528,
s192115566,p03866,u506403362,1560319627,Go,Go (1.6),go,Accepted,511,37120,3032,
s582352546,p03866,u506403362,1560317617,Java,Java8 (OpenJDK 1.8.0),java,Wrong Answer,200,27032,1890,
s417889677,p03866,u109256064,1560231230,C++,C++14 (GCC 5.4.1),cpp,Accepted,99,6512,1412,
s807059642,p03866,u670376790,1560023252,Java,Java8 (OpenJDK 1.8.0),java,Accepted,869,68364,3559,
s853862667,p03866,u558299650,1560022423,C++,C++14 (GCC 5.4.1),cpp,Accepted,102,6388,1745,
s080646645,p03866,u558299650,1560022191,C++,C++14 (GCC 5.4.1),cpp,Wrong Answer,21,512,1733,
s132067764,p03866,u051493691,1559879531,C++,C++14 (GCC 5.4.1),cpp,Accepted,115,30576,8828,
s057497978,p03866,u375616706,1559848976,Python,Python (3.4.3),py,Time Limit Exceeded,2107,53796,1268,
s759288259,p03866,u375616706,1559848233,Python,PyPy3 (2.4.0),py,Accepted,1278,123612,1268,
s162517326,p03866,u876978301,1559737153,C++,C++14 (GCC 5.4.1),cpp,Accepted,104,22420,1534,
s417076027,p03866,u287305727,1559685450,C++,C++14 (GCC 5.4.1),cpp,Accepted,109,22512,3051,
s758374384,p03866,u310678820,1559670062,Python,PyPy3 (2.4.0),py,Accepted,475,86256,1078,
s478602488,p03866,u310678820,1559669962,Python,Python (3.4.3),py,Accepted,1359,63212,568,
s522166953,p03866,u310678820,1559669833,Python,Python (3.4.3),py,Time Limit Exceeded,2110,28600,556,
s787270109,p03866,u310678820,1559669661,Python,Python (3.4.3),py,Accepted,1443,63872,511,
s842627382,p03866,u310678820,1559669567,Python,Python (3.4.3),py,Time Limit Exceeded,2112,26584,593,
s441310703,p03866,u310678820,1559669432,Python,Python (3.4.3),py,Runtime Error,172,13660,593,
s751941307,p03866,u284854859,1559663909,Python,PyPy3 (2.4.0),py,Runtime Error,172,38640,512,
s787990825,p03866,u284854859,1559663787,Python,Python (3.4.3),py,Accepted,1426,63280,512,
s846387625,p03866,u284854859,1559663248,Python,Python (3.4.3),py,Runtime Error,1415,51516,527,
s625407118,p03866,u284854859,1559659680,Python,Python (3.4.3),py,Wrong Answer,2113,63160,506,
s233144285,p03866,u284854859,1559650358,Python,Python (3.4.3),py,Time Limit Exceeded,2113,53000,803,
s419152556,p03866,u062147869,1559620802,Python,PyPy3 (2.4.0),py,Accepted,1298,122972,909,
s999042265,p03866,u899635344,1559328633,C++,C++14 (GCC 5.4.1),cpp,Accepted,157,10348,1956,
s297223400,p03866,u089230684,1559278675,C++,C++14 (GCC 5.4.1),cpp,Accepted,97,6384,1890,
s470512320,p03866,u816631826,1559276840,C++,C++14 (GCC 5.4.1),cpp,Accepted,92,6260,1712,
s955844636,p03866,u018643977,1559276792,C++,C++14 (GCC 5.4.1),cpp,Accepted,92,6260,1712,
s415564394,p03866,u018679195,1559276546,Bash,Bash (GNU bash v4.3.11),sh,Runtime Error,5,644,1712,
s140609558,p03866,u816631826,1559275386,C++,C++14 (GCC 5.4.1),cpp,Accepted,112,26496,1664,
s478042165,p03866,u353919145,1559274157,C++,C++14 (GCC 5.4.1),cpp,Accepted,535,8192,1537,
s845548144,p03866,u816631826,1559273991,Bash,Bash (GNU bash v4.3.11),sh,Runtime Error,5,628,1536,
s148318952,p03866,u513683999,1559152502,C++,C++14 (GCC 5.4.1),cpp,Accepted,18,256,2736,
s870135235,p03866,u513683999,1559152447,C++,C++14 (GCC 5.4.1),cpp,Compile Error,,,2719,
s832531054,p03866,u389411299,1559147126,C++,C++14 (GCC 5.4.1),cpp,Accepted,110,25840,1234,
s560470852,p03866,u389411299,1559146949,C++,C++14 (GCC 5.4.1),cpp,Wrong Answer,45,22900,1232,
s038952007,p03866,u389411299,1559146881,C++,C++14 (GCC 5.4.1),cpp,Wrong Answer,36,22900,1232,
s998363640,p03866,u766684188,1559139795,Python,PyPy3 (2.4.0),py,Accepted,1411,126088,804,
s604052240,p03866,u766684188,1559139752,Python,PyPy3 (2.4.0),py,Accepted,1300,127624,768,
s587811656,p03866,u766684188,1559136793,Python,PyPy3 (2.4.0),py,Accepted,406,82396,857,
s702866168,p03866,u766684188,1559136620,Python,PyPy3 (2.4.0),py,Time Limit Exceeded,2112,124424,820,
s964782405,p03866,u766684188,1559134736,Python,PyPy3 (2.4.0),py,Time Limit Exceeded,2111,125832,907,
s978021865,p03866,u247366051,1559011342,C++,C++14 (GCC 5.4.1),cpp,Accepted,562,8320,1521,
s551947939,p03866,u723721005,1559011220,C++,C++14 (GCC 5.4.1),cpp,Wrong Answer,568,8192,1656,
s004326907,p03866,u426964396,1559011054,C++,C++14 (GCC 5.4.1),cpp,Wrong Answer,564,8192,1625,
s465774076,p03866,u263933075,1559010844,C++,C++14 (GCC 5.4.1),cpp,Wrong Answer,563,8192,1293,
s446062754,p03866,u247366051,1559010476,C++,C++14 (GCC 5.4.1),cpp,Wrong Answer,25,8192,1291,
s883906108,p03866,u476418095,1558906406,C++,C++14 (GCC 5.4.1),cpp,Runtime Error,2104,3456,1532,
s758127895,p03866,u272015756,1558902637,C++,C++14 (GCC 5.4.1),cpp,Accepted,16,8192,789,
s082110942,p03866,u156027844,1558896836,C++,C++14 (GCC 5.4.1),cpp,Wrong Answer,15,8064,1525,
s249522364,p03866,u156027844,1558896756,C++,C++14 (GCC 5.4.1),cpp,Wrong Answer,12,8192,1793,
s875935265,p03866,u156027844,1558896443,C++,C++14 (GCC 5.4.1),cpp,Wrong Answer,13,8192,1260,
s569651070,p03866,u156027844,1558896170,C++,C++14 (GCC 5.4.1),cpp,Wrong Answer,11,8192,1818,
s652955800,p03866,u156027844,1558895822,C++,C++14 (GCC 5.4.1),cpp,Wrong Answer,12,8192,1792,
s719917499,p03866,u156027844,1558895469,C++,C++14 (GCC 5.4.1),cpp,Wrong Answer,16,8192,1807,
s344654842,p03866,u156027844,1558894963,C++,C++14 (GCC 5.4.1),cpp,Wrong Answer,21,8192,1635,
s307425058,p03866,u156027844,1558840685,C++,C++14 (GCC 5.4.1),cpp,Wrong Answer,16,8448,1346,
s092296394,p03866,u156027844,1558840335,C++,C++14 (GCC 5.4.1),cpp,Wrong Answer,21,8192,1534,
s970543280,p03866,u156027844,1558839969,C++,C++14 (GCC 5.4.1),cpp,Wrong Answer,21,8192,1629,
s197338632,p03866,u156027844,1558839695,C++,C++14 (GCC 5.4.1),cpp,Wrong Answer,21,8192,1688,
s811419169,p03866,u156027844,1558839546,C++,C++14 (GCC 5.4.1),cpp,Wrong Answer,23,8192,1687,
s540474034,p03866,u156027844,1558839416,C++,C++14 (GCC 5.4.1),cpp,Wrong Answer,24,8192,1688,
s737701658,p03866,u156027844,1558838428,C++,C++14 (GCC 5.4.1),cpp,Wrong Answer,25,8192,2018,
s399208753,p03866,u394059586,1558836381,Java,Java8 (OpenJDK 1.8.0),java,Accepted,461,52740,4645,
s831778749,p03866,u061167184,1558736008,C++,C++14 (GCC 5.4.1),cpp,Accepted,23,16000,1400,
s615228437,p03866,u061167184,1558735529,C++,C++14 (GCC 5.4.1),cpp,Wrong Answer,16,8192,1287,
s851614726,p03866,u061167184,1558735453,C++,C++14 (GCC 5.4.1),cpp,Wrong Answer,20,8448,1347,
s410539548,p03866,u061167184,1558734962,C++,C++14 (GCC 5.4.1),cpp,Wrong Answer,17,8192,1241,
s603838812,p03866,u407614884,1558676124,C++,C++14 (GCC 5.4.1),cpp,Accepted,242,77872,1411,
s576214111,p03866,u407614884,1558675818,C++,C++14 (GCC 5.4.1),cpp,Wrong Answer,139,40432,1391,
s602068244,p03866,u407614884,1558674729,C++,C++14 (GCC 5.4.1),cpp,Wrong Answer,111,24980,1396,
s081915457,p03866,u319396308,1558644225,Java,Java8 (OpenJDK 1.8.0),java,Time Limit Exceeded,2109,100408,1720,
s722522460,p03866,u766684188,1558561788,Python,PyPy3 (2.4.0),py,Time Limit Exceeded,2111,125928,812,
s045275276,p03866,u766684188,1558561460,Python,PyPy3 (2.4.0),py,Time Limit Exceeded,2111,125896,845,
s388993879,p03866,u766684188,1558561130,Python,PyPy3 (2.4.0),py,Time Limit Exceeded,2112,126344,850,
s021227092,p03866,u766684188,1558560821,Python,Python (3.4.3),py,Time Limit Exceeded,2115,126788,845,
s373861910,p03866,u766684188,1558558304,Python,PyPy3 (2.4.0),py,Time Limit Exceeded,2111,124296,845,
s190936476,p03866,u355335354,1558511019,C++,C++14 (GCC 5.4.1),cpp,Accepted,161,64444,5661,
s924324940,p03866,u905710781,1558483033,C++,C++14 (GCC 5.4.1),cpp,Accepted,128,13552,1566,
s943961044,p03866,u905710781,1558482672,C++,C++14 (GCC 5.4.1),cpp,Wrong Answer,144,13552,1551,
s828354795,p03866,u905710781,1558482582,C++,C++14 (GCC 5.4.1),cpp,Wrong Answer,134,14192,1550,
s053820947,p03866,u905710781,1558482512,C++,C++14 (GCC 5.4.1),cpp,Wrong Answer,128,13552,1551,
s863241309,p03866,u905710781,1558482450,C++,C++14 (GCC 5.4.1),cpp,Wrong Answer,132,13808,1551,
s819108448,p03866,u177907787,1558354113,C++,C++14 (GCC 5.4.1),cpp,Accepted,128,38384,1456,
s698295829,p03866,u932299059,1558330514,C++,C++14 (GCC 5.4.1),cpp,Accepted,108,22512,1834,
s659267391,p03866,u177907787,1558313609,C++,C++14 (GCC 5.4.1),cpp,Wrong Answer,128,38896,1435,
s262198677,p03866,u177907787,1558313137,C++,C++14 (GCC 5.4.1),cpp,Wrong Answer,196,38256,1405,
s282326040,p03866,u946322619,1558304376,C++,C++14 (GCC 5.4.1),cpp,Accepted,112,26624,9069,
s336514476,p03866,u946322619,1558303611,C++,C++14 (GCC 5.4.1),cpp,Accepted,111,26604,2944,
s065526093,p03866,u946322619,1558303035,C++,C++14 (GCC 5.4.1),cpp,Accepted,109,26624,2888,
s476109875,p03866,u946322619,1558302968,C++,C++14 (GCC 5.4.1),cpp,Wrong Answer,108,26604,2859,
s272536619,p03866,u946322619,1558302362,C++,C++14 (GCC 5.4.1),cpp,Accepted,109,26624,8902,
s165819951,p03866,u946322619,1558301802,C++,C++14 (GCC 5.4.1),cpp,Accepted,128,38788,8997,
s550744832,p03866,u946322619,1558294044,C++,C++14 (GCC 5.4.1),cpp,Accepted,125,38648,8432,
s991692641,p03866,u946322619,1558291155,C++,C++14 (GCC 5.4.1),cpp,Accepted,125,38776,8870,
s423377535,p03866,u715750943,1558157019,C++,C++14 (GCC 5.4.1),cpp,Accepted,372,118928,7114,
s189664122,p03866,u715750943,1558156794,C++,C++14 (GCC 5.4.1),cpp,Wrong Answer,372,118928,7024,
s900335736,p03866,u562016607,1558138608,Python,PyPy3 (2.4.0),py,Accepted,1231,123100,826,
s246957793,p03866,u562016607,1558138580,Python,Python (3.4.3),py,Time Limit Exceeded,2109,64112,826,
s231707265,p03866,u177907787,1558107155,C#,C# (Mono 4.6.2.0),cs,Time Limit Exceeded,2108,22496,4177,
s691705443,p03866,u177907787,1558106948,C#,C# (Mono 4.6.2.0),cs,Time Limit Exceeded,2108,24544,4144,
s735986177,p03866,u798339690,1558035621,C++,C++14 (GCC 5.4.1),cpp,Accepted,1004,8960,1121,
s121471374,p03866,u492373312,1557974351,C++,C++14 (GCC 5.4.1),cpp,Accepted,104,22804,2104,
s966036075,p03866,u207036582,1557849013,C++,C++14 (GCC 5.4.1),cpp,Accepted,137,22548,1956,
s636486225,p03866,u207036582,1557848660,C++,C++14 (GCC 5.4.1),cpp,Wrong Answer,138,22512,1897,
s858924429,p03866,u845980916,1557782653,C++,C++14 (GCC 5.4.1),cpp,Accepted,7,256,1901,
s179299986,p03866,u940865945,1557576613,C++,C++14 (GCC 5.4.1),cpp,Accepted,137,38324,1419,
s606927916,p03866,u196497077,1557527512,C++,C++14 (GCC 5.4.1),cpp,Accepted,128,41328,2103,
s675377528,p03866,u196497077,1557527375,C++,C++14 (GCC 5.4.1),cpp,Wrong Answer,128,41072,1991,
s789159780,p03866,u548415105,1557490950,C++,C++14 (GCC 5.4.1),cpp,Accepted,117,6128,1131,
s733840889,p03866,u541161485,1557446565,C++,C++14 (GCC 5.4.1),cpp,Accepted,17,8320,2310,
s621450480,p03866,u541161485,1557446517,C++,C++14 (GCC 5.4.1),cpp,Wrong Answer,17,8320,2298,
s769847399,p03866,u541161485,1557446460,C++,C++14 (GCC 5.4.1),cpp,Wrong Answer,20,8320,2377,
s666133612,p03866,u711985352,1557349497,C++,C++14 (GCC 5.4.1),cpp,Accepted,109,21616,2570,
s297577519,p03866,u942290141,1557159616,C++,C++14 (GCC 5.4.1),cpp,Accepted,110,22292,2571,
s217083589,p03866,u454087021,1557013280,C++,C++14 (GCC 5.4.1),cpp,Accepted,1059,9216,1083,
s924670148,p03866,u454087021,1557012392,C++,C++14 (GCC 5.4.1),cpp,Wrong Answer,291,8448,1074,
s197142537,p03866,u997521090,1556968992,C++,C++14 (GCC 5.4.1),cpp,Accepted,106,26096,1906,
s898256697,p03866,u729133443,1556887551,Python,PyPy3 (2.4.0),py,Accepted,368,78428,720,
s107368554,p03866,u729133443,1556887489,Python,Python (3.4.3),py,Accepted,1622,36724,720,
s122819494,p03866,u938024002,1556743100,C++,C++14 (GCC 5.4.1),cpp,Accepted,157,10496,1077,
s944099073,p03866,u938024002,1556742793,C++,C++14 (GCC 5.4.1),cpp,Wrong Answer,210,384,1103,
s681079964,p03866,u794173881,1556569603,Python,Python (3.4.3),py,Accepted,1978,24820,1193,
s387152315,p03866,u794173881,1556569536,Python,PyPy3 (2.4.0),py,Accepted,474,85084,1193,
s108442145,p03866,u794173881,1556568587,Python,PyPy3 (2.4.0),py,Time Limit Exceeded,2110,113884,1164,
s824124758,p03866,u794173881,1556567634,Python,PyPy3 (2.4.0),py,Time Limit Exceeded,2111,126812,1187,
s018789536,p03866,u794173881,1556567236,Python,PyPy3 (2.4.0),py,Time Limit Exceeded,2115,171016,1185,
s458299362,p03866,u794173881,1556567196,Python,Python (3.4.3),py,Time Limit Exceeded,2114,140064,1185,
s858141861,p03866,u221119670,1556505400,C++,C++14 (GCC 5.4.1),cpp,Accepted,630,13808,1318,
s293126648,p03866,u516926974,1556384056,C#,C# (Mono 4.6.2.0),cs,Wrong Answer,39,11604,2183,
s687608886,p03866,u284140331,1556268833,C++,C++14 (GCC 5.4.1),cpp,Accepted,154,42768,2558,
s841060356,p03866,u284140331,1556268782,C++,C++14 (GCC 5.4.1),cpp,Compile Error,,,2562,
s390526437,p03866,u284140331,1556268601,C++,C++14 (GCC 5.4.1),cpp,Compile Error,,,2558,
s565825930,p03866,u045939752,1556247425,C++,C++14 (GCC 5.4.1),cpp,Accepted,99,13680,1583,
s786502043,p03866,u645369394,1556200247,C++,C++14 (GCC 5.4.1),cpp,Accepted,108,22256,1340,
s824529859,p03866,u929880800,1556155909,C#,C# (Mono 4.6.2.0),cs,Accepted,853,108148,6785,
s922229196,p03866,u370768058,1555985302,C++,C++14 (GCC 5.4.1),cpp,Accepted,110,21780,2845,
s230227272,p03866,u305138467,1555971950,C++,C++14 (GCC 5.4.1),cpp,Accepted,1717,18432,2197,
s457078925,p03866,u305138467,1555963619,C++,C++14 (GCC 5.4.1),cpp,Wrong Answer,1705,18432,2199,
s168897072,p03866,u305138467,1555963145,C++,C++14 (GCC 5.4.1),cpp,Wrong Answer,1731,18432,1948,
s215724775,p03866,u305138467,1555962585,C++,C++14 (GCC 5.4.1),cpp,Wrong Answer,1682,18560,1949,
s014445025,p03866,u036251680,1555796242,Haskell,Haskell (GHC 7.10.3),hs,Accepted,44,25596,3969,
s465138607,p03866,u084871864,1555631487,C++,C++14 (GCC 5.4.1),cpp,Accepted,94,6264,1101,
s678506067,p03866,u036251680,1555629688,Haskell,Haskell (GHC 7.10.3),hs,Accepted,57,25596,3836,
s632367149,p03866,u036251680,1555629514,Haskell,Haskell (GHC 7.10.3),hs,Accepted,58,25724,3845,
s579134061,p03866,u036251680,1555629468,Haskell,Haskell (GHC 7.10.3),hs,Accepted,49,25724,3850,
s803495466,p03866,u036251680,1555629293,Haskell,Haskell (GHC 7.10.3),hs,Accepted,49,25724,3809,
s813702212,p03866,u036251680,1555629127,Haskell,Haskell (GHC 7.10.3),hs,Accepted,45,25724,3764,
s580381245,p03866,u036251680,1555628312,Haskell,Haskell (GHC 7.10.3),hs,Accepted,46,25724,3858,
s936459026,p03866,u036251680,1555627591,Haskell,Haskell (GHC 7.10.3),hs,Accepted,44,25596,3884,
s625669410,p03866,u036251680,1555623053,Haskell,Haskell (GHC 7.10.3),hs,Accepted,50,25724,3902,
s092429919,p03866,u036251680,1555622901,Haskell,Haskell (GHC 7.10.3),hs,Compile Error,,,3910,
s437476645,p03866,u036251680,1555621947,Haskell,Haskell (GHC 7.10.3),hs,Accepted,1495,104444,3634,
s958847823,p03866,u683588090,1555607189,C++,C++14 (GCC 5.4.1),cpp,Accepted,104,6132,1530,
s567029766,p03866,u683588090,1555606823,C++,C++14 (GCC 5.4.1),cpp,Wrong Answer,2103,5876,1446,
s197948000,p03866,u036251680,1555573669,Haskell,Haskell (GHC 7.10.3),hs,Accepted,1505,103804,3541,
s030048164,p03866,u036251680,1555573640,Haskell,Haskell (GHC 7.10.3),hs,Compile Error,,,3549,
s491840922,p03866,u036251680,1555571915,Haskell,Haskell (GHC 7.10.3),hs,Time Limit Exceeded,2104,35876,4902,
s020112568,p03866,u036251680,1555571643,Haskell,Haskell (GHC 7.10.3),hs,Runtime Error,97,18044,4902,
s903494189,p03866,u036251680,1555571567,Haskell,Haskell (GHC 7.10.3),hs,Runtime Error,97,17916,4902,
s377249433,p03866,u652683896,1555561249,C++,C++14 (GCC 5.4.1),cpp,Accepted,102,14200,1755,
s913675713,p03866,u652683896,1555560630,C++,C++14 (GCC 5.4.1),cpp,Accepted,20,8192,1740,
s238602721,p03866,u652683896,1555560168,C++,C++14 (GCC 5.4.1),cpp,Runtime Error,116,8192,1692,
s125004119,p03866,u036251680,1555539484,Haskell,Haskell (GHC 7.10.3),hs,Accepted,1407,103804,3132,
s126040306,p03866,u036251680,1555538664,Haskell,Haskell (GHC 7.10.3),hs,Accepted,1489,103804,3079,
s261320091,p03866,u036251680,1555538639,Haskell,Haskell (GHC 7.10.3),hs,Compile Error,,,3073,
s076981998,p03866,u036251680,1555538258,Haskell,Haskell (GHC 7.10.3),hs,Compile Error,,,3052,
s752963086,p03866,u036251680,1555537600,Haskell,Haskell (GHC 7.10.3),hs,Accepted,1464,89468,3058,
s871504446,p03866,u036251680,1555537079,Haskell,Haskell (GHC 7.10.3),hs,Accepted,1583,89468,3140,
s833604808,p03866,u599617303,1555462639,C++,C++14 (GCC 5.4.1),cpp,Accepted,115,30320,4032,
s948362757,p03866,u599617303,1555462618,C++,C++14 (Clang 3.8.0),cpp,Compile Error,,,4032,
s205410296,p03866,u599617303,1555462188,C++,C++14 (Clang 3.8.0),cpp,Accepted,121,30576,3990,
s918837268,p03866,u131213364,1555439822,Python,Python (3.4.3),py,Time Limit Exceeded,2106,38004,1154,
s149721270,p03866,u202928696,1555113617,C++,C++14 (GCC 5.4.1),cpp,Accepted,96,5876,2840,
s068581618,p03866,u833393891,1555013362,C++,C++14 (GCC 5.4.1),cpp,Accepted,106,21616,2100,
s264452157,p03866,u434208140,1554864524,C++,C++14 (GCC 5.4.1),cpp,Accepted,106,21744,1180,
s394694792,p03866,u834415466,1554860598,C++,C++14 (GCC 5.4.1),cpp,Accepted,121,26732,1989,
s720126964,p03866,u834415466,1554860557,C++,C++14 (GCC 5.4.1),cpp,Wrong Answer,128,26732,1989,
s556587189,p03866,u834415466,1554860386,C++,C++14 (GCC 5.4.1),cpp,Accepted,129,26488,1972,
s628819961,p03866,u430527172,1554773623,C++,C++14 (GCC 5.4.1),cpp,Accepted,122,37892,1826,
s553776954,p03866,u430527172,1554773517,C++,C++14 (GCC 5.4.1),cpp,Wrong Answer,121,38404,1826,
s578926432,p03866,u430527172,1554771973,C++,C++14 (GCC 5.4.1),cpp,Wrong Answer,39,32256,1820,
s691616123,p03866,u430527172,1554771502,C++,C++14 (GCC 5.4.1),cpp,Wrong Answer,35,32256,1817,
s609045874,p03866,u430527172,1554768828,C++,C++14 (GCC 5.4.1),cpp,Wrong Answer,35,32256,1825,
s226430670,p03866,u430527172,1554768723,C++,C++14 (GCC 5.4.1),cpp,Wrong Answer,39,32256,1813,
s577451854,p03866,u614497125,1554730111,C++,C++14 (GCC 5.4.1),cpp,Accepted,98,18284,2553,
s975805369,p03866,u410878763,1554691617,C++,C++14 (GCC 5.4.1),cpp,Accepted,98,14196,1362,
s117043051,p03866,u124087379,1553874702,C++,C++14 (GCC 5.4.1),cpp,Accepted,107,2548,1273,
s768722034,p03866,u627417051,1553754183,Python,Python (3.4.3),py,Time Limit Exceeded,2112,127696,1494,
s227484216,p03866,u631277801,1553712281,Python,PyPy3 (2.4.0),py,Accepted,1302,124380,2829,
s929224489,p03866,u631277801,1553711608,Python,PyPy3 (2.4.0),py,Time Limit Exceeded,2111,120796,2690,
s006085031,p03866,u631277801,1553711322,Python,PyPy3 (2.4.0),py,Time Limit Exceeded,2111,121116,2609,
s816110313,p03866,u631277801,1553711294,Python,Python (3.4.3),py,Time Limit Exceeded,2110,98960,2609,
s195548291,p03866,u859396346,1553440545,C++,C++14 (GCC 5.4.1),cpp,Accepted,114,47892,2372,
s392847275,p03866,u196574642,1553351134,Rust,Rust (1.15.1),rs,Accepted,132,30772,2515,
s351212151,p03866,u196574642,1553351057,Rust,Rust (1.15.1),rs,Accepted,130,30772,2515,
s042396676,p03866,u828732026,1553203956,C++,C++14 (Clang 3.8.0),cpp,Accepted,1596,8064,1004,
s394206564,p03866,u828732026,1553203834,C++,C++14 (Clang 3.8.0),cpp,Wrong Answer,879,8064,964,
s283764460,p03866,u218843509,1553123117,Python,PyPy3 (2.4.0),py,Wrong Answer,509,88412,1490,
s742305012,p03866,u218843509,1553123037,Python,PyPy3 (2.4.0),py,Accepted,1208,101852,1553,
s456864823,p03866,u218843509,1553123013,Python,Python (3.4.3),py,Time Limit Exceeded,2112,59308,1553,
s401435089,p03866,u604896914,1553047853,C++,C++14 (GCC 5.4.1),cpp,Accepted,25,16384,1768,
s706470088,p03866,u604896914,1553047727,C++,C++14 (GCC 5.4.1),cpp,Wrong Answer,25,16384,1744,
s426052441,p03866,u151534880,1552969437,C++,C++14 (GCC 5.4.1),cpp,Accepted,96,6256,1709,
s197469710,p03866,u151534880,1552969168,C++,C++14 (GCC 5.4.1),cpp,Wrong Answer,23,512,1700,
s905979067,p03866,u151534880,1552969032,C++,C++14 (GCC 5.4.1),cpp,Wrong Answer,22,384,1682,
s941209499,p03866,u895641117,1552961419,C++,C++14 (GCC 5.4.1),cpp,Accepted,101,10608,1930,
s333995161,p03866,u895641117,1552961300,C++,C++14 (GCC 5.4.1),cpp,Wrong Answer,979,66148,1927,
s013185114,p03866,u627417051,1552961090,Python,Python (3.4.3),py,Time Limit Exceeded,2112,127724,1456,
s319320749,p03866,u895641117,1552961040,C++,C++14 (GCC 5.4.1),cpp,Wrong Answer,988,67044,1930,
s364129439,p03866,u627417051,1552960427,Python,Python (3.4.3),py,Time Limit Exceeded,2114,127712,1517,
s523556969,p03866,u627417051,1552960016,Python,Python (3.4.3),py,Time Limit Exceeded,2112,127724,1463,
s248066137,p03866,u627417051,1552959980,Python,Python (3.4.3),py,Runtime Error,18,3064,1462,
s542636957,p03866,u627417051,1552958576,Python,Python (3.4.3),py,Time Limit Exceeded,2113,127748,1420,
s146510962,p03866,u627417051,1552956317,Python,Python (3.4.3),py,Time Limit Exceeded,2112,127832,1809,
s258848837,p03866,u504142483,1552767645,C++,C++14 (GCC 5.4.1),cpp,Accepted,104,22000,3170,
s150383544,p03866,u504142483,1552767367,C++,C++14 (GCC 5.4.1),cpp,Wrong Answer,43,18676,3166,
s745514665,p03866,u359413838,1552657195,C++,C++14 (GCC 5.4.1),cpp,Accepted,233,34792,2383,
s276628058,p03866,u548768105,1552619218,C++,C++14 (GCC 5.4.1),cpp,Accepted,127,38896,2198,
s827482189,p03866,u548768105,1552618740,C++,C++14 (GCC 5.4.1),cpp,Wrong Answer,131,38640,2164,
s056978151,p03866,u297367372,1552576653,C++,C++14 (GCC 5.4.1),cpp,Accepted,9,256,1052,
s942025719,p03866,u872959410,1552454720,C++,C++14 (GCC 5.4.1),cpp,Accepted,23,8320,1741,
s692999270,p03866,u803848678,1552424631,Python,Python (3.4.3),py,Accepted,1342,59492,674,
s335521828,p03866,u803848678,1552351035,Python,Python (3.4.3),py,Runtime Error,1284,51612,609,
s076672249,p03866,u803848678,1552350594,Python,Python (3.4.3),py,Time Limit Exceeded,2111,130256,1240,
s792084791,p03866,u802071009,1552187546,C++,C++14 (GCC 5.4.1),cpp,Accepted,31,8192,3207,
s701563852,p03866,u524343822,1552186269,C++,C++14 (GCC 5.4.1),cpp,Accepted,106,22000,17726,
s394311942,p03866,u524343822,1552185303,C++,C++14 (GCC 5.4.1),cpp,Accepted,106,22292,17726,
s481712259,p03866,u015768390,1552079539,C++,C++14 (GCC 5.4.1),cpp,Accepted,102,13680,1561,
s467485082,p03866,u607034173,1552015576,C++,C++14 (GCC 5.4.1),cpp,Accepted,1503,21488,1656,
s206711346,p03866,u224756887,1551992702,C++,C++14 (GCC 5.4.1),cpp,Accepted,96,14064,2077,
s913840032,p03866,u521364030,1551832974,C++,C++14 (GCC 5.4.1),cpp,Accepted,110,22384,1498,
s291300490,p03866,u229842440,1551762059,C++,C++14 (GCC 5.4.1),cpp,Accepted,111,22640,2322,
s462909783,p03866,u942774736,1551760712,C++,C++14 (GCC 5.4.1),cpp,Accepted,93,14452,1004,
s518390477,p03866,u942774736,1551760293,C++,C++14 (GCC 5.4.1),cpp,Wrong Answer,32,10360,1003,
s030615626,p03866,u942774736,1551760098,C++,C++14 (GCC 5.4.1),cpp,Wrong Answer,30,10360,1000,
s722729720,p03866,u243961437,1551752193,C++,C++14 (GCC 5.4.1),cpp,Accepted,106,22804,1185,
s085288339,p03866,u057866967,1551740218,C++,C++14 (GCC 5.4.1),cpp,Accepted,113,21872,1621,
s032071718,p03866,u057866967,1551739893,C++,C++14 (GCC 5.4.1),cpp,Wrong Answer,35,18304,1621,
s178007219,p03866,u693027786,1551738519,C++,C++14 (GCC 5.4.1),cpp,Accepted,604,21780,1734,
s338495451,p03866,u798086274,1551558930,C++,C++14 (GCC 5.4.1),cpp,Accepted,107,26348,1236,
s527174741,p03866,u891178744,1551495172,C++,C++14 (GCC 5.4.1),cpp,Accepted,107,6404,1487,
s423205183,p03866,u334624175,1551488929,C++,C++14 (Clang 3.8.0),cpp,Accepted,198,42768,1632,
s063070651,p03866,u853132965,1551487223,C++,C++14 (GCC 5.4.1),cpp,Accepted,144,38384,2502,
s842157426,p03866,u425248533,1551450388,C,C (GCC 5.4.1),c,Accepted,9,256,1085,
s791563078,p03866,u761320129,1551414011,Python,PyPy3 (2.4.0),py,Accepted,1096,116568,967,
s460202972,p03866,u761320129,1551413387,Python,PyPy3 (2.4.0),py,Time Limit Exceeded,2121,396276,963,
s327278068,p03866,u218842729,1551412586,C++,C++14 (GCC 5.4.1),cpp,Accepted,602,22256,1794,
s198891089,p03866,u218842729,1551412554,C++,C++14 (GCC 5.4.1),cpp,Compile Error,,,1792,
s926230476,p03866,u218842729,1551412499,C++,C++14 (GCC 5.4.1),cpp,Wrong Answer,603,22512,1765,
s414509030,p03866,u024809932,1551317985,C++,C++14 (GCC 5.4.1),cpp,Accepted,177,41836,1511,
s039758097,p03866,u024809932,1551316007,C++,C++14 (GCC 5.4.1),cpp,Wrong Answer,104,32768,1511,
s807097725,p03866,u552007009,1551219142,C++,C++14 (GCC 5.4.1),cpp,Accepted,125,22768,1319,
s703110981,p03866,u552007009,1551218975,C++,C++14 (GCC 5.4.1),cpp,Wrong Answer,126,22128,1317,
s169354488,p03866,u552007009,1551218530,C++,C++14 (GCC 5.4.1),cpp,Wrong Answer,123,22384,1361,
s878218415,p03866,u552007009,1551217985,C++,C++14 (GCC 5.4.1),cpp,Wrong Answer,124,22000,1359,
s416695000,p03866,u552007009,1551217849,C++,C++14 (GCC 5.4.1),cpp,Wrong Answer,124,22640,1361,
s773930750,p03866,u552007009,1551217616,C++,C++14 (GCC 5.4.1),cpp,Wrong Answer,121,21616,1345,
s818268440,p03866,u552007009,1551217496,C++,C++14 (GCC 5.4.1),cpp,Wrong Answer,121,22640,1343,
s402522970,p03866,u552007009,1551217220,C++,C++14 (GCC 5.4.1),cpp,Wrong Answer,96,22384,1339,
s987188785,p03866,u552007009,1551217020,C++,C++14 (GCC 5.4.1),cpp,Wrong Answer,97,22000,1339,
s185371357,p03866,u705931757,1551162963,C++,C++14 (GCC 5.4.1),cpp,Accepted,109,42136,2316,
s407438857,p03866,u705931757,1551162286,C++,C++14 (GCC 5.4.1),cpp,Wrong Answer,111,42136,2319,
s586791593,p03866,u705931757,1551162270,C,C (GCC 5.4.1),c,Compile Error,,,2319,
s652183323,p03866,u817142576,1550819079,C++,C++14 (GCC 5.4.1),cpp,Accepted,294,68464,1765,
s341128342,p03866,u817142576,1550818516,C++,C++14 (GCC 5.4.1),cpp,Accepted,274,68976,1679,
s038988281,p03866,u817142576,1550818228,C++,C++14 (GCC 5.4.1),cpp,Wrong Answer,309,68592,1662,
s586903448,p03866,u817142576,1550817840,C++,C++14 (GCC 5.4.1),cpp,Wrong Answer,305,69360,1662,
s480963745,p03866,u855429581,1550729008,C++,C++14 (GCC 5.4.1),cpp,Accepted,116,24852,1334,
s795513667,p03866,u284854859,1550651036,Python,Python (3.4.3),py,Accepted,1677,25076,1079,
s385280460,p03866,u284854859,1550651013,Python,Python (3.4.3),py,Wrong Answer,1731,25204,1055,
s940326337,p03866,u284854859,1550650862,Python,Python (3.4.3),py,Runtime Error,17,3064,1056,
s611365865,p03866,u284854859,1550650596,Python,Python (3.4.3),py,Runtime Error,43,11508,1070,
s594087358,p03866,u284854859,1550649153,Python,Python (3.4.3),py,Accepted,1690,23028,1078,
s744449714,p03866,u284854859,1550647935,Python,Python (3.4.3),py,Accepted,1947,24824,957,
s492067428,p03866,u090994275,1550623397,C++,C++14 (GCC 5.4.1),cpp,Accepted,106,18412,1890,
s505563577,p03866,u284854859,1550572812,Python,Python (3.4.3),py,Accepted,1976,25076,938,
s891013759,p03866,u284854859,1550571464,Python,Python (3.4.3),py,Wrong Answer,2106,36980,1038,
s998309586,p03866,u284854859,1550570393,Python,Python (3.4.3),py,Time Limit Exceeded,2106,36980,1178,
s677169949,p03866,u284854859,1550570062,Python,PyPy3 (2.4.0),py,Time Limit Exceeded,2127,251760,1196,
s830888035,p03866,u488399295,1550532933,C++,C++14 (GCC 5.4.1),cpp,Accepted,1733,38768,1162,
s019031944,p03866,u488399295,1550532848,C++,C++14 (GCC 5.4.1),cpp,Wrong Answer,72,32896,1161,
s386080035,p03866,u405923605,1550182359,C++,C++14 (GCC 5.4.1),cpp,Accepted,240,34536,1429,
s508493555,p03866,u405923605,1550182306,C++,C++14 (GCC 5.4.1),cpp,Compile Error,,,1427,
s482987357,p03866,u405923605,1550182278,C++,C++14 (GCC 5.4.1),cpp,Wrong Answer,215,33640,1429,
s238950246,p03866,u405923605,1550182108,C++,C++14 (GCC 5.4.1),cpp,Wrong Answer,215,26480,1437,
s310137008,p03866,u926678805,1550171486,Python,PyPy3 (2.4.0),py,Accepted,1546,125704,830,
s642226514,p03866,u926678805,1550171170,Python,Python (3.4.3),py,Time Limit Exceeded,2113,73112,984,
s886204601,p03866,u926678805,1550170523,Python,Python (3.4.3),py,Time Limit Exceeded,2112,127304,907,
s846651442,p03866,u926678805,1550170289,Python,Python (3.4.3),py,Wrong Answer,1455,127080,933,
s576682977,p03866,u926678805,1550170103,Python,Python (3.4.3),py,Time Limit Exceeded,2070,127252,933,
s359508661,p03866,u926678805,1550169900,Python,Python (3.4.3),py,Time Limit Exceeded,2112,127224,859,
s285706554,p03866,u926678805,1550169113,Python,Python (3.4.3),py,Wrong Answer,726,103308,836,
s802624166,p03866,u926678805,1550168915,Python,Python (3.4.3),py,Time Limit Exceeded,2116,127220,857,
s749509750,p03866,u926678805,1550168779,Python,Python (3.4.3),py,Time Limit Exceeded,2116,127304,847,
s126627381,p03866,u926678805,1550168616,Python,Python (3.4.3),py,Time Limit Exceeded,2115,127260,846,
s542605908,p03866,u926678805,1550168316,Python,Python (3.4.3),py,Time Limit Exceeded,2111,114408,821,
s040383397,p03866,u926678805,1550167178,Python,Python (3.4.3),py,Time Limit Exceeded,2111,112460,764,
s871572667,p03866,u926678805,1550166469,Python,Python (3.4.3),py,Time Limit Exceeded,2111,112492,768,
s575505620,p03866,u926678805,1550166429,Python,Python (3.4.3),py,Time Limit Exceeded,2111,112452,770,
s780321066,p03866,u926678805,1550166139,Python,Python (3.4.3),py,Time Limit Exceeded,2111,112432,858,
s976244804,p03866,u926678805,1550166087,Python,Python (3.4.3),py,Time Limit Exceeded,2111,94384,822,
s069135279,p03866,u926678805,1550165179,Python,Python (3.4.3),py,Wrong Answer,1456,88436,763,
s482349508,p03866,u926678805,1550163910,Python,Python (3.4.3),py,Wrong Answer,1364,103316,728,
s737027143,p03866,u926678805,1550137342,Python,Python (3.4.3),py,Time Limit Exceeded,2112,127332,722,
s561600038,p03866,u926678805,1550137160,Python,Python (3.4.3),py,Time Limit Exceeded,2112,127928,768,
s453976106,p03866,u926678805,1550136639,Python,Python (3.4.3),py,Time Limit Exceeded,2112,129188,773,
s769243761,p03866,u926678805,1550136419,Python,Python (3.4.3),py,Time Limit Exceeded,2114,127256,772,
s963276318,p03866,u926678805,1550136028,Python,Python (3.4.3),py,Time Limit Exceeded,2112,127280,801,
s633746213,p03866,u926678805,1550135811,Python,Python (3.4.3),py,Time Limit Exceeded,2114,127292,772,
s941586402,p03866,u926678805,1550135774,Python,Python (3.4.3),py,Time Limit Exceeded,2113,127300,801,
s417485002,p03866,u926678805,1550135463,Python,Python (3.4.3),py,Time Limit Exceeded,2112,127220,910,
s881077434,p03866,u926678805,1550135428,Python,Python (3.4.3),py,Runtime Error,18,3064,909,
s263233806,p03866,u926678805,1550135336,Python,Python (3.4.3),py,Time Limit Exceeded,2113,112352,836,
s968352423,p03866,u926678805,1550135145,Python,Python (3.4.3),py,Time Limit Exceeded,2116,127252,879,
s285024883,p03866,u926678805,1550134819,Python,Python (3.4.3),py,Time Limit Exceeded,2112,127460,977,
s000549627,p03866,u926678805,1550134144,Python,Python (3.4.3),py,Time Limit Exceeded,2112,127436,993,
s760414995,p03866,u926678805,1550134038,Python,Python (3.4.3),py,Wrong Answer,2112,127424,989,
s930443941,p03866,u926678805,1550133707,Python,Python (3.4.3),py,Time Limit Exceeded,2112,129416,987,
s955987479,p03866,u926678805,1550133593,Python,Python (3.4.3),py,Wrong Answer,2112,127436,1030,
s479878365,p03866,u926678805,1550133558,Python,Python (3.4.3),py,Wrong Answer,1858,109924,1028,
s283286732,p03866,u926678805,1550133374,Python,Python (3.4.3),py,Time Limit Exceeded,2116,127448,1029,
s509625808,p03866,u926678805,1550133348,Python,Python (3.4.3),py,Time Limit Exceeded,2112,129468,1027,
s397207621,p03866,u926678805,1550133215,Python,Python (3.4.3),py,Time Limit Exceeded,2112,127424,1029,
s790778812,p03866,u926678805,1550132840,Python,Python (3.4.3),py,Time Limit Exceeded,2112,129508,987,
s203447620,p03866,u926678805,1550132759,Python,Python (3.4.3),py,Wrong Answer,1921,109936,986,
s052987620,p03866,u926678805,1550132626,Python,Python (3.4.3),py,Wrong Answer,2115,180732,990,
s655397359,p03866,u926678805,1550132530,Python,Python (3.4.3),py,Wrong Answer,2116,177868,984,
s956136633,p03866,u926678805,1550123940,Python,Python (3.4.3),py,Wrong Answer,2105,25204,4308,
s108763650,p03866,u489053642,1549944642,C++,C++14 (GCC 5.4.1),cpp,Accepted,95,13808,1443,
s919506000,p03866,u340980616,1549910034,C++,C++14 (GCC 5.4.1),cpp,Accepted,200,10476,1768,
s378348249,p03866,u550398291,1549570464,C++,C++14 (GCC 5.4.1),cpp,Accepted,94,13936,2063,
s579056661,p03866,u550398291,1549570315,C++,C++14 (GCC 5.4.1),cpp,Runtime Error,1096,8320,2062,
s751038772,p03866,u550398291,1549570159,C++,C++14 (GCC 5.4.1),cpp,Runtime Error,105,8192,2090,
s611192322,p03866,u247366051,1549515125,C++,C++ (GCC 5.4.1),cpp,Accepted,565,8320,1528,
s509771125,p03866,u357265888,1549401703,C++,C++14 (GCC 5.4.1),cpp,Accepted,1194,8064,870,
s007795142,p03866,u357265888,1549401278,C++,C++14 (GCC 5.4.1),cpp,Wrong Answer,1182,8064,858,
s820770784,p03866,u357265888,1549401073,C++,C++14 (GCC 5.4.1),cpp,Wrong Answer,1016,8192,839,
s915614333,p03866,u357265888,1549400987,C++,C++14 (GCC 5.4.1),cpp,Wrong Answer,1009,8192,841,
s832083246,p03866,u440920318,1549339436,C++,C++14 (GCC 5.4.1),cpp,Accepted,106,8192,1646,
s819024211,p03866,u440920318,1549339152,C++,C++14 (GCC 5.4.1),cpp,Wrong Answer,106,8192,1550,
s353026053,p03866,u440920318,1549338779,C++,C++14 (GCC 5.4.1),cpp,Wrong Answer,106,8320,1554,
s361407311,p03866,u313288017,1549256305,C++,C++14 (GCC 5.4.1),cpp,Accepted,9,256,3561,
s433716358,p03866,u313288017,1549256252,C++,C++14 (GCC 5.4.1),cpp,Compile Error,,,3544,
s933276476,p03866,u266665184,1549206673,Java,Java8 (OpenJDK 1.8.0),java,Accepted,1162,113256,7120,
s709074390,p03866,u266665184,1549206312,Java,Java8 (OpenJDK 1.8.0),java,Wrong Answer,941,108008,7033,
s086317924,p03866,u266665184,1549206015,Java,Java8 (OpenJDK 1.8.0),java,Wrong Answer,897,113124,7019,
s425652928,p03866,u692336506,1549151067,C++,C++14 (GCC 5.4.1),cpp,Accepted,15,8832,4320,
s703982287,p03866,u692336506,1549150702,C++,C++14 (GCC 5.4.1),cpp,Wrong Answer,12,8832,4266,
s338815538,p03866,u692336506,1549150634,C++,C++14 (GCC 5.4.1),cpp,Wrong Answer,13,8960,4266,
s578859588,p03866,u692336506,1549150302,C++,C++14 (GCC 5.4.1),cpp,Accepted,97,14580,4495,
s753384254,p03866,u608088992,1549147966,Python,PyPy3 (2.4.0),py,Accepted,1349,94300,918,
s178637222,p03866,u608088992,1549147922,Python,Python (3.4.3),py,Time Limit Exceeded,2104,8436,836,
s787601248,p03866,u608088992,1549147285,Python,Python (3.4.3),py,Time Limit Exceeded,2105,27508,917,
s147420099,p03866,u608088992,1549146769,Python,Python (3.4.3),py,Time Limit Exceeded,2105,27508,901,
s864067703,p03866,u608088992,1549145834,Python,Python (3.4.3),py,Time Limit Exceeded,2106,33708,861,
s735091906,p03866,u608088992,1549145352,Python,PyPy3 (2.4.0),py,Time Limit Exceeded,2110,104664,951,
s190484050,p03866,u608088992,1549145254,Python,Python (3.4.3),py,Time Limit Exceeded,2105,33832,951,
s464266587,p03866,u423143252,1549141325,C++,C++14 (GCC 5.4.1),cpp,Accepted,117,25236,1952,
s797373988,p03866,u660656117,1548999106,C++,C++14 (GCC 5.4.1),cpp,Accepted,113,22512,6299,
s765696721,p03866,u660656117,1548998341,C++,C++14 (GCC 5.4.1),cpp,Accepted,113,22384,5185,
s188695086,p03866,u660656117,1548998270,C++,C++14 (GCC 5.4.1),cpp,Runtime Error,197,21360,5185,
s602892969,p03866,u693133807,1548741698,C++,C++14 (Clang 3.8.0),cpp,Wrong Answer,100,12400,1383,
s612086031,p03866,u693133807,1548737849,C++,C++14 (Clang 3.8.0),cpp,Wrong Answer,101,12656,1375,
s970753093,p03866,u693133807,1548737800,C++,C++14 (Clang 3.8.0),cpp,Wrong Answer,101,12272,1452,
s819615471,p03866,u693133807,1548735346,C++,C++14 (Clang 3.8.0),cpp,Wrong Answer,100,13680,1387,
s393048296,p03866,u693133807,1548735203,C++,C++14 (Clang 3.8.0),cpp,Wrong Answer,101,12784,1363,
s619539530,p03866,u693133807,1548735035,C++,C++14 (Clang 3.8.0),cpp,Wrong Answer,101,13296,1347,
s660347325,p03866,u693133807,1548734912,C++,C++14 (Clang 3.8.0),cpp,Wrong Answer,106,12784,1332,
s799246698,p03866,u693133807,1548734824,C++,C++14 (Clang 3.8.0),cpp,Wrong Answer,18,8192,1328,
s902340836,p03866,u693133807,1548734672,C++,C++14 (Clang 3.8.0),cpp,Wrong Answer,17,8192,1328,
s196061704,p03866,u693133807,1548734595,C++,C++14 (Clang 3.8.0),cpp,Wrong Answer,17,8192,1328,
s019951613,p03866,u239493918,1548630278,C++,C++14 (GCC 5.4.1),cpp,Accepted,1078,22672,6559,
s600019020,p03866,u723721005,1548565103,C++,C++ (GCC 5.4.1),cpp,Wrong Answer,562,8320,1507,
s229528887,p03866,u449722246,1548529212,C++,C++14 (GCC 5.4.1),cpp,Accepted,100,14192,1187,
s298247757,p03866,u203927510,1548477898,C++,C++14 (GCC 5.4.1),cpp,Accepted,350,32752,1454,
s611426698,p03866,u480892088,1548475381,C++,C++14 (GCC 5.4.1),cpp,Accepted,100,18412,1036,
s634806560,p03866,u884982181,1548462065,Python,Python (3.4.3),py,Accepted,1147,3316,808,
s847193972,p03866,u884982181,1548459999,Python,PyPy3 (2.4.0),py,Wrong Answer,714,85852,762,
s698146037,p03866,u884982181,1548458942,Python,PyPy3 (2.4.0),py,Time Limit Exceeded,2110,77016,708,
s953615478,p03866,u884982181,1548457010,Python,PyPy3 (2.4.0),py,Wrong Answer,388,52204,569,
s990352747,p03866,u226155577,1548400210,Python,Python (3.4.3),py,Runtime Error,2106,27508,1094,
s226793595,p03866,u226155577,1548399090,Python,Python (3.4.3),py,Time Limit Exceeded,2107,27500,847,
s428147844,p03866,u226155577,1548398611,Python,Python (3.4.3),py,Time Limit Exceeded,2107,27380,906,
s748945063,p03866,u226155577,1548397246,Python,Python (3.4.3),py,Time Limit Exceeded,2107,27368,875,
s794119118,p03866,u226155577,1548396862,Python,Python (3.4.3),py,Time Limit Exceeded,2110,27380,1003,
s093203002,p03866,u226155577,1548394287,Python,Python (3.4.3),py,Time Limit Exceeded,2106,33496,973,
s660112673,p03866,u690536347,1548392002,Python,PyPy3 (2.4.0),py,Accepted,1219,92636,576,
s873097279,p03866,u690536347,1548391877,Python,Python (3.4.3),py,Time Limit Exceeded,2105,27252,584,
s051705368,p03866,u690536347,1548391759,Python,PyPy3 (2.4.0),py,Runtime Error,181,38768,592,
s233223618,p03866,u690536347,1548391722,Python,Python (3.4.3),py,Runtime Error,18,3060,592,
s892997076,p03866,u690536347,1548391230,Python,Python (3.4.3),py,Runtime Error,18,3060,572,
s516289527,p03866,u690536347,1548391088,Python,Python (3.4.3),py,Runtime Error,18,3060,550,
s393741633,p03866,u690536347,1548390934,Python,Python (3.4.3),py,Runtime Error,20,3060,550,
s559263463,p03866,u690536347,1548389471,Python,PyPy3 (2.4.0),py,Wrong Answer,2116,85980,871,
s251597608,p03866,u690536347,1548389255,Python,Python (3.4.3),py,Wrong Answer,2106,35188,853,
s088382905,p03866,u960524878,1548372432,C++,C++14 (GCC 5.4.1),cpp,Accepted,179,42732,3266,
s070811520,p03866,u960524878,1548371918,C++,C++14 (GCC 5.4.1),cpp,Wrong Answer,175,42476,3261,
s414113848,p03866,u899710951,1548187124,C++,C++14 (GCC 5.4.1),cpp,Accepted,17,8064,976,
s399268362,p03866,u329802369,1548186418,C++,C++14 (GCC 5.4.1),cpp,Accepted,28,256,823,
s434514843,p03866,u556812955,1548185063,C++,C++14 (GCC 5.4.1),cpp,Accepted,11,256,1141,
s014995611,p03866,u334351654,1547819380,C++,C++14 (GCC 5.4.1),cpp,Accepted,108,22524,3033,
s110779993,p03866,u646339490,1546404319,C++,C++14 (GCC 5.4.1),cpp,Accepted,110,22676,1346,
s463035268,p03866,u006204672,1546323760,C++,C++14 (GCC 5.4.1),cpp,Accepted,114,47600,3035,
s671914068,p03866,u006204672,1546318850,C++,C++14 (GCC 5.4.1),cpp,Wrong Answer,120,46868,2897,
s176877381,p03866,u006204672,1546318735,C++,C++14 (GCC 5.4.1),cpp,Wrong Answer,114,47856,2891,
s997311180,p03866,u832039789,1546307258,C++,C++14 (GCC 5.4.1),cpp,Accepted,179,42604,8430,
s873854816,p03866,u832039789,1546307190,C++,C++14 (GCC 5.4.1),cpp,Wrong Answer,2107,558932,8432,
s464472800,p03866,u832039789,1546307015,C++,C++14 (GCC 5.4.1),cpp,Wrong Answer,44,32768,8395,
s226418360,p03866,u550574002,1546258433,C++,C++14 (GCC 5.4.1),cpp,Accepted,104,14196,1298,
s194821956,p03866,u550574002,1546258351,C++,C++14 (GCC 5.4.1),cpp,Compile Error,,,1299,
s460736949,p03866,u550574002,1546258288,C++,C++14 (GCC 5.4.1),cpp,Compile Error,,,1281,
s220697421,p03866,u550574002,1546257818,C++,C++14 (GCC 5.4.1),cpp,Wrong Answer,101,14324,1283,
s265478991,p03866,u550574002,1546257650,C++,C++14 (GCC 5.4.1),cpp,Wrong Answer,100,13680,1275,
s350162432,p03866,u550574002,1546257536,C++,C++14 (GCC 5.4.1),cpp,Wrong Answer,101,13812,1275,
s742876280,p03866,u550574002,1546257016,C++,C++14 (GCC 5.4.1),cpp,Wrong Answer,102,14068,1240,
s993899977,p03866,u550574002,1546256945,C++,C++14 (GCC 5.4.1),cpp,Compile Error,,,1224,
s313975280,p03866,u806601169,1546093865,C++,C++14 (GCC 5.4.1),cpp,Accepted,271,106732,2179,
s338309850,p03866,u300752229,1546054930,C++,C++14 (GCC 5.4.1),cpp,Accepted,106,22384,8749,
s569498575,p03866,u300752229,1546054629,C++,C++14 (GCC 5.4.1),cpp,Wrong Answer,105,22000,8749,
s615390380,p03866,u451748673,1546050997,C++,C++14 (GCC 5.4.1),cpp,Accepted,101,6388,1842,
s732541821,p03866,u141642872,1546001059,C++,C++14 (GCC 5.4.1),cpp,Accepted,1130,39024,1820,
s115023636,p03866,u300752229,1545949572,C++,C++14 (GCC 5.4.1),cpp,Wrong Answer,725,85104,10175,
s492001109,p03866,u300752229,1545949473,C++,C++14 (GCC 5.4.1),cpp,Wrong Answer,696,85488,10179,
s283229695,p03866,u300752229,1545949352,C++,C++14 (GCC 5.4.1),cpp,Wrong Answer,760,83696,10179,
s707678478,p03866,u853900857,1545272339,C#,C# (Mono 4.6.2.0),cs,Accepted,686,54200,1906,
s172423688,p03866,u853900857,1545271383,C#,C# (Mono 4.6.2.0),cs,Wrong Answer,83,21856,1878,
s015678129,p03866,u247366051,1545102178,C++,C++ (GCC 5.4.1),cpp,Wrong Answer,21,8320,1455,
s555354055,p03866,u866209772,1544831058,C++,C++14 (GCC 5.4.1),cpp,Accepted,22,20736,1672,
s149689225,p03866,u866209772,1544830535,C++,C++14 (GCC 5.4.1),cpp,Wrong Answer,23,20736,1676,
s387781811,p03866,u866209772,1544829480,C++,C++14 (GCC 5.4.1),cpp,Wrong Answer,22,20736,1676,
s949646616,p03866,u415041731,1544495477,C++,C++14 (GCC 5.4.1),cpp,Accepted,21,16128,2085,
s133012442,p03866,u236127431,1544477776,Python,PyPy3 (2.4.0),py,Accepted,1204,151376,742,
s314576385,p03866,u236127431,1544467241,Python,PyPy3 (2.4.0),py,Time Limit Exceeded,2114,130140,775,
s777957818,p03866,u236127431,1544466860,Python,Python (3.4.3),py,Time Limit Exceeded,2112,137384,794,
s810309542,p03866,u236127431,1544466688,Python,PyPy3 (2.4.0),py,Time Limit Exceeded,2115,138504,794,
s655825621,p03866,u915020369,1544304634,C++,C++14 (GCC 5.4.1),cpp,Accepted,27,8192,1761,
s214772536,p03866,u915020369,1544304337,C++,C++14 (GCC 5.4.1),cpp,Accepted,64,16128,1804,
s757977919,p03866,u915020369,1544304194,C++,C++14 (GCC 5.4.1),cpp,Wrong Answer,62,16128,1833,
s568377467,p03866,u424110125,1544152305,C++,C++14 (GCC 5.4.1),cpp,Accepted,120,22292,3176,
s754603409,p03866,u415041731,1543943420,C++,C++14 (GCC 5.4.1),cpp,Accepted,152,25452,2132,
s183129250,p03866,u415041731,1543943361,C++,C++14 (GCC 5.4.1),cpp,Wrong Answer,51,21872,2130,
s554743578,p03866,u415041731,1543943209,C++,C++14 (GCC 5.4.1),cpp,Wrong Answer,50,21232,2131,
s020809698,p03866,u121987766,1543884457,C++,C++14 (GCC 5.4.1),cpp,Accepted,1020,8192,1129,
s158119081,p03866,u651317892,1543878750,C++,C++14 (GCC 5.4.1),cpp,Accepted,164,25068,1220,
s427941255,p03866,u651317892,1543878364,C++,C++14 (GCC 5.4.1),cpp,Wrong Answer,52,21872,1219,
s147659439,p03866,u651317892,1543878186,C++,C++14 (GCC 5.4.1),cpp,Wrong Answer,52,21744,1219,
s033528404,p03866,u651317892,1543877936,C++,C++14 (GCC 5.4.1),cpp,Wrong Answer,50,21360,1207,
s170439368,p03866,u354638986,1543704814,C++,C++14 (GCC 5.4.1),cpp,Accepted,105,22420,1290,
s626565602,p03866,u516353059,1542948222,C++,C++14 (GCC 5.4.1),cpp,Accepted,131,38256,2621,
s203349180,p03866,u516353059,1542947037,C++,C++14 (GCC 5.4.1),cpp,Runtime Error,139,38640,2670,
s533163728,p03866,u516353059,1542946638,C++,C++14 (GCC 5.4.1),cpp,Runtime Error,139,38896,2658,
s203574857,p03866,u516353059,1542945966,C++,C++14 (GCC 5.4.1),cpp,Runtime Error,150,38128,2647,
s215724955,p03866,u874644572,1542849151,C++,C++14 (GCC 5.4.1),cpp,Accepted,98,14448,5409,
s773233631,p03866,u368780724,1542656479,Python,Python (3.4.3),py,Time Limit Exceeded,2105,27356,913,
s015137586,p03866,u368780724,1542656404,Python,PyPy3 (2.4.0),py,Accepted,1167,93400,913,
s419283028,p03866,u368780724,1542652329,Python,Python (3.4.3),py,Time Limit Exceeded,2110,74764,1065,
s372836309,p03866,u368780724,1542650967,Python,Python (3.4.3),py,Runtime Error,746,60584,947,
s707161393,p03866,u368780724,1542493632,Python,Python (3.4.3),py,Time Limit Exceeded,2110,74852,949,
s649160932,p03866,u368780724,1542493252,Python,Python (3.4.3),py,Time Limit Exceeded,2110,77172,944,
s473080838,p03866,u368780724,1542464143,Python,Python (3.4.3),py,Time Limit Exceeded,2111,70692,911,
s230171039,p03866,u368780724,1542463666,Python,Python (3.4.3),py,Time Limit Exceeded,2111,71552,878,
s372770096,p03866,u368780724,1542407129,Python,Python (3.4.3),py,Time Limit Exceeded,2108,21912,976,
s746273438,p03866,u368780724,1542406314,Python,Python (3.4.3),py,Time Limit Exceeded,2109,21408,985,
s745602084,p03866,u211681714,1542389611,C++,C++14 (GCC 5.4.1),cpp,Accepted,85,18176,14374,
s699759955,p03866,u211681714,1542389101,Bash,Bash (GNU bash v4.3.11),sh,Runtime Error,3,604,14374,
s316496174,p03866,u723721005,1542331962,C++,C++ (GCC 5.4.1),cpp,Accepted,562,8320,1530,
s233481458,p03866,u475007080,1542243254,C++,C++14 (GCC 5.4.1),cpp,Accepted,107,24964,1657,
s429373888,p03866,u475007080,1542242819,C++,C++14 (GCC 5.4.1),cpp,Wrong Answer,108,25092,1589,
s686682041,p03866,u397763977,1541991556,Java,Java8 (OpenJDK 1.8.0),java,Accepted,849,112992,3294,
s664549568,p03866,u397763977,1541988466,Java,Java8 (OpenJDK 1.8.0),java,Time Limit Exceeded,2109,34732,1571,
s300827491,p03866,u397763977,1541986557,Java,Java8 (OpenJDK 1.8.0),java,Wrong Answer,927,47928,4423,
s449116787,p03866,u397763977,1541986369,Java,Java8 (OpenJDK 1.8.0),java,Wrong Answer,963,48440,4423,
s460470212,p03866,u397763977,1541983829,Java,Java8 (OpenJDK 1.8.0),java,Time Limit Exceeded,2105,111408,3205,
s674867097,p03866,u990764614,1541876959,C++,C++14 (GCC 5.4.1),cpp,Wrong Answer,60,16000,1257,
s849873496,p03866,u898651494,1541660380,C++,C++14 (GCC 5.4.1),cpp,Accepted,642,22404,3752,
s052759298,p03866,u898651494,1541659818,C++,C++14 (GCC 5.4.1),cpp,Time Limit Exceeded,2105,32496,3767,
s895297262,p03866,u564847900,1541634543,C#,C# (Mono 4.6.2.0),cs,Accepted,102,25644,2144,
s815003659,p03866,u564847900,1541634258,C#,C# (Mono 4.6.2.0),cs,Wrong Answer,194,27564,2143,
s470774732,p03866,u415041731,1541442108,C++,C++14 (GCC 5.4.1),cpp,Accepted,19,16128,2097,
s616545826,p03866,u543284218,1541300951,C++,C++14 (Clang 3.8.0),cpp,Accepted,116,22256,2288,
s455539387,p03866,u222030240,1541277026,C++,C++14 (GCC 5.4.1),cpp,Accepted,115,22676,1903,
s279318314,p03866,u925103765,1541205681,Java,Java8 (OpenJDK 1.8.0),java,Accepted,288,69336,3914,
s644447918,p03866,u925103765,1541205603,Java,Java8 (OpenJDK 1.8.0),java,Wrong Answer,282,67240,3912,
s496373176,p03866,u925103765,1541204031,Java,Java8 (OpenJDK 1.8.0),java,Wrong Answer,227,67628,2898,
s619640288,p03866,u925103765,1541199792,Java,Java8 (OpenJDK 1.8.0),java,Time Limit Exceeded,2109,102524,2630,
s735051509,p03866,u925103765,1541199218,Java,Java8 (OpenJDK 1.8.0),java,Time Limit Exceeded,2105,105728,2150,
s519441692,p03866,u925103765,1541198736,Java,Java8 (OpenJDK 1.8.0),java,Time Limit Exceeded,2109,104000,2102,
s335967311,p03866,u832039789,1541132838,C++,C++14 (GCC 5.4.1),cpp,Accepted,189,59184,2345,
s968257012,p03866,u832039789,1541132719,C++,C++14 (GCC 5.4.1),cpp,Wrong Answer,188,58348,2326,
s708965104,p03866,u918753189,1541115569,C++,C++14 (GCC 5.4.1),cpp,Accepted,144,41840,2123,
s331640146,p03866,u456065785,1541113416,C++,C++14 (GCC 5.4.1),cpp,Accepted,95,14452,1571,
s879705862,p03866,u832039789,1541112885,C++,C++14 (GCC 5.4.1),cpp,Accepted,186,58732,10763,
s787351580,p03866,u065125881,1541112075,C++,C++14 (GCC 5.4.1),cpp,Accepted,106,22660,3176,
s236375635,p03866,u491153752,1541102440,C++,C++14 (GCC 5.4.1),cpp,Accepted,18,8192,2602,
s807302801,p03866,u297574184,1541047118,Python,Python (3.4.3),py,Accepted,1756,27380,1015,
s733423505,p03866,u297574184,1541031764,Python,Python (3.4.3),py,Time Limit Exceeded,2112,129300,1126,
s931209775,p03866,u426964396,1540781095,C++,C++14 (GCC 5.4.1),cpp,Wrong Answer,18,8448,1347,
s142819272,p03866,u737214831,1540763248,C++,C++14 (GCC 5.4.1),cpp,Accepted,13,8192,1726,
s635076273,p03866,u737214831,1540762902,C++,C++14 (GCC 5.4.1),cpp,Wrong Answer,13,8192,1726,
s071203392,p03866,u570522509,1540565073,C++,C++14 (GCC 5.4.1),cpp,Accepted,93,6004,2156,
s117341153,p03866,u570522509,1540564765,C++,C++14 (GCC 5.4.1),cpp,Wrong Answer,12,384,2150,
s185216798,p03866,u739168239,1540314043,C++,C++14 (GCC 5.4.1),cpp,Accepted,1104,14332,2424,
s167117218,p03866,u739168239,1540311940,C++,C++14 (GCC 5.4.1),cpp,Time Limit Exceeded,2103,5756,2306,
s041298443,p03866,u739168239,1540304942,C++,C++14 (GCC 5.4.1),cpp,Time Limit Exceeded,2103,6140,1943,
s631237939,p03866,u739168239,1540303615,C++,C++14 (GCC 5.4.1),cpp,Wrong Answer,2103,6396,1900,
s053154468,p03866,u739168239,1540303326,C++,C++14 (GCC 5.4.1),cpp,Wrong Answer,2103,14712,1903,
s057738646,p03866,u506255180,1540166414,C++,C++14 (GCC 5.4.1),cpp,Accepted,98,14572,992,
s372547769,p03866,u183530284,1539909332,C++,C++14 (GCC 5.4.1),cpp,Accepted,160,42348,2786,
s124893145,p03866,u141642872,1539878368,C++,C++14 (GCC 5.4.1),cpp,Accepted,1132,14448,1286,
s236240407,p03866,u141642872,1539877940,C++,C++14 (GCC 5.4.1),cpp,Accepted,1033,8320,982,
s681551011,p03866,u379947938,1539818935,C++,C++14 (GCC 5.4.1),cpp,Accepted,14,384,1681,
s057624555,p03866,u161060557,1539268915,C++,C++14 (GCC 5.4.1),cpp,Accepted,10,8320,2052,
s193631373,p03866,u729707098,1539022912,Python,Python (3.4.3),py,Time Limit Exceeded,2113,151620,663,
s975403048,p03866,u337802798,1538947519,C++,C++14 (GCC 5.4.1),cpp,Accepted,10,256,3763,
s762444369,p03866,u263933075,1538451688,C++,C++ (GCC 5.4.1),cpp,Accepted,561,8320,1799,
s596085944,p03866,u558092537,1538430739,C++,C++14 (Clang 3.8.0),cpp,Accepted,112,22640,2316,
s074296686,p03866,u993519359,1538426842,C++,C++14 (GCC 5.4.1),cpp,Wrong Answer,1101,45952,1587,
s348061881,p03866,u993519359,1538426344,C++,C++14 (GCC 5.4.1),cpp,Wrong Answer,1433,45952,1550,
s973480021,p03866,u247366051,1538426089,C++,C++ (GCC 5.4.1),cpp,Wrong Answer,1353,45952,1557,
s754472563,p03866,u263933075,1538425911,C++,C++ (GCC 5.4.1),cpp,Wrong Answer,1177,45952,1548,
s875614930,p03866,u993519359,1538425885,C++,C++14 (GCC 5.4.1),cpp,Wrong Answer,1262,45952,1548,
s375844593,p03866,u993519359,1538425712,C++,C++14 (GCC 5.4.1),cpp,Wrong Answer,1174,45952,1548,
s306759908,p03866,u993519359,1538425584,C++,C++14 (GCC 5.4.1),cpp,Wrong Answer,2103,45696,1528,
s161373405,p03866,u993519359,1538425338,C++,C++14 (GCC 5.4.1),cpp,Wrong Answer,1109,45568,1551,
s938710317,p03866,u993519359,1538425333,C++,C++14 (GCC 5.4.1),cpp,Wrong Answer,1168,45568,1551,
s911093817,p03866,u993519359,1538425157,C++,C++14 (GCC 5.4.1),cpp,Wrong Answer,1313,45568,1575,
s647431094,p03866,u993519359,1538424987,C++,C++14 (GCC 5.4.1),cpp,Wrong Answer,770,29184,1570,
s145614789,p03866,u993519359,1538422897,C++,C++14 (GCC 5.4.1),cpp,Wrong Answer,694,29184,1506,
s226112391,p03866,u993519359,1538422785,C++,C++14 (GCC 5.4.1),cpp,Wrong Answer,670,29184,1522,
s482077457,p03866,u993519359,1538422662,C++,C++14 (GCC 5.4.1),cpp,Wrong Answer,34,43264,1505,
s381539592,p03866,u993519359,1538422350,C++,C++14 (GCC 5.4.1),cpp,Wrong Answer,670,29184,1522,
s192334860,p03866,u993519359,1538422196,C++,C++14 (GCC 5.4.1),cpp,Wrong Answer,721,18176,1523,
s911673958,p03866,u993519359,1538421236,C++,C++14 (GCC 5.4.1),cpp,Wrong Answer,699,18176,1521,
s169865868,p03866,u993519359,1538421157,C++,C++14 (GCC 5.4.1),cpp,Wrong Answer,1201,32640,1526,
s528778263,p03866,u993519359,1538421057,C++,C++14 (GCC 5.4.1),cpp,Wrong Answer,1137,33024,1526,
s147031008,p03866,u993519359,1538411277,C++,C++14 (GCC 5.4.1),cpp,Wrong Answer,404,32640,1527,
s952136515,p03866,u993519359,1538410459,C++,C++14 (GCC 5.4.1),cpp,Wrong Answer,400,32640,1519,
s157576030,p03866,u993519359,1538410284,C++,C++14 (GCC 5.4.1),cpp,Wrong Answer,408,32640,1517,
s237859145,p03866,u993519359,1538408819,C++,C++14 (GCC 5.4.1),cpp,Wrong Answer,45,19968,1543,
s275915000,p03866,u993519359,1538408697,C++,C++14 (GCC 5.4.1),cpp,Wrong Answer,56,19968,1539,
s692975387,p03866,u993519359,1538408561,C++,C++14 (GCC 5.4.1),cpp,Wrong Answer,1225,16640,1535,
s168126880,p03866,u993519359,1538408460,C++,C++14 (GCC 5.4.1),cpp,Wrong Answer,1181,16640,1535,
s253446472,p03866,u993519359,1538408386,C++,C++14 (GCC 5.4.1),cpp,Wrong Answer,2103,32896,1540,
s673172873,p03866,u993519359,1538408316,C++,C++14 (GCC 5.4.1),cpp,Wrong Answer,2103,32896,1542,
s885077004,p03866,u993519359,1538408063,C++,C++14 (GCC 5.4.1),cpp,Wrong Answer,2103,32896,1543,
s808620062,p03866,u015514760,1538330003,C++,C++14 (GCC 5.4.1),cpp,Accepted,115,18412,1397,
s771112101,p03866,u723721005,1538076757,C++,C++ (GCC 5.4.1),cpp,Accepted,555,8320,1533,
s029401787,p03866,u558092537,1538066157,C++,C++14 (Clang 3.8.0),cpp,Accepted,111,21872,2293,
s730263031,p03866,u177398299,1537991356,Python,Python (3.4.3),py,Accepted,234,50956,810,
s864177896,p03866,u177398299,1537987874,Python,PyPy3 (2.4.0),py,Time Limit Exceeded,2114,126344,978,
s336475037,p03866,u177398299,1537987487,Python,Python (3.4.3),py,Wrong Answer,2111,112228,865,
s403551894,p03866,u986437843,1537891340,Java,Java8 (OpenJDK 1.8.0),java,Accepted,633,115624,47533,
s494030455,p03866,u986437843,1537890082,Java,Java8 (OpenJDK 1.8.0),java,Time Limit Exceeded,2109,144496,47433,
s771931761,p03866,u726604439,1537646416,C++,C++14 (GCC 5.4.1),cpp,Accepted,11,256,1157,
s557961843,p03866,u434231045,1537581071,C++,C++14 (GCC 5.4.1),cpp,Accepted,107,22276,2708,
s871896457,p03866,u434231045,1537580615,C++,C++14 (GCC 5.4.1),cpp,Wrong Answer,821,16384,4653,
s049974760,p03866,u434231045,1537580503,C++,C++14 (GCC 5.4.1),cpp,Wrong Answer,107,22012,4628,
s389368090,p03866,u434231045,1537580376,C++,C++14 (GCC 5.4.1),cpp,Wrong Answer,103,22532,4625,
s876802284,p03866,u236433947,1537334144,C++,C++14 (GCC 5.4.1),cpp,Accepted,24,12416,2850,
s618722633,p03866,u236433947,1537332089,C++,C++14 (GCC 5.4.1),cpp,Time Limit Exceeded,2304,632316,2701,
s505532207,p03866,u236433947,1537331670,C++,C++14 (GCC 5.4.1),cpp,Time Limit Exceeded,2299,632444,2651,
s246484568,p03866,u236433947,1537331417,C++,C++14 (GCC 5.4.1),cpp,Wrong Answer,4513,1189112,2694,
s855530648,p03866,u121794232,1537151138,C++,C++14 (GCC 5.4.1),cpp,Accepted,116,22384,1564,
s313380379,p03866,u957084285,1537035288,C++,C++14 (GCC 5.4.1),cpp,Accepted,403,70116,2267,
s065871936,p03866,u957084285,1537035006,C++,C++14 (GCC 5.4.1),cpp,Wrong Answer,255,37116,2234,
s972843508,p03866,u374416262,1537020192,C++,C++14 (GCC 5.4.1),cpp,Accepted,12,256,908,
s896212130,p03866,u374416262,1537020074,C++,C++14 (GCC 5.4.1),cpp,Wrong Answer,24,384,905,
s683012646,p03866,u467736898,1536825977,Python,PyPy3 (2.4.0),py,Accepted,1452,125148,1625,
s973651135,p03866,u467736898,1536825846,Python,Python (3.4.3),py,Time Limit Exceeded,2107,53452,1625,
s636589615,p03866,u330676048,1536803846,C++,C++14 (GCC 5.4.1),cpp,Accepted,91,14064,1803,
s456210352,p03866,u369508054,1536714876,C++,C++14 (GCC 5.4.1),cpp,Accepted,15,8192,1738,
s010285575,p03866,u369508054,1536714754,C++,C++14 (GCC 5.4.1),cpp,Wrong Answer,15,8192,1696,
s828679293,p03866,u369508054,1536714001,C++,C++14 (GCC 5.4.1),cpp,Wrong Answer,19,16384,2227,
s750838304,p03866,u369508054,1536713127,C++,C++14 (GCC 5.4.1),cpp,Time Limit Exceeded,2961,809136,2181,
s826830087,p03866,u369508054,1536712780,C++,C++14 (GCC 5.4.1),cpp,Time Limit Exceeded,2334,810236,2133,
s548343798,p03866,u736004166,1536200823,C++,C++14 (GCC 5.4.1),cpp,Accepted,95,14192,1352,
s386682445,p03866,u069135055,1536093677,C++,C++14 (GCC 5.4.1),cpp,Accepted,10,256,932,
s268001693,p03866,u543167400,1536084541,Haskell,Haskell (GHC 7.10.3),hs,Accepted,1970,243068,4222,
s513168845,p03866,u543167400,1536084083,Haskell,Haskell (GHC 7.10.3),hs,Wrong Answer,2119,244092,4156,
s573162419,p03866,u543167400,1536083408,Haskell,Haskell (GHC 7.10.3),hs,Wrong Answer,1949,244092,4129,
s342724842,p03866,u633757735,1536050184,C++,C++14 (GCC 5.4.1),cpp,Accepted,352,81132,1227,
s928535982,p03866,u619631862,1535939209,C++,C++14 (GCC 5.4.1),cpp,Accepted,150,10348,1185,
s128186981,p03866,u619631862,1535938044,C++,C++14 (GCC 5.4.1),cpp,Time Limit Exceeded,2103,10476,1161,
s585243567,p03866,u619631862,1535935187,C++,C++14 (GCC 5.4.1),cpp,Wrong Answer,84,512,1111,
s739113342,p03866,u619631862,1535934221,C++,C++14 (GCC 5.4.1),cpp,Wrong Answer,2106,1050964,1115,
s873648683,p03866,u342608416,1535778009,C++,C++14 (Clang 3.8.0),cpp,Accepted,18,256,1805,
s137935738,p03866,u342608416,1535777563,C++,C++14 (Clang 3.8.0),cpp,Wrong Answer,18,256,1846,
s146126371,p03866,u342608416,1535777488,C++,C++14 (Clang 3.8.0),cpp,Wrong Answer,18,256,1846,
s346466185,p03866,u342608416,1535777330,C++,C++14 (Clang 3.8.0),cpp,Wrong Answer,18,632,1786,
s271700787,p03866,u342608416,1535777304,C++,C++14 (GCC 5.4.1),cpp,Compile Error,,,1786,
s159265203,p03866,u334712262,1535775649,Python,PyPy3 (2.4.0),py,Accepted,1834,147044,2044,
s792944743,p03866,u334712262,1535775625,Python,Python (3.4.3),py,Time Limit Exceeded,2110,74052,2044,
s898474636,p03866,u334712262,1535774466,Python,Python (3.4.3),py,Time Limit Exceeded,2110,78020,2204,
s279261320,p03866,u334712262,1535774090,Python,Python (3.4.3),py,Time Limit Exceeded,2109,71620,2186,
s147452652,p03866,u334712262,1535773976,Python,PyPy3 (2.4.0),py,Accepted,1604,139736,2186,
s270266593,p03866,u334712262,1535773096,Python,PyPy3 (2.4.0),py,Time Limit Exceeded,2112,139864,2106,
s026433955,p03866,u334712262,1535772563,Python,PyPy3 (2.4.0),py,Time Limit Exceeded,2112,173912,2283,
s220915528,p03866,u334712262,1535772062,Python,PyPy3 (2.4.0),py,Wrong Answer,410,73688,2375,
s516227387,p03866,u075012704,1535547933,Python,PyPy3 (2.4.0),py,Time Limit Exceeded,2111,123016,895,
s607893163,p03866,u075012704,1535547653,Python,PyPy2 (5.6.0),py,Time Limit Exceeded,2114,127388,840,
s769315844,p03866,u075012704,1535547159,Python,PyPy3 (2.4.0),py,Time Limit Exceeded,2115,123016,833,
s943785929,p03866,u450832845,1535417365,C++,C++14 (GCC 5.4.1),cpp,Accepted,107,25072,1674,
s030413781,p03866,u554953477,1535405777,C++,C++14 (GCC 5.4.1),cpp,Accepted,110,22640,2120,
s170169488,p03866,u554953477,1535405610,C++,C++14 (GCC 5.4.1),cpp,Wrong Answer,108,22640,2137,
s469167952,p03866,u554953477,1535405521,C++,C++14 (GCC 5.4.1),cpp,Wrong Answer,108,22128,2095,
s038669536,p03866,u554953477,1535405066,C++,C++14 (GCC 5.4.1),cpp,Wrong Answer,110,22512,2000,
s502983050,p03866,u554953477,1535404941,C++,C++14 (GCC 5.4.1),cpp,Wrong Answer,110,22512,2006,
s514765151,p03866,u554953477,1535404823,C++,C++14 (GCC 5.4.1),cpp,Wrong Answer,110,21872,2004,
s210925739,p03866,u554953477,1535404551,C++,C++14 (GCC 5.4.1),cpp,Wrong Answer,107,21872,2004,
s289464972,p03866,u554953477,1535404058,C++,C++14 (GCC 5.4.1),cpp,Wrong Answer,42,18548,1998,
s507354852,p03866,u554953477,1535403880,C++,C++14 (GCC 5.4.1),cpp,Wrong Answer,41,18548,2000,
s873872930,p03866,u997055883,1535392043,Java,Java8 (OpenJDK 1.8.0),java,Time Limit Exceeded,2110,119184,7165,
s514353497,p03866,u997055883,1535391072,Java,Java8 (OpenJDK 1.8.0),java,Accepted,527,76780,8641,
s311370268,p03866,u997055883,1535390485,Java,Java8 (OpenJDK 1.8.0),java,Time Limit Exceeded,2110,120440,7072,
s784733853,p03866,u733618878,1535389493,Java,Java8 (OpenJDK 1.8.0),java,Time Limit Exceeded,2114,121548,7183,
s863666309,p03866,u733618878,1535389477,C++,C++14 (GCC 5.4.1),cpp,Compile Error,,,7183,
s281030746,p03866,u997055883,1535361612,Java,Java8 (OpenJDK 1.8.0),java,Time Limit Exceeded,2110,119388,8669,
s073309099,p03866,u997055883,1535359271,Java,Java8 (OpenJDK 1.8.0),java,Time Limit Exceeded,2113,120524,7089,
s716497770,p03866,u504158101,1535219241,OCaml,OCaml (4.02.3),ml,Accepted,116,5504,1054,
s844876775,p03866,u425248533,1535158888,C,C (GCC 5.4.1),c,Accepted,21,256,1299,
s404039312,p03866,u425248533,1535158743,C,C (GCC 5.4.1),c,Runtime Error,97,128,1297,
s152866799,p03866,u763881112,1534912151,C++,C++14 (GCC 5.4.1),cpp,Accepted,109,22548,2629,
s059019333,p03866,u342703951,1534810366,C++,C++14 (GCC 5.4.1),cpp,Accepted,21,8192,1197,
s153508347,p03866,u731412691,1534517722,Java,Java8 (OpenJDK 1.8.0),java,Accepted,1224,109252,2244,
s304636622,p03866,u731412691,1534516710,Java,Java8 (OpenJDK 1.8.0),java,Time Limit Exceeded,2116,466328,2150,
s659662916,p03866,u216962796,1534476075,C++,C++14 (GCC 5.4.1),cpp,Accepted,264,73196,2315,
s634905385,p03866,u731412691,1534460054,Java,Java8 (OpenJDK 1.8.0),java,Wrong Answer,201,27496,1714,
s345878382,p03866,u731412691,1534459891,Java,Java8 (OpenJDK 1.8.0),java,Wrong Answer,188,28096,1689,
s583990063,p03866,u629015299,1534425456,C++,C++14 (GCC 5.4.1),cpp,Accepted,97,6256,1757,
s422393551,p03866,u352642493,1534398961,C++,C++14 (GCC 5.4.1),cpp,Accepted,99,14324,1591,
s193776817,p03866,u352642493,1534398883,C++,C++14 (GCC 5.4.1),cpp,Wrong Answer,14,8832,1582,
s625325111,p03866,u034865202,1534344497,C++,C++14 (GCC 5.4.1),cpp,Accepted,112,21872,6571,
s942902764,p03866,u656572785,1534256478,C++,C++14 (GCC 5.4.1),cpp,Accepted,291,31232,1235,
s123039517,p03866,u656572785,1534256396,C++,C++ (GCC 5.4.1),cpp,Compile Error,,,1235,
s784065450,p03866,u816631826,1533330752,C++,C++14 (GCC 5.4.1),cpp,Accepted,12,8064,783,
s653912745,p03866,u018679195,1533330687,C++,C++14 (GCC 5.4.1),cpp,Wrong Answer,15,8064,775,
s999811872,p03866,u863370423,1533329892,C++,C++14 (GCC 5.4.1),cpp,Accepted,1396,256,1260,
s149407864,p03866,u816631826,1533329886,C++,C++14 (Clang 3.8.0),cpp,Accepted,11,8192,928,
s221763915,p03866,u816631826,1533329840,C++,C++14 (Clang 3.8.0),cpp,Accepted,11,8192,891,
s043870461,p03866,u706902009,1533329828,C++,C++14 (GCC 5.4.1),cpp,Accepted,1383,256,1260,
s560812878,p03866,u018679195,1533329755,C++,C++14 (Clang 3.8.0),cpp,Accepted,12,8192,854,
s506144489,p03866,u543848816,1533329700,C++,C++14 (GCC 5.4.1),cpp,Accepted,624,18560,1222,
s101100783,p03866,u414712570,1533329700,C++,C++14 (GCC 5.4.1),cpp,Accepted,10,8064,853,
s692807588,p03866,u706902009,1533329549,C++,C++14 (GCC 5.4.1),cpp,Wrong Answer,1,256,1260,
s412823838,p03866,u706902009,1533329541,C++,C++14 (GCC 5.4.1),cpp,Wrong Answer,1,256,1260,
s280038454,p03866,u543848816,1533329530,C++,C++14 (GCC 5.4.1),cpp,Accepted,625,16512,1226,
s122324053,p03866,u816631826,1533329492,C++,C++14 (Clang 3.8.0),cpp,Wrong Answer,11,8192,883,
s627918894,p03866,u863370423,1533329437,C++,C++14 (GCC 5.4.1),cpp,Accepted,622,16512,1219,
s965070954,p03866,u543848816,1533329371,C++,C++14 (GCC 5.4.1),cpp,Accepted,628,16512,1230,
s106903126,p03866,u414712570,1533329329,C++,C++14 (GCC 5.4.1),cpp,Accepted,10,8064,982,
s032992189,p03866,u414712570,1533329299,C++,C++14 (GCC 5.4.1),cpp,Accepted,10,8064,983,
s720542623,p03866,u706902009,1533329234,C++,C++14 (GCC 5.4.1),cpp,Compile Error,,,1246,
s102692907,p03866,u353919145,1533329195,C++,C++14 (Clang 3.8.0),cpp,Wrong Answer,11,8192,896,
s549538469,p03866,u543848816,1533329178,C++,C++14 (GCC 5.4.1),cpp,Wrong Answer,29,16512,1220,
s612062684,p03866,u414712570,1533329097,C++,C++14 (GCC 5.4.1),cpp,Accepted,10,8064,986,
s820112417,p03866,u543848816,1533328923,C++,C++14 (GCC 5.4.1),cpp,Wrong Answer,29,16512,1222,
s334719052,p03866,u816631826,1533328915,C++,C++14 (Clang 3.8.0),cpp,Wrong Answer,11,8192,895,
s715270873,p03866,u414712570,1533328763,C++,C++14 (GCC 5.4.1),cpp,Wrong Answer,10,8064,1056,
s248517613,p03866,u543848816,1533328625,C++,C++14 (GCC 5.4.1),cpp,Wrong Answer,29,16512,1218,
s229262935,p03866,u863370423,1533328621,C++,C++14 (Clang 3.8.0),cpp,Wrong Answer,12,8192,891,
s987018969,p03866,u816631826,1533328611,C++,C++14 (GCC 5.4.1),cpp,Wrong Answer,107,512,924,
s326612992,p03866,u353919145,1533328609,C++,C++14 (GCC 5.4.1),cpp,Wrong Answer,10,8064,1048,
s053195736,p03866,u863370423,1533328545,C++,C++14 (GCC 5.4.1),cpp,Wrong Answer,1,256,924,
s095504939,p03866,u706902009,1533328404,C++,C++14 (GCC 5.4.1),cpp,Time Limit Exceeded,2103,1280,902,
s403664879,p03866,u018679195,1533328314,C++,C++14 (Clang 3.8.0),cpp,Wrong Answer,13,8192,896,
s710888664,p03866,u089230684,1533328312,C++,C++14 (GCC 5.4.1),cpp,Time Limit Exceeded,2103,1280,902,
s303018753,p03866,u816631826,1533328253,C++,C++14 (GCC 5.4.1),cpp,Wrong Answer,615,512,899,
s807569708,p03866,u863370423,1533328247,C++,C++14 (GCC 5.4.1),cpp,Accepted,14,8064,1776,
s078495173,p03866,u706902009,1533328198,C++,C++14 (GCC 5.4.1),cpp,Wrong Answer,291,512,903,
s927298362,p03866,u811490138,1533328176,C++,C++14 (GCC 5.4.1),cpp,Accepted,14,8192,1776,
s887166181,p03866,u863370423,1533328170,C++,C++14 (Clang 3.8.0),cpp,Wrong Answer,12,8192,885,
s422772253,p03866,u353919145,1533328152,C++,C++14 (GCC 5.4.1),cpp,Accepted,12,384,1151,
s202921023,p03866,u543848816,1533328142,C++,C++14 (GCC 5.4.1),cpp,Wrong Answer,29,16512,1210,
s294365663,p03866,u863370423,1533328123,C++,C++14 (GCC 5.4.1),cpp,Accepted,15,8064,1182,
s725789142,p03866,u881439523,1533328103,C++,C++14 (GCC 5.4.1),cpp,Accepted,13,256,1151,
s979710038,p03866,u881439523,1533328046,C++,C++14 (GCC 5.4.1),cpp,Accepted,14,256,1113,
s933047788,p03866,u543848816,1533328015,C++,C++14 (GCC 5.4.1),cpp,Wrong Answer,29,16512,1202,
s929416405,p03866,u816631826,1533327905,C++,C++14 (GCC 5.4.1),cpp,Wrong Answer,291,512,1043,
s076256750,p03866,u018679195,1533327862,C++,C++14 (GCC 5.4.1),cpp,Wrong Answer,20,8064,1166,
s169492602,p03866,u543848816,1533327834,C++,C++14 (GCC 5.4.1),cpp,Wrong Answer,29,16512,1201,
s709696174,p03866,u018679195,1533327809,C++,C++14 (GCC 5.4.1),cpp,Wrong Answer,19,8064,1166,
s423052272,p03866,u811490138,1533327742,C++,C++14 (GCC 5.4.1),cpp,Wrong Answer,12,8064,1623,
s269171171,p03866,u353919145,1533327628,C++,C++14 (GCC 5.4.1),cpp,Wrong Answer,19,8064,1160,
s130977085,p03866,u881439523,1533327548,C++,C++14 (GCC 5.4.1),cpp,Time Limit Exceeded,2103,6128,1287,
s439820329,p03866,u816631826,1533327540,C++,C++14 (GCC 5.4.1),cpp,Accepted,45,8064,2405,
s629136757,p03866,u522899649,1533327522,C++,C++14 (GCC 5.4.1),cpp,Accepted,45,8064,2405,
s311996818,p03866,u816631826,1533327522,C++,C++14 (GCC 5.4.1),cpp,Wrong Answer,20,8064,1160,
s127484615,p03866,u881439523,1533327512,C++,C++14 (GCC 5.4.1),cpp,Time Limit Exceeded,2103,5232,1266,
s666126313,p03866,u543848816,1533327494,C++,C++14 (GCC 5.4.1),cpp,Wrong Answer,29,16512,1221,
s260671828,p03866,u018679195,1533327473,C++,C++14 (GCC 5.4.1),cpp,Wrong Answer,16,8064,1148,
s808930614,p03866,u353919145,1533327451,C++,C++14 (Clang 3.8.0),cpp,Wrong Answer,11,8192,910,
s049692099,p03866,u811490138,1533327399,C++,C++14 (GCC 5.4.1),cpp,Wrong Answer,10,8192,1592,
s678165629,p03866,u543848816,1533327358,C++,C++14 (GCC 5.4.1),cpp,Wrong Answer,30,17408,1224,
s199401575,p03866,u543848816,1533327184,C++,C++14 (GCC 5.4.1),cpp,Wrong Answer,29,16512,1225,
s169816709,p03866,u811490138,1533327134,C++,C++14 (GCC 5.4.1),cpp,Wrong Answer,12,8064,1671,
s469734094,p03866,u353919145,1533327098,C++,C++14 (GCC 5.4.1),cpp,Time Limit Exceeded,2103,384,1111,
s799553560,p03866,u881439523,1533327073,C++,C++14 (GCC 5.4.1),cpp,Time Limit Exceeded,2103,384,1111,
s029758503,p03866,u816631826,1533327034,C++,C++14 (GCC 5.4.1),cpp,Accepted,1612,8192,1816,
s366010468,p03866,u792082864,1533326958,C++,C++14 (GCC 5.4.1),cpp,Accepted,1654,8192,1766,
s683048665,p03866,u353919145,1533326900,C++,C++14 (Clang 3.8.0),cpp,Wrong Answer,11,8192,920,
s011404189,p03866,u816631826,1533326718,C++,C++14 (GCC 5.4.1),cpp,Wrong Answer,2104,8064,1639,
s727417548,p03866,u089230684,1533326556,C++,C++14 (GCC 5.4.1),cpp,Accepted,691,16128,897,
s047793849,p03866,u353919145,1533326553,C++,C++14 (GCC 5.4.1),cpp,Accepted,543,8192,1166,
s266128716,p03866,u863370423,1533326524,C++,C++14 (GCC 5.4.1),cpp,Accepted,1093,8192,1795,
s201955964,p03866,u792082864,1533326524,C++,C++14 (GCC 5.4.1),cpp,Wrong Answer,2103,256,1592,
s306384285,p03866,u816631826,1533326523,C++,C++14 (GCC 5.4.1),cpp,Accepted,754,16128,1041,
s951231569,p03866,u180367275,1533326503,C++,C++14 (GCC 5.4.1),cpp,Accepted,690,16000,897,
s327519547,p03866,u816631826,1533326446,C++,C++14 (GCC 5.4.1),cpp,Accepted,10,8064,1002,
s935796354,p03866,u792082864,1533326438,C++,C++14 (GCC 5.4.1),cpp,Compile Error,,,1593,
s963553326,p03866,u089230684,1533326414,C++,C++14 (GCC 5.4.1),cpp,Wrong Answer,14,8192,1160,
s777252818,p03866,u792082864,1533326391,C++,C++14 (GCC 5.4.1),cpp,Compile Error,,,1560,
s354771925,p03866,u816631826,1533326378,C++,C++14 (GCC 5.4.1),cpp,Accepted,546,8192,847,
s569199841,p03866,u018679195,1533326331,C++,C++14 (GCC 5.4.1),cpp,Wrong Answer,10,8064,1000,
s329748640,p03866,u018679195,1533326316,C++,C++14 (GCC 5.4.1),cpp,Wrong Answer,1085,8192,1762,
s858308092,p03866,u792082864,1533326281,C++,C++14 (GCC 5.4.1),cpp,Compile Error,,,1560,
s683226753,p03866,u792082864,1533326245,C++,C++14 (GCC 5.4.1),cpp,Compile Error,,,1543,
s772181722,p03866,u792082864,1533326240,C++,C++14 (GCC 5.4.1),cpp,Compile Error,,,1543,
s034015400,p03866,u353919145,1533326218,C++,C++14 (GCC 5.4.1),cpp,Wrong Answer,23,8192,842,
s497872740,p03866,u881439523,1533326197,C++,C++14 (GCC 5.4.1),cpp,Wrong Answer,2107,256,1037,
s620165640,p03866,u353919145,1533326067,C++,C++14 (GCC 5.4.1),cpp,Wrong Answer,2103,256,1037,
s583184038,p03866,u180367275,1533325993,C++,C++14 (GCC 5.4.1),cpp,Wrong Answer,340,8192,877,
s913129170,p03866,u863370423,1533325921,C++,C++14 (GCC 5.4.1),cpp,Accepted,525,8192,970,
s164417500,p03866,u863370423,1533325818,C++,C++14 (GCC 5.4.1),cpp,Wrong Answer,14,8192,988,
s066537922,p03866,u863370423,1533325805,C++,C++14 (GCC 5.4.1),cpp,Accepted,623,8320,1196,
s235381123,p03866,u018679195,1533325700,C++,C++14 (GCC 5.4.1),cpp,Wrong Answer,341,8192,877,
s792807149,p03866,u353919145,1533325614,C++,C++14 (Clang 3.8.0),cpp,Accepted,10,8192,1417,
s350419289,p03866,u816631826,1533325608,C++,C++14 (GCC 5.4.1),cpp,Time Limit Exceeded,2013,256,1098,
s358645710,p03866,u816631826,1533325601,C++,C++14 (GCC 5.4.1),cpp,Accepted,14,8064,1048,
s989493512,p03866,u294531924,1533263703,C++,C++14 (GCC 5.4.1),cpp,Accepted,118,34840,1963,
s120582540,p03866,u294531924,1533263552,C++,C++14 (GCC 5.4.1),cpp,Wrong Answer,58,33820,1963,
s832395157,p03866,u721060623,1533174779,C,C (GCC 5.4.1),c,Accepted,229,169852,4413,
s958274637,p03866,u721060623,1533174691,C,C (GCC 5.4.1),c,Memory Limit Exceeded,265,301052,4415,
s776191708,p03866,u721060623,1533174563,C,C (GCC 5.4.1),c,Runtime Error,209,44924,4430,
s710760811,p03866,u010467501,1532897818,C++,C++14 (GCC 5.4.1),cpp,Accepted,107,12528,2232,
s951486587,p03866,u621509943,1532573321,C++,C++14 (GCC 5.4.1),cpp,Accepted,24,16128,994,
s903325591,p03866,u621509943,1532572537,C++,C++14 (GCC 5.4.1),cpp,Wrong Answer,14,8192,970,
s299426211,p03866,u762187782,1532514304,Java,Java8 (OpenJDK 1.8.0),java,Accepted,491,72188,5078,
s453892720,p03866,u765237551,1532490994,Rust,Rust (1.15.1),rs,Accepted,489,77780,3491,
s185592816,p03866,u321172847,1532470437,C++,C++14 (GCC 5.4.1),cpp,Accepted,101,5616,1749,
s404089211,p03866,u878615689,1532410020,C++,C++14 (GCC 5.4.1),cpp,Accepted,729,50672,2371,
s451142330,p03866,u692632484,1532162855,C++,C++14 (GCC 5.4.1),cpp,Accepted,23,16000,1676,
s375956572,p03866,u834354741,1532121941,C++,C++14 (GCC 5.4.1),cpp,Accepted,12,8192,1172,
s255346321,p03866,u834354741,1532121169,C++,C++14 (GCC 5.4.1),cpp,Wrong Answer,12,8192,1184,
s288866195,p03866,u834354741,1532120577,C++,C++14 (GCC 5.4.1),cpp,Compile Error,,,1167,
s427324859,p03866,u743900647,1532054737,C++,C++14 (GCC 5.4.1),cpp,Accepted,111,22384,1497,
s245351340,p03866,u743900647,1532054404,C++,C++14 (GCC 5.4.1),cpp,Wrong Answer,112,22256,1454,
s743788182,p03866,u743900647,1532054292,C++,C++14 (GCC 5.4.1),cpp,Compile Error,,,1436,
s347568658,p03866,u108808596,1532039606,C++,C++14 (GCC 5.4.1),cpp,Accepted,167,26092,2768,
s393413937,p03866,u660613376,1531962539,C++,C++14 (GCC 5.4.1),cpp,Accepted,164,42860,1437,
s303854767,p03866,u493429089,1531864610,C++,C++14 (GCC 5.4.1),cpp,Accepted,97,13936,1419,
s316406455,p03866,u430391347,1531500123,C++,C++14 (GCC 5.4.1),cpp,Accepted,105,22640,1245,
s717873798,p03866,u182914272,1531359539,C++,C++14 (GCC 5.4.1),cpp,Accepted,108,22640,1028,
s813270158,p03866,u460609472,1531195305,Scala,Scala (2.11.7),scala,Accepted,720,60132,4202,
s370265250,p03866,u903951856,1531165159,C++,C++14 (GCC 5.4.1),cpp,Accepted,110,22512,5224,
s666187697,p03866,u110383845,1530992157,C++,C++14 (GCC 5.4.1),cpp,Accepted,99,18412,2245,
s226792738,p03866,u110383845,1530992034,C++,C++14 (GCC 5.4.1),cpp,Compile Error,,,2233,
s808067642,p03866,u960524878,1530743345,C++,C++14 (GCC 5.4.1),cpp,Accepted,96,13936,1527,
s227286957,p03866,u960524878,1530743191,C++,C++14 (GCC 5.4.1),cpp,Wrong Answer,31,10356,1533,
s234903181,p03866,u960524878,1530742860,C++,C++14 (GCC 5.4.1),cpp,Wrong Answer,31,10356,1527,
s385804337,p03866,u960524878,1530742800,C++,C++14 (GCC 5.4.1),cpp,Wrong Answer,31,10356,1514,
s952861526,p03866,u025222195,1530371887,C++,C++14 (GCC 5.4.1),cpp,Accepted,154,10220,2030,
s743191276,p03866,u548624367,1530185138,C++,C++14 (GCC 5.4.1),cpp,Accepted,830,22804,1388,
s645327293,p03866,u548624367,1530185006,C++,C++14 (GCC 5.4.1),cpp,Wrong Answer,831,22656,1370,
s733843592,p03866,u495699318,1529862091,C++,C++14 (GCC 5.4.1),cpp,Accepted,9,256,1489,
s044823909,p03866,u495699318,1529859894,C++,C++14 (GCC 5.4.1),cpp,Wrong Answer,11,384,1289,
s339994422,p03866,u495699318,1529859835,C++,C++14 (GCC 5.4.1),cpp,Wrong Answer,2103,256,1276,
s171303316,p03866,u495699318,1529859661,C++,C++14 (GCC 5.4.1),cpp,Wrong Answer,2103,256,1212,
s456045036,p03866,u495699318,1529859378,C++,C++14 (GCC 5.4.1),cpp,Wrong Answer,10,256,1214,
s962458925,p03866,u495699318,1529859282,C++,C++14 (GCC 5.4.1),cpp,Wrong Answer,17,384,1231,
s565447771,p03866,u495699318,1529859236,C++,C++14 (GCC 5.4.1),cpp,Compile Error,,,1220,
s451955746,p03866,u495699318,1529858928,C++,C++14 (GCC 5.4.1),cpp,Runtime Error,104,384,1205,
s451883412,p03866,u046768272,1529730852,C++,C++14 (GCC 5.4.1),cpp,Accepted,111,22804,1184,
s507588187,p03866,u046768272,1529730604,C++,C++14 (GCC 5.4.1),cpp,Wrong Answer,49,18712,1179,
s597872144,p03866,u046768272,1529730494,C++,C++14 (GCC 5.4.1),cpp,Wrong Answer,48,18712,1179,
s928586693,p03866,u318857467,1529717782,C++,C++14 (GCC 5.4.1),cpp,Accepted,102,24688,1628,
s345130579,p03866,u318857467,1529717697,C++,C++14 (GCC 5.4.1),cpp,Accepted,112,47472,2562,
s347422625,p03866,u318857467,1529717611,C++,C++14 (GCC 5.4.1),cpp,Wrong Answer,47,43636,2537,
s969953212,p03866,u318857467,1529717487,C++,C++14 (GCC 5.4.1),cpp,Wrong Answer,47,43636,2562,
s480087947,p03866,u318857467,1529717152,C++,C++14 (GCC 5.4.1),cpp,Wrong Answer,44,20852,1677,
s717953477,p03866,u318857467,1529714244,C++,C++14 (GCC 5.4.1),cpp,Wrong Answer,44,20852,1630,
s673189470,p03866,u318857467,1529713026,C++,C++14 (GCC 5.4.1),cpp,Wrong Answer,43,20852,1633,
s359574569,p03866,u318857467,1529710054,C++,C++14 (GCC 5.4.1),cpp,Wrong Answer,53,21876,1635,
s236318786,p03866,u318857467,1529709114,C++,C++14 (GCC 5.4.1),cpp,Wrong Answer,42,20852,1625,
s772287254,p03866,u130529502,1529697398,C++,C++14 (GCC 5.4.1),cpp,Accepted,117,47344,2190,
s271419718,p03866,u130529502,1529694609,C++,C++14 (GCC 5.4.1),cpp,Wrong Answer,116,47600,2041,
s179191521,p03866,u391475811,1529608329,Python,PyPy3 (2.4.0),py,Accepted,912,147444,819,
s682423647,p03866,u353919145,1529196961,C++,C++14 (GCC 5.4.1),cpp,Accepted,565,8320,1528,
s786460261,p03866,u566801415,1529195792,C++,C++14 (GCC 5.4.1),cpp,Accepted,561,8320,1528,
s863231532,p03866,u566801415,1529195696,C++,C++14 (GCC 5.4.1),cpp,Wrong Answer,185,8192,1557,
s720922042,p03866,u315078622,1529022590,C++,C++14 (GCC 5.4.1),cpp,Accepted,99,6260,1564,
s171805506,p03866,u315078622,1529022479,C++,C++14 (GCC 5.4.1),cpp,Wrong Answer,99,6388,1545,
s460045009,p03866,u852158538,1528872663,C++,C++14 (GCC 5.4.1),cpp,Accepted,13,8064,1397,
s708447487,p03866,u852158538,1528872558,C++,C++14 (GCC 5.4.1),cpp,Compile Error,,,1379,
s255230977,p03866,u821608744,1528864586,C++,C++14 (GCC 5.4.1),cpp,Accepted,10,256,1107,
s502234489,p03866,u537871123,1528848665,C++,C++14 (GCC 5.4.1),cpp,Accepted,143,32384,1259,
s415757105,p03866,u537871123,1528848521,C++,C++14 (GCC 5.4.1),cpp,Compile Error,,,1258,
s133064797,p03866,u537871123,1528848304,C++,C++14 (GCC 5.4.1),cpp,Wrong Answer,114,16256,1216,
s716902807,p03866,u353919145,1528602305,C++,C++14 (GCC 5.4.1),cpp,Wrong Answer,2,256,621,
s991574860,p03866,u089230684,1528581211,C++,C++14 (GCC 5.4.1),cpp,Wrong Answer,14,8192,1639,
s083495984,p03866,u089230684,1528581162,C++,C++14 (Clang 3.8.0),cpp,Accepted,31,78592,1343,
s852245155,p03866,u353919145,1528581078,C++,C++14 (Clang 3.8.0),cpp,Accepted,31,78592,1347,
s082571646,p03866,u353919145,1528580200,C++,C++14 (GCC 5.4.1),cpp,Accepted,13,8192,1410,
s104850046,p03866,u089230684,1528580018,C++,C++14 (GCC 5.4.1),cpp,Wrong Answer,13,8192,1454,
s813322868,p03866,u816631826,1528579943,C++,C++14 (Clang 3.8.0),cpp,Accepted,28,16512,1412,
s434549473,p03866,u816631826,1528579908,C++,C++14 (Clang 3.8.0),cpp,Compile Error,,,1407,
s752440519,p03866,u353919145,1528579750,C++,C++14 (Clang 3.8.0),cpp,Wrong Answer,30,16512,1402,
s532589667,p03866,u089230684,1528578788,C++,C++14 (GCC 5.4.1),cpp,Accepted,13,8192,1202,
s824310032,p03866,u018679195,1528578593,C++,C++14 (GCC 5.4.1),cpp,Wrong Answer,14,8192,1170,
s828567884,p03866,u816631826,1528578533,C++,C++14 (GCC 5.4.1),cpp,Wrong Answer,14,8192,1174,
s663155279,p03866,u018679195,1528578496,C++,C++14 (Clang 3.8.0),cpp,Accepted,56,156672,1391,
s694418370,p03866,u863370423,1528578495,C++,C++14 (GCC 5.4.1),cpp,Compile Error,,,1181,
s102625584,p03866,u018679195,1528578360,C++,C++14 (GCC 5.4.1),cpp,Accepted,167,384,1535,
s534868644,p03866,u353919145,1528578327,C++,C++14 (GCC 5.4.1),cpp,Accepted,55,156288,1352,
s334622842,p03866,u018679195,1528578001,C++,C++14 (GCC 5.4.1),cpp,Wrong Answer,14,8192,1176,
s280286790,p03866,u089230684,1528577815,C++,C++14 (GCC 5.4.1),cpp,Wrong Answer,60,156288,1325,
s710494205,p03866,u816631826,1528577764,C++,C++14 (GCC 5.4.1),cpp,Wrong Answer,13,8192,1276,
s323440039,p03866,u863370423,1528577640,C++,C++14 (GCC 5.4.1),cpp,Wrong Answer,24,16768,1330,
s927742079,p03866,u018679195,1528577549,C++,C++14 (GCC 5.4.1),cpp,Wrong Answer,59,156288,1317,
s236859133,p03866,u863370423,1528577364,C++,C++14 (GCC 5.4.1),cpp,Wrong Answer,20,16768,1331,
s125896775,p03866,u018679195,1528577238,C++,C++14 (GCC 5.4.1),cpp,Wrong Answer,16,8192,1382,
s346515027,p03866,u353919145,1528577230,C++,C++14 (GCC 5.4.1),cpp,Wrong Answer,29,32256,1295,
s222437844,p03866,u353919145,1528577168,C++,C++14 (GCC 5.4.1),cpp,Wrong Answer,31,32256,1296,
s367720780,p03866,u353919145,1528577148,C++,C++14 (Clang 3.8.0),cpp,Wrong Answer,21,16768,1318,
s022074728,p03866,u863370423,1528577015,C++,C++14 (Clang 3.8.0),cpp,Wrong Answer,30,16768,1348,
s051445405,p03866,u089230684,1528576935,C++,C++14 (GCC 5.4.1),cpp,Wrong Answer,30,32256,1296,
s292555824,p03866,u018679195,1528576830,C++,C++14 (Clang 3.8.0),cpp,Wrong Answer,308,16768,1331,
s892994929,p03866,u863370423,1528576807,C++,C++14 (GCC 5.4.1),cpp,Wrong Answer,15,8192,1832,
s114598040,p03866,u089230684,1528576739,C++,C++14 (GCC 5.4.1),cpp,Wrong Answer,13,16128,1242,
s130431797,p03866,u863370423,1528576576,Bash,Bash (GNU bash v4.3.11),sh,Runtime Error,4,624,1243,
s207994208,p03866,u863370423,1528576417,C++,C++14 (Clang 3.8.0),cpp,Wrong Answer,24,16896,1335,
s982922261,p03866,u863370423,1528575594,C++,C++14 (GCC 5.4.1),cpp,Wrong Answer,12,8448,1303,
s166080175,p03866,u391475811,1528483490,Python,Python (3.4.3),py,Time Limit Exceeded,2111,168400,818,
s938366891,p03866,u555980492,1528381891,D,D (DMD64 v2.070.1),d,Accepted,785,81876,2317,
s191283892,p03866,u314396879,1528347869,Ruby,Ruby (2.3.3),rb,Accepted,876,68732,1080,
s281610510,p03866,u314396879,1528346664,Ruby,Ruby (2.3.3),rb,Time Limit Exceeded,2112,82044,2208,
s508144050,p03866,u314396879,1528345077,Ruby,Ruby (2.3.3),rb,Time Limit Exceeded,2113,79996,2050,
s854659502,p03866,u314396879,1528344153,Ruby,Ruby (2.3.3),rb,Wrong Answer,595,66812,2255,
s573783417,p03866,u314396879,1528343942,Ruby,Ruby (2.3.3),rb,Time Limit Exceeded,2112,81916,2249,
s363454198,p03866,u091367113,1528322172,C++,C++14 (GCC 5.4.1),cpp,Accepted,97,5872,1266,
s733656119,p03866,u091367113,1528306064,C++,C++14 (GCC 5.4.1),cpp,Wrong Answer,21,384,1241,
s335200138,p03866,u091367113,1528305997,C++,C++14 (GCC 5.4.1),cpp,Compile Error,,,1224,
s802143883,p03866,u743272507,1528241159,C++,C++14 (GCC 5.4.1),cpp,Accepted,615,67556,2238,
s104680126,p03866,u265250376,1528229020,C++,C++14 (GCC 5.4.1),cpp,Accepted,94,13680,1243,
s039897396,p03866,u265250376,1528228975,C++,C++14 (GCC 5.4.1),cpp,Runtime Error,2103,13424,1243,
s741746966,p03866,u425351967,1528211777,C++,C++14 (GCC 5.4.1),cpp,Accepted,17,8064,1219,
s002544412,p03866,u185523196,1527892904,C++,C++14 (GCC 5.4.1),cpp,Accepted,13,9344,1294,
s073571404,p03866,u185523196,1527892790,C++,C++14 (GCC 5.4.1),cpp,Wrong Answer,13,9344,1288,
s314002276,p03866,u633020228,1527782397,C++,C++14 (GCC 5.4.1),cpp,Accepted,112,22000,19940,
s257796898,p03866,u633020228,1527781477,C++,C++14 (GCC 5.4.1),cpp,Time Limit Exceeded,2126,1066960,19868,
s006668558,p03866,u247366051,1527736297,C++,C++ (GCC 5.4.1),cpp,Accepted,12,8192,1599,
s884921657,p03866,u068034927,1527735069,C++,C++14 (GCC 5.4.1),cpp,Wrong Answer,7,256,1264,
s305838551,p03866,u102412345,1527734598,C++,C++14 (GCC 5.4.1),cpp,Wrong Answer,7,256,1262,
s413319417,p03866,u476418095,1527733680,C++,C++ (GCC 5.4.1),cpp,Time Limit Exceeded,2103,384,1289,
s556287380,p03866,u723721005,1527732608,C++,C++ (GCC 5.4.1),cpp,Wrong Answer,12,256,1416,
s549177486,p03866,u723721005,1527732493,C++,C++ (GCC 5.4.1),cpp,Wrong Answer,12,256,1416,
s733750894,p03866,u426964396,1527732218,C++,C++ (GCC 5.4.1),cpp,Wrong Answer,7,384,1130,
s554515188,p03866,u861755432,1527730466,C++,C++14 (GCC 5.4.1),cpp,Wrong Answer,27,16128,1146,
s017720750,p03866,u861755432,1527730317,C++,C++14 (GCC 5.4.1),cpp,Wrong Answer,13,8192,1894,
s987476727,p03866,u247366051,1527729787,C++,C++ (GCC 5.4.1),cpp,Wrong Answer,25,16128,1909,
s409356039,p03866,u263933075,1527729397,C++,C++ (GCC 5.4.1),cpp,Wrong Answer,14,8192,1894,
s299278439,p03866,u247366051,1527723115,C++,C++ (GCC 5.4.1),cpp,Wrong Answer,23,17536,1265,
s256104312,p03866,u928756868,1527567652,C++,C++14 (GCC 5.4.1),cpp,Wrong Answer,19,8192,1393,
s882065773,p03866,u928756868,1527567220,C++,C++14 (GCC 5.4.1),cpp,Wrong Answer,19,8192,1390,
s656681009,p03866,u928756868,1527566663,C++,C++14 (GCC 5.4.1),cpp,Wrong Answer,16,8192,1381,
s775023540,p03866,u928756868,1527475167,C++,C++14 (GCC 5.4.1),cpp,Wrong Answer,21,8192,1644,
s917402891,p03866,u928756868,1527474874,C++,C++14 (GCC 5.4.1),cpp,Wrong Answer,16,8192,1640,
s971359460,p03866,u928756868,1527474628,C++,C++14 (GCC 5.4.1),cpp,Wrong Answer,19,8192,1476,
s218461709,p03866,u419759349,1527458017,C++,C++14 (GCC 5.4.1),cpp,Wrong Answer,24,8320,1509,
s496844110,p03866,u723721005,1527457890,C++,C++ (GCC 5.4.1),cpp,Wrong Answer,20,8192,1453,
s422150979,p03866,u476418095,1527457784,C++,C++14 (GCC 5.4.1),cpp,Wrong Answer,19,8320,1456,
s507819322,p03866,u723721005,1527457764,C++,C++ (GCC 5.4.1),cpp,Accepted,155,10476,1457,
s423748086,p03866,u476418095,1527457755,C++,C++ (GCC 5.4.1),cpp,Wrong Answer,20,8320,1455,
s316207389,p03866,u426964396,1527454590,C++,C++14 (GCC 5.4.1),cpp,Wrong Answer,25,16128,1233,
s508693529,p03866,u723721005,1527454521,C++,C++14 (GCC 5.4.1),cpp,Wrong Answer,116,16128,1220,
s688969982,p03866,u263933075,1527454275,C++,C++14 (GCC 5.4.1),cpp,Wrong Answer,26,16128,1235,
s752473721,p03866,u247366051,1527454139,C++,C++14 (GCC 5.4.1),cpp,Wrong Answer,115,16128,1221,
s654627507,p03866,u476418095,1527454019,C++,C++14 (GCC 5.4.1),cpp,Wrong Answer,115,16128,1220,
s060077112,p03866,u723721005,1527448578,C++,C++14 (GCC 5.4.1),cpp,Wrong Answer,115,16128,1132,
s610222939,p03866,u263933075,1527448214,C++,C++14 (GCC 5.4.1),cpp,Wrong Answer,115,16128,1132,
s780427851,p03866,u247366051,1527447208,C++,C++14 (GCC 5.4.1),cpp,Wrong Answer,116,16128,1071,
s918494045,p03866,u458617779,1527391839,C++,C++14 (GCC 5.4.1),cpp,Wrong Answer,21,14592,1941,
s852818379,p03866,u688575827,1527386854,C++,C++14 (GCC 5.4.1),cpp,Wrong Answer,20,512,1169,
s249315001,p03866,u205367115,1526973879,C++,C++14 (GCC 5.4.1),cpp,Accepted,130,26896,3573,
s673260238,p03866,u205367115,1526973763,C++,C++14 (GCC 5.4.1),cpp,Wrong Answer,136,26752,3573,
s577792110,p03866,u205367115,1526973369,C++,C++14 (GCC 5.4.1),cpp,Wrong Answer,53,16640,3539,
s669603157,p03866,u705918648,1526858831,C++,C++14 (GCC 5.4.1),cpp,Accepted,1322,66176,4386,
s241075914,p03866,u705918648,1526858010,C++,C++14 (GCC 5.4.1),cpp,Wrong Answer,207,32256,4370,
s172557200,p03866,u705918648,1526857855,C++,C++14 (GCC 5.4.1),cpp,Wrong Answer,392,64256,4360,
s202470736,p03866,u705918648,1526857809,C++,C++14 (GCC 5.4.1),cpp,Compile Error,,,4370,
s209171982,p03866,u705918648,1526854880,C++,C++14 (GCC 5.4.1),cpp,Wrong Answer,204,32128,4159,
s573094495,p03866,u705918648,1526854811,C++,C++14 (GCC 5.4.1),cpp,Wrong Answer,203,32128,4158,
s867108638,p03866,u344412812,1526782576,C++,C++14 (GCC 5.4.1),cpp,Accepted,109,22896,2744,
s717806095,p03866,u344412812,1526782474,C++,C++14 (GCC 5.4.1),cpp,Runtime Error,286,256,2837,
s300647873,p03866,u536580583,1526773640,C++,C++14 (GCC 5.4.1),cpp,Accepted,109,22256,1110,
s465096771,p03866,u536580583,1526773480,C++,C++14 (GCC 5.4.1),cpp,Accepted,637,22384,1076,
s792601972,p03866,u424655672,1526690908,C++,C++14 (GCC 5.4.1),cpp,Accepted,639,21764,1245,
s139546020,p03866,u424655672,1526690852,C++,C++14 (GCC 5.4.1),cpp,Time Limit Exceeded,2104,18304,1170,
s667008825,p03866,u059727354,1526679505,C++,C++14 (GCC 5.4.1),cpp,Accepted,100,10608,4025,
s084916704,p03866,u059727354,1526679018,C++,C++14 (GCC 5.4.1),cpp,Time Limit Exceeded,2105,18796,3900,
s021039838,p03866,u059727354,1526678961,C++,C++14 (GCC 5.4.1),cpp,Wrong Answer,2103,18796,3914,
s617120302,p03866,u399527088,1526675244,C++,C++14 (GCC 5.4.1),cpp,Accepted,30,26240,2015,
s866799112,p03866,u399527088,1526674854,C++,C++14 (GCC 5.4.1),cpp,Wrong Answer,25,26240,2034,
s598940175,p03866,u399527088,1526674819,C++,C++14 (GCC 5.4.1),cpp,Wrong Answer,27,26368,2027,
s652164438,p03866,u399527088,1526674754,C++,C++14 (GCC 5.4.1),cpp,Wrong Answer,17,16000,2007,
s583678183,p03866,u399527088,1526674537,C++,C++14 (GCC 5.4.1),cpp,Wrong Answer,17,16000,2048,
s710469528,p03866,u399527088,1526674465,C++,C++14 (GCC 5.4.1),cpp,Wrong Answer,17,16000,2040,
s302197703,p03866,u399527088,1526674397,C++,C++14 (GCC 5.4.1),cpp,Wrong Answer,17,16000,2034,
s259195709,p03866,u399527088,1526674151,C++,C++14 (GCC 5.4.1),cpp,Wrong Answer,15,12032,2031,
s626113559,p03866,u399527088,1526674044,C++,C++14 (GCC 5.4.1),cpp,Wrong Answer,16,12032,2004,
s599051161,p03866,u399527088,1526674020,C++,C++14 (GCC 5.4.1),cpp,Wrong Answer,15,12032,1982,
s427622154,p03866,u399527088,1526673763,C++,C++14 (GCC 5.4.1),cpp,Wrong Answer,16,12032,1846,
s615037287,p03866,u591717585,1526670295,Java,Java8 (OpenJDK 1.8.0),java,Accepted,716,115748,5439,
s493656094,p03866,u591717585,1526670177,Java,Java8 (OpenJDK 1.8.0),java,Wrong Answer,710,112540,5299,
s487553606,p03866,u591717585,1526670104,Java,Java8 (OpenJDK 1.8.0),java,Wrong Answer,361,69964,5298,
s034752719,p03866,u247366051,1526591637,C++,C++14 (GCC 5.4.1),cpp,Accepted,54,33024,1229,
s281496759,p03866,u372786981,1526509003,C++,C++14 (GCC 5.4.1),cpp,Accepted,1051,10240,1245,
s624055827,p03866,u372786981,1526508558,C++,C++14 (GCC 5.4.1),cpp,Time Limit Exceeded,2103,2420,1250,
s366938769,p03866,u372786981,1526508418,C++,C++14 (GCC 5.4.1),cpp,Time Limit Exceeded,2103,2304,1222,
s267633518,p03866,u088512590,1526478965,C++,C++14 (GCC 5.4.1),cpp,Accepted,16,256,822,
s898897382,p03866,u980655160,1526271099,C++,C++14 (GCC 5.4.1),cpp,Accepted,167,384,1534,
s886757343,p03866,u980655160,1526271005,C++,C++14 (GCC 5.4.1),cpp,Wrong Answer,171,512,1598,
s917673581,p03866,u623954643,1526269171,C++,C++14 (GCC 5.4.1),cpp,Accepted,1031,22768,1392,
s655818658,p03866,u010004797,1526155012,C++,C++14 (GCC 5.4.1),cpp,Accepted,31,8192,8987,
s911768571,p03866,u208608367,1526002724,C,C (GCC 5.4.1),c,Accepted,757,125056,7114,
s950108404,p03866,u332385682,1525990757,D,D (DMD64 v2.070.1),d,Accepted,58,18428,2205,
s632859263,p03866,u332385682,1525990666,D,D (DMD64 v2.070.1),d,Runtime Error,150,18428,2204,
s068816256,p03866,u332385682,1525990540,D,D (DMD64 v2.070.1),d,Runtime Error,160,18428,2207,
s048018084,p03866,u243961437,1525901873,C++,C++14 (GCC 5.4.1),cpp,Accepted,108,22676,1109,
s120937734,p03866,u769998126,1525750987,C++,C++14 (GCC 5.4.1),cpp,Accepted,15,128,963,
s049654632,p03866,u769998126,1525666679,C++,C++14 (GCC 5.4.1),cpp,Wrong Answer,21,256,953,
s623188575,p03866,u769998126,1525666674,C++,C++14 (GCC 5.4.1),cpp,Wrong Answer,21,256,953,
s024585248,p03866,u769998126,1525665476,C++,C++14 (GCC 5.4.1),cpp,Wrong Answer,11,256,1003,
s759725844,p03866,u930898631,1525637704,C++,C++14 (GCC 5.4.1),cpp,Accepted,112,22128,1309,
s836215855,p03866,u016382081,1525625686,C++,C++14 (GCC 5.4.1),cpp,Accepted,18,8064,941,
s088801710,p03866,u071730284,1525529507,C++,C++14 (GCC 5.4.1),cpp,Accepted,124,28648,29886,
s970538230,p03866,u259356862,1525372938,C++,C++ (GCC 5.4.1),cpp,Accepted,16,8192,1017,
s162075420,p03866,u353919145,1525298181,C++,C++14 (GCC 5.4.1),cpp,Accepted,47,32896,1229,
s644323564,p03866,u863370423,1525297796,C++,C++14 (GCC 5.4.1),cpp,Wrong Answer,46,32896,1241,
s186172674,p03866,u018679195,1525297796,C++,C++14 (GCC 5.4.1),cpp,Wrong Answer,54,33024,1241,
s494555122,p03866,u018679195,1525297691,C++,C++14 (GCC 5.4.1),cpp,Accepted,11,8192,1428,
s421074531,p03866,u018679195,1525297573,C++,C++14 (GCC 5.4.1),cpp,Wrong Answer,95,32896,1233,
s129108848,p03866,u863370423,1525297559,C++,C++14 (GCC 5.4.1),cpp,Wrong Answer,15,8192,1406,
s413569019,p03866,u353919145,1525297422,C++,C++14 (GCC 5.4.1),cpp,Wrong Answer,95,32896,1433,
s367438751,p03866,u018679195,1525297108,C++,C++14 (GCC 5.4.1),cpp,Wrong Answer,92,32896,1463,
s729097790,p03866,u018679195,1525295966,C++,C++14 (GCC 5.4.1),cpp,Wrong Answer,91,33280,1553,
s874466389,p03866,u353919145,1525295892,C++,C++14 (GCC 5.4.1),cpp,Wrong Answer,91,33280,1553,
s297095725,p03866,u018679195,1525295630,C++,C++14 (GCC 5.4.1),cpp,Accepted,1178,18944,1415,
s588509820,p03866,u353919145,1525295319,C++,C++14 (GCC 5.4.1),cpp,Wrong Answer,27,16768,1503,
s557922365,p03866,u353919145,1525295033,C++,C++14 (GCC 5.4.1),cpp,Wrong Answer,25,16768,1502,
s543368811,p03866,u353919145,1525294572,C++,C++14 (GCC 5.4.1),cpp,Wrong Answer,24,16768,1502,
s226585554,p03866,u018679195,1525294392,C++,C++14 (GCC 5.4.1),cpp,Runtime Error,102,1920,1501,
s533035396,p03866,u018679195,1525293064,C++,C++14 (GCC 5.4.1),cpp,Accepted,39,16000,1486,
s009835783,p03866,u018679195,1525292807,C++,C++14 (GCC 5.4.1),cpp,Wrong Answer,36,16000,1505,
s697389069,p03866,u018679195,1525292560,C++,C++14 (GCC 5.4.1),cpp,Wrong Answer,28,8064,1505,
s768408076,p03866,u353919145,1525291295,C++,C++14 (GCC 5.4.1),cpp,Accepted,40,16128,1111,
s506029458,p03866,u863370423,1525291273,C++,C++14 (GCC 5.4.1),cpp,Accepted,16,8192,1017,
s218442085,p03866,u863370423,1525290959,C++,C++14 (GCC 5.4.1),cpp,Wrong Answer,39,16128,1093,
s820142131,p03866,u018679195,1525290851,C++,C++14 (GCC 5.4.1),cpp,Wrong Answer,15,8192,1033,
s293803088,p03866,u863370423,1525290774,C++,C++14 (GCC 5.4.1),cpp,Accepted,21,256,852,
s855679566,p03866,u018679195,1525290552,C++,C++14 (GCC 5.4.1),cpp,Wrong Answer,15,8192,1061,
s961640185,p03866,u353919145,1525290305,C++,C++14 (GCC 5.4.1),cpp,Wrong Answer,16,256,836,
s715075922,p03866,u353919145,1525289991,C++,C++14 (GCC 5.4.1),cpp,Accepted,25,15872,1295,
s155865748,p03866,u089230684,1525287750,C++,C++14 (GCC 5.4.1),cpp,Time Limit Exceeded,2103,18560,1324,
s752012471,p03866,u089230684,1525287466,C++,C++14 (GCC 5.4.1),cpp,Time Limit Exceeded,2104,15872,1329,
s760383049,p03866,u579875569,1524854700,C++,C++14 (GCC 5.4.1),cpp,Accepted,110,22640,4151,
s698822278,p03866,u579875569,1524854608,C++,C++14 (GCC 5.4.1),cpp,Runtime Error,117,16512,4153,
s563240323,p03866,u579875569,1524854485,C++,C++14 (GCC 5.4.1),cpp,Wrong Answer,106,22128,4047,
s756408016,p03866,u476806085,1524848586,C++,C++14 (GCC 5.4.1),cpp,Accepted,1894,38836,2192,
s420082666,p03866,u308650788,1524770631,C++,C++14 (GCC 5.4.1),cpp,Accepted,17,16000,1845,
s065863450,p03866,u426578126,1524691267,C++,C++14 (GCC 5.4.1),cpp,Accepted,138,38000,1877,
s447296722,p03866,u640323045,1524411984,C++,C++14 (GCC 5.4.1),cpp,Accepted,105,22896,1595,
s086588225,p03866,u554116180,1524370856,C++,C++14 (GCC 5.4.1),cpp,Accepted,108,22256,1342,
s566624772,p03866,u711985352,1524325432,C++,C++14 (GCC 5.4.1),cpp,Accepted,104,22384,3072,
s055204361,p03866,u711985352,1524323909,C++,C++14 (GCC 5.4.1),cpp,Accepted,105,22384,2951,
s780239754,p03866,u711985352,1524323646,C++,C++14 (GCC 5.4.1),cpp,Wrong Answer,105,22384,2876,
s192353433,p03866,u711985352,1524323544,C++,C++14 (GCC 5.4.1),cpp,Wrong Answer,41,18676,2874,
s171249700,p03866,u876335718,1524268767,C++,C++14 (GCC 5.4.1),cpp,Wrong Answer,48,62976,4676,
s259966247,p03866,u876335718,1524268717,C++,C++14 (GCC 5.4.1),cpp,Wrong Answer,47,62976,4643,
s428431145,p03866,u876335718,1524268508,C++,C++14 (GCC 5.4.1),cpp,Accepted,181,72428,5032,
s994716012,p03866,u694433776,1524250788,C++,C++14 (GCC 5.4.1),cpp,Accepted,152,10352,4432,
s238537474,p03866,u876335718,1524233220,C++,C++14 (GCC 5.4.1),cpp,Wrong Answer,9,6400,4619,
s958026396,p03866,u876335718,1524233090,C++,C++14 (GCC 5.4.1),cpp,Wrong Answer,5,6400,4494,
s748998534,p03866,u876335718,1524233018,C++,C++14 (GCC 5.4.1),cpp,Wrong Answer,6,6400,4492,
s996470333,p03866,u943624079,1524173001,Rust,Rust (1.15.1),rs,Accepted,10,4352,2842,
s126556210,p03866,u691493208,1524114864,C++,C++14 (GCC 5.4.1),cpp,Accepted,130,38512,1736,
s376709099,p03866,u691493208,1524114815,C++,C++14 (GCC 5.4.1),cpp,Wrong Answer,93,5360,1961,
s950301391,p03866,u691493208,1524113658,C++,C++14 (GCC 5.4.1),cpp,Wrong Answer,131,38512,1733,
s803840522,p03866,u634743753,1524111704,C++,C++14 (GCC 5.4.1),cpp,Accepted,152,25964,1818,
s249019180,p03866,u032223772,1524012848,C++,C++14 (GCC 5.4.1),cpp,Accepted,191,18796,793,
s237921062,p03866,u032223772,1524012712,C++,C++14 (GCC 5.4.1),cpp,Wrong Answer,182,18924,783,
s777851007,p03866,u694433776,1523991543,C++,C++14 (GCC 5.4.1),cpp,Accepted,153,10096,3762,
s992149418,p03866,u677421794,1523737301,C++,C++14 (GCC 5.4.1),cpp,Accepted,111,22640,2121,
s064933733,p03866,u677421794,1523737139,C++,C++14 (GCC 5.4.1),cpp,Wrong Answer,1543,28400,2155,
s612695994,p03866,u271063202,1523672604,C++,C++14 (GCC 5.4.1),cpp,Accepted,111,22548,1811,
s467163007,p03866,u271063202,1523672467,C++,C++14 (GCC 5.4.1),cpp,Runtime Error,124,22292,1812,
s580160397,p03866,u823112986,1523670104,C++,C++14 (GCC 5.4.1),cpp,Accepted,721,22292,1806,
s573347662,p03866,u514809528,1523658899,C++,C++14 (GCC 5.4.1),cpp,Accepted,102,22264,1940,
s431300458,p03866,u271063202,1523658880,C++,C++14 (GCC 5.4.1),cpp,Runtime Error,123,22932,1811,
s469251846,p03866,u823112986,1523658519,C++,C++14 (GCC 5.4.1),cpp,Wrong Answer,699,22548,1721,
s597482353,p03866,u064359585,1523577337,C++,C++14 (GCC 5.4.1),cpp,Wrong Answer,29,16512,1771,
s457126883,p03866,u064359585,1523577237,C++,C++14 (GCC 5.4.1),cpp,Wrong Answer,31,16512,1771,
s988595404,p03866,u702582248,1523576728,Java,Java8 (OpenJDK 1.8.0),java,Accepted,570,66892,2220,
s172293488,p03866,u965605751,1523481426,C++,C++14 (GCC 5.4.1),cpp,Accepted,111,22256,2862,
s538543971,p03866,u965605751,1523481329,C++,C++14 (GCC 5.4.1),cpp,Wrong Answer,33,16640,2864,
s499713297,p03866,u965605751,1523479185,C++,C++14 (GCC 5.4.1),cpp,Wrong Answer,28,16640,2479,
s016144015,p03866,u965605751,1523479101,C++,C++14 (GCC 5.4.1),cpp,Wrong Answer,30,16640,2479,
s212716368,p03866,u761320129,1523329672,Python,PyPy3 (2.4.0),py,Time Limit Exceeded,2120,348276,1017,
s204125369,p03866,u643405868,1523238673,Nim,Nim (0.13.0),nim,Accepted,161,25188,3221,
s727407781,p03866,u732285858,1523223702,C++,C++14 (GCC 5.4.1),cpp,Accepted,134,39152,1776,
s755903341,p03866,u732285858,1523223284,C++,C++14 (GCC 5.4.1),cpp,Wrong Answer,72,35060,1872,
s756846699,p03866,u732285858,1523222988,C++,C++14 (GCC 5.4.1),cpp,Wrong Answer,73,35060,1719,
s581459649,p03866,u732285858,1523222843,C++,C++14 (GCC 5.4.1),cpp,Wrong Answer,71,35060,1713,
s259961574,p03866,u732285858,1523222694,C++,C++14 (GCC 5.4.1),cpp,Wrong Answer,73,34872,1715,
s600061292,p03866,u777923818,1523120498,Python,Python (3.4.3),py,Accepted,234,50956,696,
s600026922,p03866,u777923818,1523119743,Python,Python (3.4.3),py,Runtime Error,359,41348,648,
s477583631,p03866,u157322125,1523077947,C++,C++14 (GCC 5.4.1),cpp,Accepted,15,8192,1107,
s157253306,p03866,u157322125,1523077731,C++,C++14 (GCC 5.4.1),cpp,Wrong Answer,32,8192,1101,
s849077895,p03866,u157322125,1523077577,C++,C++14 (GCC 5.4.1),cpp,Wrong Answer,27,8064,1100,
s915406499,p03866,u777923818,1523059997,Python,Python (3.4.3),py,Wrong Answer,358,51080,644,
s481090192,p03866,u341406884,1523057810,C++,C++14 (GCC 5.4.1),cpp,Accepted,220,34956,1493,
s750273174,p03866,u703805376,1522900159,C++,C++14 (GCC 5.4.1),cpp,Accepted,93,6512,1962,
s608370707,p03866,u887001705,1522814305,C++,C++14 (GCC 5.4.1),cpp,Accepted,25,16640,1374,
s160641728,p03866,u887001705,1522814271,C++,C++14 (GCC 5.4.1),cpp,Wrong Answer,31,16768,1356,
s506145435,p03866,u382163500,1522704804,C,C (GCC 5.4.1),c,Accepted,30,8192,1137,
s829066464,p03866,u013750540,1522527862,C++,C++14 (GCC 5.4.1),cpp,Accepted,109,22404,3353,
s698145314,p03866,u013750540,1522527609,C++,C++14 (GCC 5.4.1),cpp,Wrong Answer,109,22660,3353,
s931350718,p03866,u013750540,1522527204,C++,C++14 (GCC 5.4.1),cpp,Wrong Answer,110,22512,3335,
s249123356,p03866,u013750540,1522526625,C++,C++14 (GCC 5.4.1),cpp,Wrong Answer,111,22020,3304,
s763186496,p03866,u013750540,1522526549,C++,C++14 (GCC 5.4.1),cpp,Wrong Answer,108,22532,3275,
s319951203,p03866,u858748695,1522509649,C++,C++14 (GCC 5.4.1),cpp,Accepted,296,75312,1679,
s542219203,p03866,u450832845,1522442231,C++,C++14 (GCC 5.4.1),cpp,Accepted,130,38964,1624,
s454224438,p03866,u450832845,1522442070,C++,C++14 (GCC 5.4.1),cpp,Wrong Answer,2103,36592,1674,
s014658271,p03866,u450832845,1522442008,C++,C++14 (GCC 5.4.1),cpp,Wrong Answer,2103,38384,1674,
s234418655,p03866,u450832845,1522441642,C++,C++14 (GCC 5.4.1),cpp,Wrong Answer,2103,38128,1624,
s985564444,p03866,u450832845,1522441232,C++,C++14 (GCC 5.4.1),cpp,Wrong Answer,2103,38128,1624,
s031238731,p03866,u450832845,1522441171,C++,C++14 (GCC 5.4.1),cpp,Runtime Error,2103,37104,1621,
s373676709,p03866,u450832845,1522441020,C++,C++14 (GCC 5.4.1),cpp,Runtime Error,2103,36848,1621,
s313573137,p03866,u197650109,1522039235,C++,C++14 (GCC 5.4.1),cpp,Accepted,25,16128,1562,
s596140545,p03866,u842401785,1521651477,C++,C++14 (GCC 5.4.1),cpp,Accepted,451,72616,1222,
s709098567,p03866,u857259336,1521568696,C++,C++14 (GCC 5.4.1),cpp,Accepted,110,38000,2004,
s127358880,p03866,u924339359,1521514164,C++,C++14 (GCC 5.4.1),cpp,Accepted,137,41492,1643,
s477770241,p03866,u924339359,1521513691,C++,C++14 (GCC 5.4.1),cpp,Wrong Answer,70,37528,1639,
s215494786,p03866,u924339359,1521512844,C++,C++14 (GCC 5.4.1),cpp,Wrong Answer,69,37528,1631,
s648800852,p03866,u740807458,1521501699,C++,C++14 (GCC 5.4.1),cpp,Accepted,110,22532,3336,
s869622985,p03866,u647875062,1521247829,C++,C++14 (GCC 5.4.1),cpp,Accepted,134,26616,1314,
s113946632,p03866,u647875062,1521247580,C++,C++14 (GCC 5.4.1),cpp,Wrong Answer,144,26604,1258,
s277437818,p03866,u647875062,1521247421,C++,C++14 (GCC 5.4.1),cpp,Wrong Answer,132,26616,1232,
s966603223,p03866,u761320129,1521074891,Python,Python (3.4.3),py,Time Limit Exceeded,2110,95116,1018,
s293431023,p03866,u761320129,1521074254,Python,Python (3.4.3),py,Time Limit Exceeded,2114,101072,891,
s509537599,p03866,u761320129,1520911791,Python,Python (3.4.3),py,Wrong Answer,2108,70380,1040,
s628710610,p03866,u761320129,1520910383,Python,Python (3.4.3),py,Wrong Answer,2111,107788,908,
s869520521,p03866,u761320129,1520909813,Python,Python (3.4.3),py,Time Limit Exceeded,2111,113256,779,
s831141719,p03866,u761320129,1520909051,Python,Python (3.4.3),py,Wrong Answer,2117,203980,926,
s571991605,p03866,u761320129,1520908461,Python,Python (3.4.3),py,Time Limit Exceeded,2121,241500,845,
s671043973,p03866,u210718367,1520893841,C++,C++14 (GCC 5.4.1),cpp,Accepted,699,22512,2145,
s250629743,p03866,u210718367,1520893725,C++,C++14 (GCC 5.4.1),cpp,Wrong Answer,705,21872,2085,
s295400990,p03866,u115888500,1520566407,C++,C++14 (GCC 5.4.1),cpp,Accepted,97,6256,1758,
s935606658,p03866,u115888500,1520566225,C++,C++14 (GCC 5.4.1),cpp,Time Limit Exceeded,2103,6000,1660,
s838828836,p03866,u115888500,1520566153,C++,C++14 (GCC 5.4.1),cpp,Time Limit Exceeded,2103,6384,1653,
s697445318,p03866,u115888500,1520565945,C++,C++14 (GCC 5.4.1),cpp,Time Limit Exceeded,2103,2548,1535,
s693133698,p03866,u115888500,1520565123,C++,C++14 (GCC 5.4.1),cpp,Wrong Answer,732,892,1600,
s858892052,p03866,u115888500,1520564701,C++,C++14 (GCC 5.4.1),cpp,Time Limit Exceeded,2103,2420,1608,
s062480232,p03866,u353919145,1520541423,C++,C++14 (GCC 5.4.1),cpp,Accepted,113,21012,3476,
s499129261,p03866,u728732647,1520541156,C++,C++14 (GCC 5.4.1),cpp,Accepted,112,22512,2978,
s602945130,p03866,u816631826,1520273274,C++,C++14 (GCC 5.4.1),cpp,Accepted,112,21872,3760,
s388585320,p03866,u788341294,1520273181,C++,C++14 (GCC 5.4.1),cpp,Accepted,120,22256,3587,
s519293910,p03866,u884379688,1520050157,C++,C++14 (GCC 5.4.1),cpp,Accepted,97,6388,4437,
s405879931,p03866,u884379688,1520050101,C++,C++14 (GCC 5.4.1),cpp,Accepted,172,10608,4461,
s694070388,p03866,u884379688,1520050022,C++,C++14 (GCC 5.4.1),cpp,Compile Error,,,4456,
s130435261,p03866,u884379688,1520049594,C++,C++14 (GCC 5.4.1),cpp,Wrong Answer,98,6132,4441,
s095959071,p03866,u475110558,1519971318,C#,C# (Mono 4.6.2.0),cs,Accepted,86,21600,4610,
s144933977,p03866,u283869437,1519952172,C++,C++14 (GCC 5.4.1),cpp,Accepted,35,8064,724,
s930420694,p03866,u283869437,1519951536,C++,C++14 (GCC 5.4.1),cpp,Wrong Answer,38,8064,754,
s658923286,p03866,u475110558,1519927109,C#,C# (Mono 4.6.2.0),cs,Accepted,91,21728,4529,
s641416012,p03866,u526367939,1519797738,C++,C++14 (GCC 5.4.1),cpp,Accepted,105,22548,1676,
s636689609,p03866,u526367939,1519797647,C++,C++14 (GCC 5.4.1),cpp,Wrong Answer,109,21652,1670,
s440861246,p03866,u526367939,1519797355,C++,C++14 (GCC 5.4.1),cpp,Wrong Answer,108,22420,1615,
s358956705,p03866,u682764246,1519485009,C++,C++14 (GCC 5.4.1),cpp,Accepted,95,6520,1288,
s403658020,p03866,u722628899,1519357220,C++,C++14 (GCC 5.4.1),cpp,Accepted,131,38708,1336,
s953021746,p03866,u722628899,1519356894,C++,C++14 (GCC 5.4.1),cpp,Wrong Answer,51,33852,1328,
s842964017,p03866,u722628899,1519356192,C++,C++14 (GCC 5.4.1),cpp,Wrong Answer,25,17400,1299,
s792169392,p03866,u922858565,1519315011,Rust,Rust (1.15.1),rs,Accepted,963,49268,4304,
s843842227,p03866,u922858565,1519313602,Rust,Rust (1.15.1),rs,Wrong Answer,942,49268,4365,
s066502801,p03866,u968834127,1519273291,C++,C++14 (GCC 5.4.1),cpp,Accepted,233,75372,1668,
s159820837,p03866,u968834127,1519113890,C++,C++14 (GCC 5.4.1),cpp,Time Limit Exceeded,2108,18048,1209,
s122123246,p03866,u284102701,1518877164,C++,C++14 (GCC 5.4.1),cpp,Accepted,181,42092,1487,
s506256940,p03866,u852585808,1518794773,C++,C++14 (GCC 5.4.1),cpp,Accepted,1820,42512,1315,
s718321935,p03866,u120190063,1518661183,C++,C++14 (GCC 5.4.1),cpp,Accepted,46,256,1312,
s701792824,p03866,u120190063,1518661093,C++,C++14 (GCC 5.4.1),cpp,Wrong Answer,46,256,1311,
s528854328,p03866,u084305300,1518058547,Rust,Rust (1.15.1),rs,Accepted,37,65788,5520,
s898688159,p03866,u811004127,1518050406,C++,C++14 (Clang 3.8.0),cpp,Accepted,165,42544,3010,
s214467906,p03866,u854869949,1517970541,C++,C++14 (GCC 5.4.1),cpp,Accepted,95,12784,996,
s954884801,p03866,u707053380,1517780906,C++,C++14 (GCC 5.4.1),cpp,Accepted,222,18664,1639,
s210092736,p03866,u707053380,1517780617,C++,C++14 (GCC 5.4.1),cpp,Wrong Answer,226,18920,1637,
s008590021,p03866,u707053380,1517780587,C++,C++14 (GCC 5.4.1),cpp,Wrong Answer,223,18536,1635,
s562964469,p03866,u584355711,1517618725,C++,C++14 (GCC 5.4.1),cpp,Accepted,111,22532,1905,
s527217804,p03866,u278868910,1517426659,C++,C++14 (GCC 5.4.1),cpp,Accepted,152,10604,2207,
s474323848,p03866,u107292917,1517291481,C++,C++14 (GCC 5.4.1),cpp,Accepted,643,22524,1188,
s942484341,p03866,u843522325,1516572910,C++,C++14 (GCC 5.4.1),cpp,Accepted,105,18540,1283,
s460686761,p03866,u976045235,1516417450,C++,C++14 (GCC 5.4.1),cpp,Accepted,114,38384,3039,
s522521447,p03866,u065125881,1516241526,C++,C++14 (GCC 5.4.1),cpp,Accepted,137,38964,2694,
s556208330,p03866,u197964611,1516180700,C++,C++14 (GCC 5.4.1),cpp,Accepted,11,384,1271,
s786856978,p03866,u197964611,1516180523,C++,C++14 (GCC 5.4.1),cpp,Wrong Answer,11,384,1301,
s404713456,p03866,u197964611,1516180360,C++,C++14 (GCC 5.4.1),cpp,Wrong Answer,12,384,1299,
s152971563,p03866,u197964611,1516180336,C++,C++14 (GCC 5.4.1),cpp,Compile Error,,,1283,
s238559363,p03866,u333877810,1516153246,C++,C++14 (GCC 5.4.1),cpp,Accepted,13,8192,1489,
s691684057,p03866,u319282133,1515818484,C++,C++14 (GCC 5.4.1),cpp,Accepted,114,22164,1477,
s390921793,p03866,u003873207,1515801793,C++,C++14 (Clang 3.8.0),cpp,Accepted,119,21104,3321,
s876951940,p03866,u935586669,1515275852,C++,C++14 (GCC 5.4.1),cpp,Accepted,105,22804,3034,
s365947179,p03866,u740807458,1515272887,C++,C++14 (GCC 5.4.1),cpp,Accepted,104,21908,3045,
s257465379,p03866,u740807458,1515272871,C++,C++14 (GCC 5.4.1),cpp,Wrong Answer,19,16512,3045,
s785821599,p03866,u740807458,1515272748,C++,C++14 (GCC 5.4.1),cpp,Wrong Answer,20,16512,3053,
s252874370,p03866,u740807458,1515272203,C++,C++14 (GCC 5.4.1),cpp,Wrong Answer,20,16512,2927,
s542487749,p03866,u740807458,1515272147,C++,C++14 (GCC 5.4.1),cpp,Wrong Answer,104,22676,2918,
s217444406,p03866,u740807458,1515272012,C++,C++14 (GCC 5.4.1),cpp,Wrong Answer,105,22676,2910,
s914988432,p03866,u740807458,1515271740,C++,C++14 (GCC 5.4.1),cpp,Wrong Answer,105,22036,2910,
s924221044,p03866,u740807458,1515271224,C++,C++14 (GCC 5.4.1),cpp,Wrong Answer,108,22804,2910,
s547188106,p03866,u675503966,1515095565,Java,Java8 (OpenJDK 1.8.0),java,Accepted,1026,116488,5669,
s928144777,p03866,u675503966,1515095316,Java,Java8 (OpenJDK 1.8.0),java,Time Limit Exceeded,2090,195888,5667,
s635135119,p03866,u536578131,1515034035,C++,C++14 (GCC 5.4.1),cpp,Accepted,16,256,718,
s242129310,p03866,u238041222,1515017578,C,C (GCC 5.4.1),c,Accepted,1656,8064,9215,
s712297881,p03866,u238041222,1515017458,C,C (GCC 5.4.1),c,Wrong Answer,1647,8064,9187,
s320528953,p03866,u651925006,1515015052,Java,Java8 (OpenJDK 1.8.0),java,Accepted,193,34500,3004,
s238430901,p03866,u061916079,1514967163,C++,C++14 (GCC 5.4.1),cpp,Accepted,1615,10108,6003,
s856477823,p03866,u981861542,1514966777,C++,C++14 (GCC 5.4.1),cpp,Accepted,110,26752,1448,
s719561844,p03866,u258647915,1514808258,C++,C++14 (GCC 5.4.1),cpp,Accepted,32,8192,1278,
s215264719,p03866,u258647915,1514806500,C++,C++14 (GCC 5.4.1),cpp,Accepted,32,8192,1225,
s607557671,p03866,u315350841,1514040766,C++,C++14 (GCC 5.4.1),cpp,Accepted,12,8192,999,
s379620909,p03866,u451610133,1513728868,C++,C++14 (GCC 5.4.1),cpp,Accepted,128,38512,2325,
s089289419,p03866,u451610133,1513728516,C++,C++14 (GCC 5.4.1),cpp,Runtime Error,2109,1083216,2271,
s735767531,p03866,u451610133,1513728450,C++,C++14 (GCC 5.4.1),cpp,Runtime Error,2109,1083344,2272,
s858522508,p03866,u093922224,1513195519,C++,C++14 (GCC 5.4.1),cpp,Accepted,104,24688,2057,
s287940613,p03866,u804977105,1512800887,C++,C++14 (GCC 5.4.1),cpp,Accepted,21,15872,840,
s671296700,p03866,u083440680,1512772924,C++,C++14 (GCC 5.4.1),cpp,Accepted,98,14448,904,
s049337125,p03866,u310790595,1512008982,C++,C++14 (GCC 5.4.1),cpp,Accepted,145,22804,1779,
s371682501,p03866,u310790595,1512008891,C++,C++14 (GCC 5.4.1),cpp,Wrong Answer,143,21780,1779,
s681370794,p03866,u572468811,1511950981,C++,C++14 (GCC 5.4.1),cpp,Accepted,132,40072,3579,
s783743409,p03866,u572468811,1511950784,C++,C++14 (GCC 5.4.1),cpp,Accepted,133,40072,3571,
s602554124,p03866,u416560151,1511908923,C++,C++14 (GCC 5.4.1),cpp,Wrong Answer,35,16512,2426,
s949181300,p03866,u416560151,1511908833,C++,C++14 (GCC 5.4.1),cpp,Compile Error,,,2503,
s156165898,p03866,u382880969,1511908456,C++,C++14 (GCC 5.4.1),cpp,Time Limit Exceeded,2103,2440,1024,
s566080154,p03866,u416560151,1511908312,C++,C++14 (GCC 5.4.1),cpp,Wrong Answer,2105,37120,2495,
s097368651,p03866,u382880969,1511908138,C++,C++14 (GCC 5.4.1),cpp,Time Limit Exceeded,2107,2440,1062,
s884970435,p03866,u382880969,1511908069,C++,C++14 (GCC 5.4.1),cpp,Compile Error,,,1058,
s478690919,p03866,u382880969,1511908043,C++,C++14 (GCC 5.4.1),cpp,Compile Error,,,1058,
s172878607,p03866,u416560151,1511907774,C++,C++14 (GCC 5.4.1),cpp,Wrong Answer,2108,33408,2466,
s881832082,p03866,u905715926,1511907605,C++,C++14 (GCC 5.4.1),cpp,Accepted,107,22148,2343,
s802872121,p03866,u905715926,1511907401,C++,C++14 (GCC 5.4.1),cpp,Wrong Answer,106,22640,2333,
s519770445,p03866,u905715926,1511907255,C++,C++14 (GCC 5.4.1),cpp,Wrong Answer,106,22768,2365,
s047157583,p03866,u905715926,1511907001,C++,C++14 (GCC 5.4.1),cpp,Wrong Answer,109,22640,2177,
s670971189,p03866,u382880969,1511906978,C++,C++14 (GCC 5.4.1),cpp,Wrong Answer,156,25964,2221,
s173208573,p03866,u905715926,1511906823,C++,C++14 (GCC 5.4.1),cpp,Wrong Answer,110,22640,2073,
s212775654,p03866,u905715926,1511906271,C++,C++14 (GCC 5.4.1),cpp,Wrong Answer,112,22768,2173,
s526381305,p03866,u905715926,1511905938,C++,C++14 (GCC 5.4.1),cpp,Wrong Answer,111,21764,2103,
s985138847,p03866,u905715926,1511905699,C++,C++14 (GCC 5.4.1),cpp,Wrong Answer,27,17020,2053,
s626267050,p03866,u905715926,1511905598,C++,C++14 (GCC 5.4.1),cpp,Wrong Answer,28,17020,2056,
s220590212,p03866,u905715926,1511905345,C++,C++14 (GCC 5.4.1),cpp,Wrong Answer,32,16640,2061,
s979033403,p03866,u416560151,1511904484,C++,C++14 (GCC 5.4.1),cpp,Runtime Error,2105,28032,2336,
s446747506,p03866,u905715926,1511903987,C++,C++14 (GCC 5.4.1),cpp,Wrong Answer,35,16640,2040,
s140752902,p03866,u905715926,1511902801,C++,C++14 (GCC 5.4.1),cpp,Wrong Answer,2107,18560,2009,
s979614061,p03866,u905715926,1511902125,C++,C++14 (GCC 5.4.1),cpp,Wrong Answer,31,16640,2012,
s333878407,p03866,u382880969,1511901006,C++,C++14 (GCC 5.4.1),cpp,Accepted,171,26512,2080,
s159292098,p03866,u416915042,1511663831,C++,C++14 (GCC 5.4.1),cpp,Accepted,149,26472,2246,
s016740557,p03866,u496434612,1511507273,C++,C++14 (GCC 5.4.1),cpp,Accepted,99,14064,1106,
s074706763,p03866,u670220889,1511476615,C++,C++14 (GCC 5.4.1),cpp,Accepted,96,6128,1750,
s474476202,p03866,u437391064,1511292731,C++,C++14 (GCC 5.4.1),cpp,Wrong Answer,67,37488,1524,
s607383271,p03866,u437391064,1511292641,C++,C++14 (GCC 5.4.1),cpp,Compile Error,,,1518,
s608609088,p03866,u437391064,1511292578,C++,C++14 (GCC 5.4.1),cpp,Compile Error,,,1516,
s626517954,p03866,u437391064,1511292501,C++,C++14 (GCC 5.4.1),cpp,Wrong Answer,42,18548,1464,
s787395593,p03866,u437391064,1511291174,C++,C++14 (GCC 5.4.1),cpp,Wrong Answer,39,17528,1457,
s434497569,p03866,u549743442,1510699542,C++,C++14 (GCC 5.4.1),cpp,Wrong Answer,30,16128,2383,
s852071289,p03866,u549743442,1510699462,C++,C++14 (GCC 5.4.1),cpp,Accepted,29,16128,2056,
s270745777,p03866,u093922224,1510699427,C++,C++14 (GCC 5.4.1),cpp,Accepted,107,24816,2050,
s170825731,p03866,u549743442,1510699397,C++,C++14 (GCC 5.4.1),cpp,Wrong Answer,18,8320,2371,
s221666861,p03866,u093922224,1510699346,C++,C++14 (GCC 5.4.1),cpp,Wrong Answer,34,18688,2032,
s388507510,p03866,u763975133,1510177420,Rust,Rust (1.15.1),rs,Accepted,1229,17656,3325,
s851801323,p03866,u534772498,1509506981,C++,C++14 (GCC 5.4.1),cpp,Accepted,941,18688,1191,
s372646222,p03866,u836644468,1509316467,C++,C++14 (GCC 5.4.1),cpp,Accepted,136,22012,2475,
s955346135,p03866,u836644468,1509316416,C++,C++14 (GCC 5.4.1),cpp,Accepted,145,22268,2519,
s649130410,p03866,u836644468,1509316290,C++,C++14 (GCC 5.4.1),cpp,Time Limit Exceeded,2105,18808,2510,
s095239785,p03866,u836644468,1509316177,C++,C++14 (GCC 5.4.1),cpp,Time Limit Exceeded,2105,19072,2498,
s126410331,p03866,u836644468,1509315775,C++,C++14 (GCC 5.4.1),cpp,Accepted,131,21872,2519,
s488208842,p03866,u836644468,1509315484,C++,C++14 (GCC 5.4.1),cpp,Accepted,130,21628,2533,
s072774268,p03866,u836644468,1509314199,C++,C++14 (GCC 5.4.1),cpp,Wrong Answer,114,16384,2931,
s366980827,p03866,u836644468,1509314010,C++,C++14 (GCC 5.4.1),cpp,Time Limit Exceeded,2105,18556,2919,
s319943725,p03866,u353919145,1509248327,C++,C++14 (GCC 5.4.1),cpp,Accepted,1625,26476,1779,
s978803271,p03866,u579152247,1508555556,C++,C++14 (GCC 5.4.1),cpp,Accepted,108,22256,2282,
s730235881,p03866,u704625420,1507560406,C++,C++14 (GCC 5.4.1),cpp,Accepted,167,42604,3293,
s801185309,p03866,u762921614,1507312364,C++,C++14 (GCC 5.4.1),cpp,Accepted,212,26728,1555,
s955399706,p03866,u762921614,1507311692,C++,C++14 (GCC 5.4.1),cpp,Wrong Answer,103,18540,1536,
s926470505,p03866,u906880177,1507267844,C++,C++14 (GCC 5.4.1),cpp,Accepted,186,42732,1344,
s128976576,p03866,u906880177,1507267544,C++,C++14 (GCC 5.4.1),cpp,Wrong Answer,71,37488,1343,
s767231604,p03866,u906880177,1507267094,C++,C++14 (GCC 5.4.1),cpp,Wrong Answer,68,37872,1343,
s088553885,p03866,u906880177,1507266638,C++,C++14 (GCC 5.4.1),cpp,Wrong Answer,68,37360,1347,
s402512925,p03866,u906880177,1507265534,C++,C++14 (GCC 5.4.1),cpp,Compile Error,,,1308,
s580419315,p03866,u316170293,1506835911,C++,C++14 (GCC 5.4.1),cpp,Accepted,95,6384,1275,
s304809799,p03866,u180407835,1506809002,Rust,Rust (1.15.1),rs,Accepted,103,17656,2901,
s200333983,p03866,u443010331,1506792840,C#,C# (Mono 4.6.2.0),cs,Accepted,952,57088,6959,
s031320622,p03866,u443010331,1506792779,C#,C# (Mono 4.6.2.0),cs,Time Limit Exceeded,2110,56804,6957,
s751489083,p03866,u443010331,1506792684,C#,C# (Mono 4.6.2.0),cs,Runtime Error,24,12896,6956,
s658685205,p03866,u443010331,1506792540,C#,C# (Mono 4.6.2.0),cs,Time Limit Exceeded,2108,27104,6871,
s358323309,p03866,u443010331,1506792407,C#,C# (Mono 4.6.2.0),cs,Compile Error,,,6921,
s157107050,p03866,u443010331,1506791566,C#,C# (Mono 4.6.2.0),cs,Time Limit Exceeded,2108,27104,6642,
s307790672,p03866,u525288965,1506592924,C++,C++14 (GCC 5.4.1),cpp,Accepted,110,18412,1007,
s413475071,p03866,u525288965,1506592764,C++,C++14 (GCC 5.4.1),cpp,Wrong Answer,104,18412,959,
s498386557,p03866,u525288965,1506592604,C++,C++14 (GCC 5.4.1),cpp,Runtime Error,116,18284,959,
s298417674,p03866,u525288965,1506592565,C++,C++14 (GCC 5.4.1),cpp,Compile Error,,,941,
s771620137,p03866,u525288965,1506592499,C++,C++14 (GCC 5.4.1),cpp,Compile Error,,,881,
s196884274,p03866,u417452827,1506339079,C++,C++14 (GCC 5.4.1),cpp,Accepted,100,6512,1419,
s792901233,p03866,u417452827,1506338847,C++,C++14 (GCC 5.4.1),cpp,Time Limit Exceeded,2103,6384,1326,
s144806355,p03866,u602850810,1506231889,C++,C++14 (GCC 5.4.1),cpp,Accepted,100,6516,1265,
s691286905,p03866,u603303736,1506058793,C++,C++14 (GCC 5.4.1),cpp,Accepted,171,42928,2587,
s417484661,p03866,u603303736,1506058665,C++,C++14 (GCC 5.4.1),cpp,Wrong Answer,2109,1277680,3158,
s693757596,p03866,u924885571,1505774423,C++,C++14 (GCC 5.4.1),cpp,Accepted,103,10604,836,
s702511910,p03866,u924885571,1505774312,C++,C++14 (GCC 5.4.1),cpp,Accepted,104,10604,836,
s013820379,p03866,u965174248,1505735619,D,D (LDC 0.17.0),d,Accepted,425,22332,7030,
s445068572,p03866,u243961437,1505676961,C++,C++14 (GCC 5.4.1),cpp,Accepted,95,13936,1139,
s776301705,p03866,u674342364,1505499139,C++,C++14 (GCC 5.4.1),cpp,Wrong Answer,35,24704,2797,
s058714031,p03866,u674342364,1505498954,C++,C++14 (GCC 5.4.1),cpp,Wrong Answer,29,24704,2790,
s460781677,p03866,u017167684,1505451106,C++,C++14 (GCC 5.4.1),cpp,Accepted,646,22532,1463,
s585829658,p03866,u017167684,1505433296,C++,C++14 (GCC 5.4.1),cpp,Wrong Answer,1805,42640,1620,
s153216266,p03866,u017167684,1505433189,C++,C++14 (GCC 5.4.1),cpp,Wrong Answer,651,22148,1592,
s248172715,p03866,u017167684,1505429862,C++,C++14 (GCC 5.4.1),cpp,Wrong Answer,1335,42128,1606,
s250768602,p03866,u017167684,1505427954,C++,C++14 (GCC 5.4.1),cpp,Wrong Answer,338,20612,1695,
s465098201,p03866,u017167684,1505427311,C++,C++14 (GCC 5.4.1),cpp,Wrong Answer,1123,17168,1589,
s999414938,p03866,u017167684,1505426804,C++,C++14 (GCC 5.4.1),cpp,Wrong Answer,28,16640,1669,
s025318529,p03866,u017167684,1505425962,C++,C++14 (GCC 5.4.1),cpp,Wrong Answer,28,18560,1644,
s318718291,p03866,u549743442,1505357368,C++,C++14 (GCC 5.4.1),cpp,Accepted,29,16256,2055,
s623666719,p03866,u549743442,1505356712,C++,C++14 (GCC 5.4.1),cpp,Wrong Answer,25,8192,2033,
s431472105,p03866,u549743442,1505356661,C++,C++14 (GCC 5.4.1),cpp,Wrong Answer,25,8320,2038,
s228594612,p03866,u549743442,1505356320,C++,C++14 (GCC 5.4.1),cpp,Wrong Answer,25,8192,2038,
s567817673,p03866,u935586669,1505356052,C++,C++14 (GCC 5.4.1),cpp,Accepted,22,8192,2112,
s040889581,p03866,u935586669,1505355822,C++,C++14 (GCC 5.4.1),cpp,Wrong Answer,23,8192,2104,
s060945756,p03866,u935586669,1505355750,C++,C++14 (GCC 5.4.1),cpp,Wrong Answer,28,8192,2096,
s146825129,p03866,u935586669,1505355360,C++,C++14 (Clang 3.8.0),cpp,Accepted,21,8192,1873,
s328330267,p03866,u935586669,1505354430,C++,C++14 (Clang 3.8.0),cpp,Wrong Answer,21,8192,1872,
s480142895,p03866,u935586669,1505354345,C++,C++14 (Clang 3.8.0),cpp,Wrong Answer,26,8824,2104,
s878838395,p03866,u935586669,1505354047,C++,C++14 (Clang 3.8.0),cpp,Wrong Answer,25,8192,1915,
s794902857,p03866,u935586669,1505353781,C++,C++14 (Clang 3.8.0),cpp,Wrong Answer,25,8320,1863,
s933047892,p03866,u935586669,1505353561,C++,C++14 (Clang 3.8.0),cpp,Wrong Answer,27,8192,2093,
s504044324,p03866,u549743442,1505352998,C++,C++14 (GCC 5.4.1),cpp,Wrong Answer,25,8320,2093,
s354469317,p03866,u549743442,1505352957,C++,C++14 (GCC 5.4.1),cpp,Wrong Answer,555,22272,2091,
s896035703,p03866,u093922224,1505264538,C++,C++14 (GCC 5.4.1),cpp,Accepted,107,25328,1569,
s312303675,p03866,u093922224,1505264412,C++,C++14 (GCC 5.4.1),cpp,Wrong Answer,28,20472,1540,
s544374573,p03866,u093922224,1505264287,C++,C++14 (GCC 5.4.1),cpp,Wrong Answer,41,21620,1544,
s814438559,p03866,u093922224,1505264211,C++,C++14 (GCC 5.4.1),cpp,Wrong Answer,42,21620,1541,
s093162421,p03866,u093922224,1505263834,C++,C++14 (GCC 5.4.1),cpp,Wrong Answer,40,20636,1538,
s866852823,p03866,u093922224,1505263705,C++,C++14 (GCC 5.4.1),cpp,Wrong Answer,39,20636,1551,
s749503395,p03866,u093922224,1505263604,C++,C++14 (GCC 5.4.1),cpp,Wrong Answer,39,20636,1541,
s450939999,p03866,u093922224,1505263457,C++,C++14 (GCC 5.4.1),cpp,Wrong Answer,39,20636,1546,
s702781797,p03866,u093922224,1505263324,C++,C++14 (GCC 5.4.1),cpp,Wrong Answer,97,21656,1627,
s266565687,p03866,u093922224,1505262968,C++,C++14 (GCC 5.4.1),cpp,Wrong Answer,96,21656,1623,
s273453266,p03866,u549743442,1505262523,C++,C++14 (GCC 5.4.1),cpp,Wrong Answer,23,8192,1743,
s168726890,p03866,u549743442,1505262468,C++,C++14 (GCC 5.4.1),cpp,Wrong Answer,25,8320,1790,
s644745736,p03866,u337911666,1505218932,C++,C++14 (GCC 5.4.1),cpp,Accepted,109,22292,2315,
s248750651,p03866,u632114133,1505145378,C++,C++14 (GCC 5.4.1),cpp,Accepted,95,18584,1371,
s726336785,p03866,u059234158,1505098341,Java,Java8 (OpenJDK 1.8.0),java,Accepted,1776,53712,1914,
s566611389,p03866,u059234158,1505097973,Java,Java8 (OpenJDK 1.8.0),java,Time Limit Exceeded,2110,139920,1860,
s077967449,p03866,u059234158,1505097775,Java,Java8 (OpenJDK 1.8.0),java,Time Limit Exceeded,2109,141296,1890,
s602465770,p03866,u059234158,1505097518,Java,Java8 (OpenJDK 1.8.0),java,Runtime Error,1337,140648,1819,
s901532992,p03866,u059234158,1505097209,Java,Java8 (OpenJDK 1.8.0),java,Time Limit Exceeded,2109,51848,1775,
s147539267,p03866,u059234158,1505096882,Java,Java8 (OpenJDK 1.8.0),java,Time Limit Exceeded,2109,52096,1618,
s487967052,p03866,u059234158,1505089026,Java,Java8 (OpenJDK 1.8.0),java,Wrong Answer,501,74000,3038,
s994139090,p03866,u059234158,1505087466,Java,Java8 (OpenJDK 1.8.0),java,Wrong Answer,1305,108448,2736,
s562999531,p03866,u059234158,1505084683,Java,Java8 (OpenJDK 1.8.0),java,Wrong Answer,499,79476,2754,
s023348543,p03866,u059234158,1505084598,Java,Java8 (OpenJDK 1.8.0),java,Wrong Answer,496,80936,2753,
s758073998,p03866,u059234158,1505083922,Java,Java8 (OpenJDK 1.8.0),java,Wrong Answer,515,80252,2745,
s261409086,p03866,u384645789,1504286051,C++,C++14 (GCC 5.4.1),cpp,Accepted,304,33408,1174,
s383762839,p03866,u107077660,1504121870,C++,C++14 (GCC 5.4.1),cpp,Accepted,717,21876,1435,
s226527081,p03866,u107077660,1504121658,C++,C++14 (GCC 5.4.1),cpp,Wrong Answer,712,21744,1501,
s964765753,p03866,u352499693,1504121474,C++,C++14 (GCC 5.4.1),cpp,Accepted,163,12288,1552,
s122207530,p03866,u352499693,1504121316,C++,C++14 (GCC 5.4.1),cpp,Wrong Answer,162,12288,1557,
s642484701,p03866,u352499693,1504120582,C++,C++14 (GCC 5.4.1),cpp,Runtime Error,162,12288,1563,
s023815339,p03866,u352499693,1504120060,C++,C++14 (GCC 5.4.1),cpp,Runtime Error,1153,12288,1520,
s885015679,p03866,u352499693,1504119863,C++,C++14 (GCC 5.4.1),cpp,Runtime Error,1139,12288,1521,
s762034984,p03866,u924885571,1503627097,C++,C++14 (GCC 5.4.1),cpp,Accepted,98,10604,837,
s561545230,p03866,u140621697,1503424543,C++,C++14 (GCC 5.4.1),cpp,Accepted,582,14320,853,
s911118511,p03866,u216283258,1503419424,C++,C++14 (GCC 5.4.1),cpp,Accepted,104,22292,2253,
s747902256,p03866,u216283258,1503419311,C++,C++14 (GCC 5.4.1),cpp,Time Limit Exceeded,2105,22804,2402,
s440039452,p03866,u216283258,1503419247,C++,C++14 (GCC 5.4.1),cpp,Time Limit Exceeded,2106,42764,2407,
s400779466,p03866,u866107333,1502983032,C++,C++14 (GCC 5.4.1),cpp,Accepted,280,74732,2076,
s134349688,p03866,u866107333,1502941857,C++,C++14 (GCC 5.4.1),cpp,Wrong Answer,287,74476,2066,
s330251074,p03866,u866107333,1502941172,C++,C++14 (GCC 5.4.1),cpp,Wrong Answer,295,74220,2015,
s124383239,p03866,u733618878,1502914389,C++,C++14 (GCC 5.4.1),cpp,Accepted,125,34932,1361,
s597695079,p03866,u733618878,1502914093,C++,C++14 (GCC 5.4.1),cpp,Time Limit Exceeded,2105,18048,947,
s347135316,p03866,u251104445,1502888502,C++,C++14 (GCC 5.4.1),cpp,Accepted,1047,22384,2049,
s329743364,p03866,u251104445,1502859744,C++,C++14 (GCC 5.4.1),cpp,Runtime Error,336,256,2094,
s612424298,p03866,u771306245,1502589960,C++,C++14 (GCC 5.4.1),cpp,Accepted,176,42988,2086,
s742043380,p03866,u149667584,1502573302,C++,C++14 (GCC 5.4.1),cpp,Accepted,16,8960,1906,
s765006811,p03866,u984730891,1502225661,C++,C++14 (GCC 5.4.1),cpp,Accepted,107,22768,1935,
s874091643,p03866,u138919616,1502007730,C++,C++14 (GCC 5.4.1),cpp,Accepted,13,3968,1930,
s894353307,p03866,u836644468,1501989431,C++,C++14 (GCC 5.4.1),cpp,Time Limit Exceeded,2105,17540,2494,
s145859377,p03866,u836644468,1501988493,C++,C++14 (GCC 5.4.1),cpp,Wrong Answer,2105,17540,2495,
s018180537,p03866,u152062839,1501634297,C++,C++14 (GCC 5.4.1),cpp,Accepted,1712,38512,2476,
s530315252,p03866,u152062839,1501633678,C++,C++14 (GCC 5.4.1),cpp,Time Limit Exceeded,2106,38764,2480,
s929836277,p03866,u225294260,1501512577,C++,C++14 (GCC 5.4.1),cpp,Accepted,134,1400,1423,
s454399445,p03866,u225294260,1501512528,C++,C++14 (GCC 5.4.1),cpp,Wrong Answer,133,1400,1395,
s171402302,p03866,u225294260,1501512410,C++,C++14 (GCC 5.4.1),cpp,Time Limit Exceeded,2103,1400,1311,
s199962180,p03866,u225294260,1501512218,C++,C++14 (GCC 5.4.1),cpp,Wrong Answer,109,6128,1373,
s878963430,p03866,u225294260,1501511991,C++,C++14 (GCC 5.4.1),cpp,Wrong Answer,108,5872,1363,
s382275061,p03866,u225294260,1501511792,C++,C++14 (GCC 5.4.1),cpp,Time Limit Exceeded,2103,6512,1318,
s335795273,p03866,u088901968,1501510720,C++,C++14 (GCC 5.4.1),cpp,Accepted,1323,26348,1935,
s594866528,p03866,u696668463,1501509953,C++,C++14 (GCC 5.4.1),cpp,Accepted,97,6260,1090,
s526774767,p03866,u225294260,1501509210,C++,C++14 (GCC 5.4.1),cpp,Wrong Answer,38,16128,1379,
s134911925,p03866,u225294260,1501509057,C++,C++14 (GCC 5.4.1),cpp,Wrong Answer,31,16256,1373,
s539956914,p03866,u088901968,1501508954,C++,C++14 (GCC 5.4.1),cpp,Time Limit Exceeded,2110,125440,2109,
s855266782,p03866,u225294260,1501508863,C++,C++14 (GCC 5.4.1),cpp,Wrong Answer,32,16128,1466,
s666698683,p03866,u225294260,1501508804,C++,C++14 (GCC 5.4.1),cpp,Wrong Answer,36,16128,1464,
s743682301,p03866,u225294260,1501508767,C++,C++14 (GCC 5.4.1),cpp,Wrong Answer,31,16128,1464,
s348601329,p03866,u225294260,1501508715,C++,C++14 (GCC 5.4.1),cpp,Compile Error,,,1447,
s195085109,p03866,u225294260,1501508509,C++,C++14 (GCC 5.4.1),cpp,Wrong Answer,24,8320,1418,
s539382731,p03866,u225294260,1501508404,C++,C++14 (GCC 5.4.1),cpp,Wrong Answer,20,8192,1418,
s172790066,p03866,u225294260,1501508340,C++,C++14 (GCC 5.4.1),cpp,Wrong Answer,21,8192,1418,
s611532280,p03866,u088901968,1501507678,C++,C++14 (GCC 5.4.1),cpp,Time Limit Exceeded,2110,125440,2124,
s504630384,p03866,u002843900,1501500485,C++,C++14 (GCC 5.4.1),cpp,Accepted,1033,22384,1756,
s588406601,p03866,u002843900,1501500195,C++,C++14 (GCC 5.4.1),cpp,Time Limit Exceeded,2105,22640,1786,
s929121345,p03866,u002843900,1501492595,C++,C++14 (GCC 5.4.1),cpp,Wrong Answer,7,256,1213,
s469008119,p03866,u002843900,1501492064,C++,C++14 (GCC 5.4.1),cpp,Compile Error,,,1213,
s612686818,p03866,u555577504,1501469963,C++,C++14 (GCC 5.4.1),cpp,Accepted,160,71028,1499,
s260607671,p03866,u555577504,1501469920,C++,C++14 (GCC 5.4.1),cpp,Wrong Answer,80,65024,1499,
s881923923,p03866,u555577504,1501469410,C++,C++14 (GCC 5.4.1),cpp,Accepted,169,70000,1877,
s591195607,p03866,u631007830,1501468477,C++,C++14 (GCC 5.4.1),cpp,Accepted,128,40352,13344,
s985488290,p03866,u631007830,1501467884,C++,C++14 (GCC 5.4.1),cpp,Wrong Answer,93,54708,13346,
s376441113,p03866,u631007830,1501467324,C++,C++14 (GCC 5.4.1),cpp,Wrong Answer,92,54512,13395,
s307475537,p03866,u631007830,1501467203,C++,C++14 (GCC 5.4.1),cpp,Compile Error,,,13393,
s872907146,p03866,u631007830,1501466939,C++,C++14 (GCC 5.4.1),cpp,Wrong Answer,51,26740,13394,
s545625806,p03866,u468700753,1501466015,C++,C++14 (GCC 5.4.1),cpp,Accepted,159,9964,1713,
s604322906,p03866,u945143813,1501461001,C++,C++14 (GCC 5.4.1),cpp,Accepted,395,47488,4601,
s030902316,p03866,u945143813,1501460949,C++,C++14 (GCC 5.4.1),cpp,Runtime Error,100,256,4601,
s095713088,p03866,u945143813,1501460378,C++,C++14 (GCC 5.4.1),cpp,Wrong Answer,419,47488,4511,
s865262093,p03866,u941685800,1501444379,C++,C++14 (GCC 5.4.1),cpp,Accepted,96,6276,1530,
s110405475,p03866,u469820989,1501349094,C++,C++14 (GCC 5.4.1),cpp,Accepted,548,71680,1084,
s713298903,p03866,u332570575,1500657495,C++,C++14 (GCC 5.4.1),cpp,Accepted,1166,14192,1428,
s733736862,p03866,u332570575,1500657273,C++,C++14 (GCC 5.4.1),cpp,Wrong Answer,1169,14320,1430,
s871514021,p03866,u332570575,1500657228,C++,C++14 (GCC 5.4.1),cpp,Wrong Answer,1880,24816,1559,
s236477462,p03866,u332570575,1500657095,C++,C++14 (GCC 5.4.1),cpp,Wrong Answer,1882,25328,1559,
s724604228,p03866,u332570575,1500656628,C++,C++14 (GCC 5.4.1),cpp,Wrong Answer,1879,25968,1505,
s412950693,p03866,u333917945,1500437508,C++,C++14 (GCC 5.4.1),cpp,Accepted,98,14192,1901,
s483473191,p03866,u333917945,1500437193,C++,C++14 (GCC 5.4.1),cpp,Wrong Answer,42,10356,1890,
s519438666,p03866,u333917945,1500436885,C++,C++14 (GCC 5.4.1),cpp,Wrong Answer,55,10356,1887,
s873257425,p03866,u333917945,1500436537,C++,C++14 (GCC 5.4.1),cpp,Wrong Answer,56,10356,1817,
s122458901,p03866,u333917945,1500436158,C++,C++14 (GCC 5.4.1),cpp,Wrong Answer,55,10356,1817,
s260304334,p03866,u089230684,1499983418,C++,C++14 (GCC 5.4.1),cpp,Accepted,1161,17408,1269,
s608000094,p03866,u089230684,1499982953,C++,C++14 (GCC 5.4.1),cpp,Wrong Answer,7,256,1021,
s475604017,p03866,u089230684,1499982828,C++,C++14 (GCC 5.4.1),cpp,Wrong Answer,7,256,1018,
s483322775,p03866,u089230684,1499982129,C++,C++14 (GCC 5.4.1),cpp,Accepted,1234,32768,2117,
s265355010,p03866,u804419743,1499527634,C++,C++14 (GCC 5.4.1),cpp,Accepted,98,13680,987,
s684449543,p03866,u804419743,1499527623,C++,C++14 (GCC 5.4.1),cpp,Accepted,97,14192,985,
s089382302,p03866,u089329978,1499523601,C++,C++14 (GCC 5.4.1),cpp,Accepted,592,13808,852,
s600636602,p03866,u404539993,1499521968,C++,C++14 (GCC 5.4.1),cpp,Accepted,98,13936,1274,
s775356383,p03866,u038972376,1499520824,C++,C++14 (GCC 5.4.1),cpp,Accepted,94,13680,1431,
s056413037,p03866,u056944756,1498993656,C++,C++14 (GCC 5.4.1),cpp,Accepted,17,16128,1396,
s808149717,p03866,u056944756,1498993015,C++,C++14 (GCC 5.4.1),cpp,Wrong Answer,15,16128,1349,
s689232527,p03866,u056944756,1498992931,C++,C++14 (GCC 5.4.1),cpp,Wrong Answer,13,16128,1349,
s017954648,p03866,u056944756,1498992722,C++,C++14 (GCC 5.4.1),cpp,Wrong Answer,17,16128,1370,
s164803714,p03866,u056944756,1498992668,C++,C++14 (GCC 5.4.1),cpp,Wrong Answer,13,16128,1365,
s661834691,p03866,u056944756,1498992496,C++,C++14 (GCC 5.4.1),cpp,Wrong Answer,12,16256,1360,
s657006715,p03866,u056944756,1498992431,C++,C++14 (GCC 5.4.1),cpp,Wrong Answer,12,16128,1308,
s114852837,p03866,u056944756,1498992375,C++,C++14 (GCC 5.4.1),cpp,Wrong Answer,11,16128,1305,
s524408238,p03866,u056944756,1498992355,C++,C++14 (GCC 5.4.1),cpp,Wrong Answer,11,16128,1332,
s063260050,p03866,u029876051,1497899115,C++,C++14 (GCC 5.4.1),cpp,Accepted,133,85012,1964,
s371181311,p03866,u029876051,1497898977,C++,C++14 (GCC 5.4.1),cpp,Accepted,128,85012,1914,
s556346725,p03866,u759266806,1497862696,C++,C++14 (GCC 5.4.1),cpp,Accepted,44,16128,1700,
s158257695,p03866,u282280353,1497526264,C++,C++14 (GCC 5.4.1),cpp,Accepted,15,8192,1369,
s717820835,p03866,u573800593,1496815713,C++,C++14 (GCC 5.4.1),cpp,Accepted,14,8064,1136,
s217872995,p03866,u573800593,1496814749,C++,C++14 (GCC 5.4.1),cpp,Wrong Answer,13,8064,1247,
s510805963,p03866,u870307668,1496778953,C++,C++14 (GCC 5.4.1),cpp,Accepted,115,37880,19722,
s375310432,p03866,u568652083,1496760436,C++,C++14 (GCC 5.4.1),cpp,Accepted,101,22404,2698,
s546129786,p03866,u568652083,1496759814,C++,C++14 (GCC 5.4.1),cpp,Wrong Answer,2129,1067108,2688,
s359471533,p03866,u343675824,1496345167,C++,C++14 (Clang 3.8.0),cpp,Accepted,631,13680,1884,
s828403065,p03866,u820351940,1496119729,Python,Python (3.4.3),py,Accepted,1267,3572,969,
s492862447,p03866,u820351940,1496118984,Python,Python (3.4.3),py,Time Limit Exceeded,2104,3572,1056,
s867766005,p03866,u820351940,1496116814,Python,Python (3.4.3),py,Runtime Error,2105,24500,1190,
s474168906,p03866,u703511577,1495495288,C++,C++14 (GCC 5.4.1),cpp,Accepted,20,8192,1146,
s372564064,p03866,u693386219,1495489817,C++,C++14 (GCC 5.4.1),cpp,Accepted,204,38896,3249,
s542533907,p03866,u693386219,1495489645,C++,C++14 (GCC 5.4.1),cpp,Wrong Answer,121,33152,3249,
s344913025,p03866,u033407970,1495078668,C++,C++14 (Clang 3.8.0),cpp,Accepted,10,256,1465,
s437465506,p03866,u033407970,1495078315,C++,C++14 (Clang 3.8.0),cpp,Wrong Answer,10,512,1392,
s727079300,p03866,u712165693,1494973843,Java,Java8 (OpenJDK 1.8.0),java,Wrong Answer,2109,50472,1926,
s697568236,p03866,u712165693,1494973786,Java,Java8 (OpenJDK 1.8.0),java,Wrong Answer,2109,52736,1927,
s388220631,p03866,u712165693,1494973632,Java,Java8 (OpenJDK 1.8.0),java,Wrong Answer,2109,51220,1899,
s260242238,p03866,u712165693,1494973268,Java,Java8 (OpenJDK 1.8.0),java,Wrong Answer,2112,38752,1922,
s935433166,p03866,u712165693,1494972833,Java,Java8 (OpenJDK 1.8.0),java,Wrong Answer,2109,37272,1845,
s319311183,p03866,u712165693,1494972766,Java,Java8 (OpenJDK 1.8.0),java,Runtime Error,261,30956,1845,
s781987139,p03866,u712165693,1494972380,Java,Java8 (OpenJDK 1.8.0),java,Wrong Answer,919,979840,1924,
s133311386,p03866,u712165693,1494970157,Java,Java8 (OpenJDK 1.8.0),java,Wrong Answer,2109,36972,1152,
s943895871,p03866,u712165693,1494969161,Java,Java8 (OpenJDK 1.8.0),java,Wrong Answer,2112,34892,1123,
s272849092,p03866,u159380019,1494776758,C++,C++14 (GCC 5.4.1),cpp,Accepted,1042,22768,1645,
s649027301,p03866,u159380019,1494776643,C++,C++14 (GCC 5.4.1),cpp,Wrong Answer,2107,42796,1719,
s809837512,p03866,u159380019,1494776503,C++,C++14 (GCC 5.4.1),cpp,Wrong Answer,1037,22512,1651,
s321262877,p03866,u159380019,1494711194,C++,C++14 (GCC 5.4.1),cpp,Wrong Answer,1034,22512,1676,
s412501958,p03866,u159380019,1494711123,C++,C++14 (GCC 5.4.1),cpp,Wrong Answer,1039,22512,1660,
s350541675,p03866,u033407970,1494710952,Python,Python (3.4.3),py,Time Limit Exceeded,2109,21076,811,
s716912930,p03866,u159380019,1494710438,C++,C++14 (GCC 5.4.1),cpp,Wrong Answer,1034,22640,1668,
s224957602,p03866,u159380019,1494710339,C++,C++14 (GCC 5.4.1),cpp,Wrong Answer,1048,22512,1635,
s994897739,p03866,u033407970,1494710104,Python,Python (3.4.3),py,Wrong Answer,2109,20708,772,
s285314312,p03866,u159380019,1494709430,C++,C++14 (GCC 5.4.1),cpp,Wrong Answer,1036,22640,1660,
s296163772,p03866,u159380019,1494709263,C++,C++14 (GCC 5.4.1),cpp,Wrong Answer,1033,22000,1650,
s991562026,p03866,u159380019,1494709125,C++,C++14 (GCC 5.4.1),cpp,Wrong Answer,1013,22640,1660,
s761799004,p03866,u159380019,1494708542,C++,C++14 (GCC 5.4.1),cpp,Wrong Answer,1037,22768,1642,
s215054210,p03866,u159380019,1494708220,C++,C++14 (GCC 5.4.1),cpp,Wrong Answer,1033,22276,1623,
s519433497,p03866,u159380019,1494707835,C++,C++14 (GCC 5.4.1),cpp,Wrong Answer,1041,22768,1601,
s775289942,p03866,u159380019,1494705183,Python,Python (3.4.3),py,Time Limit Exceeded,2117,209500,1018,
s118317469,p03866,u249381466,1494615212,C++,C++14 (Clang 3.8.0),cpp,Wrong Answer,8,8192,1488,
s465667972,p03866,u249381466,1494614937,C++,C++14 (Clang 3.8.0),cpp,Wrong Answer,2104,4352,1474,
s087695031,p03866,u194412908,1494563133,C++,C++14 (GCC 5.4.1),cpp,Accepted,142,10480,2080,
s775586601,p03866,u194412908,1494563009,C++,C++14 (GCC 5.4.1),cpp,Wrong Answer,47,384,2012,
s776643797,p03866,u194412908,1494562648,C++,C++14 (GCC 5.4.1),cpp,Wrong Answer,92,384,2019,
s944395173,p03866,u194412908,1494562588,C++,C++14 (GCC 5.4.1),cpp,Wrong Answer,86,512,2020,
s887804045,p03866,u194412908,1494562436,C++,C++14 (GCC 5.4.1),cpp,Wrong Answer,85,512,2019,
s072606004,p03866,u194412908,1494562343,C++,C++14 (GCC 5.4.1),cpp,Wrong Answer,87,512,2012,
s968294390,p03866,u194412908,1494562191,C++,C++14 (GCC 5.4.1),cpp,Wrong Answer,2103,384,2017,
s151116659,p03866,u755830696,1494506246,C++,C++14 (GCC 5.4.1),cpp,Accepted,94,13552,1706,
s511101818,p03866,u755830696,1494506125,C++,C++14 (GCC 5.4.1),cpp,Wrong Answer,96,13936,1685,
s711966255,p03866,u107077660,1494301956,Python,PyPy3 (2.4.0),py,Time Limit Exceeded,2110,120796,868,
s852433866,p03866,u107077660,1494301881,Python,Python (3.4.3),py,Time Limit Exceeded,2107,42980,868,
s487949675,p03866,u107077660,1494301365,Python,Python (3.4.3),py,Time Limit Exceeded,2106,43240,904,
s959422045,p03866,u205655980,1493123550,C++,C++14 (GCC 5.4.1),cpp,Accepted,219,35048,1834,
s892000164,p03866,u205655980,1493077383,C++,C++14 (GCC 5.4.1),cpp,Wrong Answer,229,35068,1830,
s416844021,p03866,u205655980,1493077324,C++,C++14 (GCC 5.4.1),cpp,Compile Error,,,1830,
s480879175,p03866,u468700753,1492976382,C++,C++14 (Clang 3.8.0),cpp,Wrong Answer,2108,15872,1347,
s107367410,p03866,u468700753,1492975960,C++,C++14 (GCC 5.4.1),cpp,Wrong Answer,2104,15872,1347,
s167702121,p03866,u785421275,1492052676,C++,C++14 (GCC 5.4.1),cpp,Accepted,96,14064,1460,
s789572667,p03866,u986399983,1492047484,C++,C++14 (GCC 5.4.1),cpp,Wrong Answer,78,36756,1728,
s775665234,p03866,u535773602,1491642351,C++,C++14 (GCC 5.4.1),cpp,Accepted,162,32512,2217,
s660904214,p03866,u535773602,1491641816,C++,C++14 (GCC 5.4.1),cpp,Wrong Answer,165,32512,2151,
s597935785,p03866,u535773602,1491641277,C++,C++14 (GCC 5.4.1),cpp,Wrong Answer,156,32512,2378,
s452585907,p03866,u535773602,1491641151,C++,C++14 (GCC 5.4.1),cpp,Wrong Answer,122,16384,2397,
s383818382,p03866,u535773602,1491640563,C++,C++14 (GCC 5.4.1),cpp,Wrong Answer,122,16384,2390,
s727676005,p03866,u535773602,1491640452,C++,C++14 (GCC 5.4.1),cpp,Wrong Answer,50,16384,2388,
s157433847,p03866,u844177429,1491536722,C++,C++14 (GCC 5.4.1),cpp,Accepted,109,22512,1763,
s119438247,p03866,u917944707,1491161974,C++,C++14 (GCC 5.4.1),cpp,Accepted,114,22384,3077,
s815062564,p03866,u105791541,1490907902,C++,C++14 (GCC 5.4.1),cpp,Accepted,98,6256,1343,
s958408600,p03866,u105791541,1490907091,C++,C++14 (GCC 5.4.1),cpp,Accepted,97,5616,1336,
s199054664,p03866,u105791541,1490907046,C++,C++14 (GCC 5.4.1),cpp,Wrong Answer,25,1400,1335,
s380569484,p03866,u105791541,1490906974,C++,C++14 (GCC 5.4.1),cpp,Wrong Answer,2,256,1336,
s025793234,p03866,u105791541,1490906766,C++,C++14 (GCC 5.4.1),cpp,Wrong Answer,25,1400,1342,
s527548686,p03866,u105791541,1490906713,C++,C++14 (GCC 5.4.1),cpp,Time Limit Exceeded,2105,526548,1342,
s016770303,p03866,u105791541,1490906343,C++,C++14 (GCC 5.4.1),cpp,Wrong Answer,2107,1050448,1333,
s251096807,p03866,u105791541,1490906073,C++,C++14 (GCC 5.4.1),cpp,Wrong Answer,2104,264152,1332,
s284907478,p03866,u105791541,1490905854,C++,C++14 (GCC 5.4.1),cpp,Wrong Answer,2107,263512,1292,
s447385615,p03866,u105791541,1490901042,C++,C++14 (GCC 5.4.1),cpp,Wrong Answer,2109,1065680,1447,
s554577952,p03866,u105791541,1490899647,C++,C++14 (GCC 5.4.1),cpp,Wrong Answer,2112,1067088,1467,
s271228693,p03866,u249955257,1490509161,C++,C++11 (GCC 4.8.1),cpp,Accepted,96,18712,4399,
s235338065,p03866,u249955257,1490509065,C++,C++11 (GCC 4.8.1),cpp,Wrong Answer,23,8976,4392,
s715372613,p03866,u249955257,1490508944,C++,C++11 (GCC 4.8.1),cpp,Wrong Answer,23,8976,4391,
s976296729,p03866,u142451063,1489731020,C++,C++14 (GCC 5.4.1),cpp,Accepted,114,22676,1650,
s690670923,p03866,u142451063,1489730885,C++,C++14 (GCC 5.4.1),cpp,Runtime Error,123,16640,1649,
s512763138,p03866,u764058295,1489726206,C++,C++14 (GCC 5.4.1),cpp,Accepted,135,38384,2259,
s681281135,p03866,u764058295,1489725844,C++,C++14 (GCC 5.4.1),cpp,Wrong Answer,132,38512,2136,
s005902118,p03866,u145123922,1489473265,Ruby,Ruby (2.3.3),rb,Accepted,468,4220,1094,
s737636921,p03866,u145123922,1489471803,Ruby,Ruby (2.3.3),rb,Wrong Answer,591,2300,1170,
s350511816,p03866,u145123922,1489471374,Ruby,Ruby (2.3.3),rb,Wrong Answer,544,2428,1114,
s873528997,p03866,u145123922,1489471099,Ruby,Ruby (2.3.3),rb,Runtime Error,536,3836,1102,
s641334501,p03866,u145123922,1489470983,Ruby,Ruby (2.3.3),rb,Runtime Error,551,4220,1100,
s385212752,p03866,u145123922,1489470272,Ruby,Ruby (2.3.3),rb,Wrong Answer,546,3964,1053,
s501219996,p03866,u145123922,1489469762,Ruby,Ruby (2.3.3),rb,Wrong Answer,360,4220,1074,
s286063510,p03866,u145123922,1489469281,Ruby,Ruby (2.3.3),rb,Wrong Answer,993,2300,1059,
s409228160,p03866,u145123922,1489469243,C++,C++14 (GCC 5.4.1),cpp,Compile Error,,,1059,
s924300842,p03866,u098930106,1489215290,C++,C++14 (GCC 5.4.1),cpp,Accepted,16,8192,1168,
s415759893,p03866,u098930106,1489215246,C++,C++14 (GCC 5.4.1),cpp,Accepted,18,16128,1174,
s951159602,p03866,u098930106,1489215195,C++,C++14 (GCC 5.4.1),cpp,Wrong Answer,27,16128,1176,
s156497599,p03866,u098930106,1489214950,C++,C++14 (GCC 5.4.1),cpp,Wrong Answer,13,8192,1170,
s870657877,p03866,u098930106,1489214631,C++,C++14 (GCC 5.4.1),cpp,Time Limit Exceeded,2104,8192,1135,
s987108819,p03866,u098930106,1489214468,C++,C++14 (GCC 5.4.1),cpp,Time Limit Exceeded,2106,1067252,1352,
s097274997,p03866,u533606242,1489109772,C++,C++14 (GCC 5.4.1),cpp,Accepted,1556,17024,1986,
s868842979,p03866,u533606242,1489109662,C++,C++14 (GCC 5.4.1),cpp,Wrong Answer,1614,17024,1967,
s418952452,p03866,u533606242,1489109433,C++,C++14 (GCC 5.4.1),cpp,Wrong Answer,1092,9088,2002,
s483436227,p03866,u332619970,1489074994,C++,C++14 (GCC 5.4.1),cpp,Accepted,10,256,1068,
s763557184,p03866,u895971408,1488942824,C++,C++14 (GCC 5.4.1),cpp,Accepted,111,26496,3464,
s628923981,p03866,u483814783,1488578111,C++,C++14 (GCC 5.4.1),cpp,Accepted,152,10604,1671,
s803536411,p03866,u456611841,1487909924,C++,C++14 (GCC 5.4.1),cpp,Accepted,151,38452,1130,
s804455658,p03866,u456611841,1487909668,C++,C++14 (GCC 5.4.1),cpp,Time Limit Exceeded,2109,1082868,1142,
s820059859,p03866,u100442156,1487647839,C++,C++14 (GCC 5.4.1),cpp,Accepted,8,256,1110,
s310165260,p03866,u100442156,1487647663,C++,C++14 (GCC 5.4.1),cpp,Wrong Answer,5,256,1104,
s891577540,p03866,u100442156,1487647231,C++,C++14 (GCC 5.4.1),cpp,Wrong Answer,3,256,1018,
s312661627,p03866,u100442156,1487647009,C++,C++14 (GCC 5.4.1),cpp,Wrong Answer,3,256,1018,
s137565430,p03866,u509674552,1487432795,C++,C++14 (GCC 5.4.1),cpp,Accepted,106,22128,1322,
s280073977,p03866,u828706986,1486797498,C++,C++14 (GCC 5.4.1),cpp,Accepted,338,80616,20646,
s606160568,p03866,u848983424,1486791309,C++,C++14 (GCC 5.4.1),cpp,Accepted,105,4464,1232,
s545653606,p03866,u837745858,1486140767,C++,C++14 (GCC 5.4.1),cpp,Accepted,37,8192,924,
s221002548,p03866,u016612263,1485899941,C++,C++14 (GCC 5.4.1),cpp,Accepted,206,24300,1097,
s371395295,p03866,u016612263,1485899759,C++,C++14 (GCC 5.4.1),cpp,Wrong Answer,25,9208,1057,
s422134855,p03866,u588568850,1485769096,C++,C++14 (GCC 5.4.1),cpp,Accepted,241,40812,2440,
s884840476,p03866,u588568850,1485768918,C++,C++14 (GCC 5.4.1),cpp,Wrong Answer,114,36720,2439,
s113148100,p03866,u588568850,1485768589,C++,C++14 (GCC 5.4.1),cpp,Wrong Answer,112,36740,2532,
s136282088,p03866,u588568850,1485768303,C++,C++14 (GCC 5.4.1),cpp,Wrong Answer,215,69364,2516,
s114716104,p03866,u650337189,1485583978,C++,C++14 (GCC 5.4.1),cpp,Accepted,171,8556,1750,
s053429605,p03866,u703999673,1485064832,C++,C++14 (GCC 5.4.1),cpp,Accepted,112,12420,2390,
s575223980,p03866,u782025294,1484798649,Python,Python (3.4.3),py,Accepted,1634,54004,1157,
s686020553,p03866,u782025294,1484798038,Python,Python (3.4.3),py,Wrong Answer,56,5236,1352,
s260421633,p03866,u782025294,1484794942,Python,Python (3.4.3),py,Wrong Answer,1035,54516,1101,
s122771007,p03866,u782025294,1484794536,Python,Python (3.4.3),py,Wrong Answer,999,54516,1099,
s560623820,p03866,u107077660,1484442388,Python,PyPy3 (2.4.0),py,Time Limit Exceeded,2110,135816,858,
s479291980,p03866,u107077660,1484441676,Python,Python (3.4.3),py,Time Limit Exceeded,2108,93300,858,
s697153569,p03866,u107077660,1484441072,Python,Python (3.4.3),py,Wrong Answer,2108,93300,859,
s769699582,p03866,u107077660,1484436807,Python,Python (3.4.3),py,Time Limit Exceeded,2109,105076,901,
s522861926,p03866,u132291455,1484421857,C++,C++14 (Clang 3.8.0),cpp,Accepted,1868,20756,1348,
s880095313,p03866,u132291455,1484421746,C++,C++14 (Clang 3.8.0),cpp,Wrong Answer,639,18712,1346,
s322368418,p03866,u132291455,1484421577,C++,C++14 (Clang 3.8.0),cpp,Wrong Answer,421,36976,1379,
s829532211,p03866,u132291455,1484421289,C++,C++14 (Clang 3.8.0),cpp,Wrong Answer,638,18712,1367,
s703071941,p03866,u132291455,1484421191,C++,C++14 (Clang 3.8.0),cpp,Wrong Answer,640,18712,1367,
s345604657,p03866,u132291455,1484421089,C++,C++14 (Clang 3.8.0),cpp,Wrong Answer,626,18584,1367,
s003565794,p03866,u132291455,1484419990,C++,C++14 (Clang 3.8.0),cpp,Wrong Answer,146,16512,1258,
s861786654,p03866,u132291455,1484419275,C++,C++14 (Clang 3.8.0),cpp,Time Limit Exceeded,2103,16640,1299,
s776396154,p03866,u410172912,1484254280,C++,C++14 (GCC 5.4.1),cpp,Accepted,18,8064,575,
s412208162,p03866,u504103417,1484168943,C++,C++14 (GCC 5.4.1),cpp,Accepted,1101,20592,1132,
s571798204,p03866,u504103417,1484168690,C++,C++14 (GCC 5.4.1),cpp,Time Limit Exceeded,2105,40684,1157,
s443391360,p03866,u504103417,1484168651,C++,C++14 (GCC 5.4.1),cpp,Time Limit Exceeded,2188,1006416,1163,
s855484985,p03866,u504103417,1484168552,C++,C++14 (GCC 5.4.1),cpp,Time Limit Exceeded,2107,40684,1149,
s503437096,p03866,u455505352,1483780512,Python,Python (3.4.3),py,Time Limit Exceeded,2105,36040,827,
s138722661,p03866,u455505352,1483780044,Python,Python (3.4.3),py,Time Limit Exceeded,2105,36020,830,
s347608045,p03866,u455505352,1483779582,Python,Python (3.4.3),py,Time Limit Exceeded,2105,36060,829,
s384906472,p03866,u455505352,1483778819,Python,Python (3.4.3),py,Time Limit Exceeded,2091,35972,835,
s372881467,p03866,u455505352,1483777133,Python,Python (3.4.3),py,Time Limit Exceeded,2106,29692,912,
s526124194,p03866,u953484888,1483718937,C++,C++14 (GCC 5.4.1),cpp,Accepted,46,19200,1523,
s249281368,p03866,u307578234,1483662653,C++,C++14 (GCC 5.4.1),cpp,Accepted,21,8192,2426,
s484896960,p03866,u910288980,1483588052,C++,C++14 (GCC 5.4.1),cpp,Accepted,1016,8192,2131,
s601941281,p03866,u910288980,1483587936,C++,C++14 (GCC 5.4.1),cpp,Wrong Answer,1008,8192,2131,
s698100143,p03866,u965174248,1483346086,D,D (LDC 0.17.0),d,Accepted,53,16508,6824,
s220309684,p03866,u965174248,1483345697,D,D (LDC 0.17.0),d,Accepted,54,16508,7013,
s184880005,p03866,u965174248,1483337551,D,D (LDC 0.17.0),d,Compile Error,,,5124,
s566073147,p03866,u612088391,1482990887,C++,C++14 (GCC 5.4.1),cpp,Accepted,305,23780,1100,
s090666155,p03866,u612088391,1482990598,C++,C++14 (GCC 5.4.1),cpp,Time Limit Exceeded,2110,78048,1047,
s987916494,p03866,u852779327,1482859496,Java,Java8 (OpenJDK 1.8.0),java,Accepted,422,38680,7675,
s685617219,p03866,u495319009,1482362449,C++,C++14 (GCC 5.4.1),cpp,Accepted,133,20740,1080,
s171061567,p03866,u495319009,1482361505,C++,C++14 (GCC 5.4.1),cpp,Accepted,227,41104,1242,
s437197557,p03866,u495319009,1482360912,C++,C++14 (GCC 5.4.1),cpp,Wrong Answer,133,33024,1225,
s630523928,p03866,u495319009,1482360551,C++,C++14 (GCC 5.4.1),cpp,Wrong Answer,143,33024,1239,
s538784613,p03866,u495319009,1482359404,C++,C++14 (GCC 5.4.1),cpp,Wrong Answer,355,33024,1204,
s147263519,p03866,u495319009,1482359110,C++,C++14 (GCC 5.4.1),cpp,Wrong Answer,2107,32768,1167,
s184255333,p03866,u360564214,1482287754,C++,C++14 (GCC 5.4.1),cpp,Accepted,1170,20208,1978,
s787106604,p03866,u360564214,1482286013,C++,C++14 (GCC 5.4.1),cpp,Time Limit Exceeded,2075,17144,1916,
s973731533,p03866,u360564214,1482285791,C++,C++14 (GCC 5.4.1),cpp,Time Limit Exceeded,2090,17144,1741,
s601765305,p03866,u360564214,1482285044,C++,C++14 (GCC 5.4.1),cpp,Wrong Answer,64,16000,1699,
s126565735,p03866,u221758210,1482119457,C++,C++14 (GCC 5.4.1),cpp,Accepted,109,4592,4667,
s917944753,p03866,u509661905,1482104738,Python,Python (3.4.3),py,Accepted,1383,35956,1533,
s387448089,p03866,u509661905,1482104161,Python,PyPy3 (2.4.0),py,Runtime Error,404,74844,1531,
s969572963,p03866,u254993344,1481666151,C++,C++14 (GCC 5.4.1),cpp,Accepted,14,256,1299,
s192175327,p03866,u254993344,1481663079,C++,C++14 (GCC 5.4.1),cpp,Wrong Answer,17,256,1291,
s562083462,p03866,u648138491,1481654110,C++,C++14 (GCC 5.4.1),cpp,Accepted,9,256,771,
s476964183,p03866,u748871552,1481566247,C++,C++14 (GCC 5.4.1),cpp,Accepted,63,384,2178,
s398352835,p03866,u568344360,1481500489,C++,C++14 (GCC 5.4.1),cpp,Accepted,98,32640,2583,
s549219941,p03866,u834771741,1481489167,C++,C++14 (GCC 5.4.1),cpp,Accepted,168,24848,2027,
s470570700,p03866,u842401785,1481456953,C++,C++14 (GCC 5.4.1),cpp,Accepted,128,20720,2191,
s734679903,p03866,u842401785,1481455507,C++,C++14 (GCC 5.4.1),cpp,Wrong Answer,37,16640,2155,
s347158956,p03866,u842401785,1481445057,C++,C++14 (GCC 5.4.1),cpp,Accepted,156,40172,2288,
s760574050,p03866,u636185144,1481430608,C++,C++14 (GCC 5.4.1),cpp,Accepted,13,384,1851,
s870445702,p03866,u283229916,1481397175,C++,C++14 (GCC 5.4.1),cpp,Accepted,132,24704,1806,
s893687641,p03866,u466917094,1481349566,C++,C++14 (GCC 5.4.1),cpp,Accepted,13,384,1437,
s168002599,p03866,u845152373,1481348604,C++,C++14 (GCC 5.4.1),cpp,Accepted,619,12404,1637,
s318875259,p03866,u845152373,1481348500,C++,C++14 (GCC 5.4.1),cpp,Wrong Answer,76,9212,1630,
s667157209,p03866,u986399983,1481338509,C++,C++14 (GCC 5.4.1),cpp,Wrong Answer,80,20592,2031,
s971979327,p03866,u986399983,1481338243,C++,C++14 (GCC 5.4.1),cpp,Wrong Answer,82,20592,2045,
s983548918,p03866,u986399983,1481337633,C++,C++14 (GCC 5.4.1),cpp,Wrong Answer,49,16512,2528,
s880451127,p03866,u540438381,1481317976,C++,C++14 (GCC 5.4.1),cpp,Accepted,186,24704,3702,
s063796415,p03866,u077929943,1481315085,C++,C++14 (GCC 5.4.1),cpp,Accepted,115,12400,890,
s667193454,p03866,u540438381,1481305897,C++,C++14 (GCC 5.4.1),cpp,Wrong Answer,186,24704,3641,
s248445381,p03866,u835482198,1481283436,Python,Python (3.4.3),py,Wrong Answer,2107,64560,1830,
s007790941,p03866,u714564133,1481256175,C++,C++14 (GCC 5.4.1),cpp,Accepted,11,256,1098,
s980194700,p03866,u714564133,1481254971,C++,C++14 (GCC 5.4.1),cpp,Time Limit Exceeded,2103,4352,1181,
s498237464,p03866,u714564133,1481254222,C++,C++14 (GCC 5.4.1),cpp,Time Limit Exceeded,2125,437468,1147,
s945508464,p03866,u061996193,1481251059,Java,Java8 (OpenJDK 1.8.0),java,Accepted,612,50776,1582,
s966283295,p03866,u107077660,1481244622,Python,Python (3.4.3),py,Time Limit Exceeded,2110,83652,855,
s725973637,p03866,u625998290,1481238284,C++,C++14 (GCC 5.4.1),cpp,Accepted,112,12404,1373,
s840674711,p03866,u625998290,1481238130,C++,C++14 (GCC 5.4.1),cpp,Wrong Answer,112,12404,1371,
s896094075,p03866,u107077660,1481237115,Python,Python (3.4.3),py,Time Limit Exceeded,2110,77804,828,
s616357197,p03866,u987808201,1481223604,C++,C++14 (Clang 3.8.0),cpp,Accepted,22,8192,1490,
s130023499,p03866,u987808201,1481222713,C++,C++14 (Clang 3.8.0),cpp,Wrong Answer,23,8192,1472,
s139246896,p03866,u987808201,1481222428,C++,C++14 (Clang 3.8.0),cpp,Wrong Answer,27,8192,1438,
s372424558,p03866,u987808201,1481221667,C++,C++14 (Clang 3.8.0),cpp,Wrong Answer,32,8064,1435,
s866002215,p03866,u987808201,1481221118,C++,C++14 (Clang 3.8.0),cpp,Wrong Answer,33,8064,1354,
s817800615,p03866,u657930597,1481201154,C++,C++14 (GCC 5.4.1),cpp,Accepted,202,29292,1275,
s300062988,p03866,u079603018,1481181246,C++,C++14 (GCC 5.4.1),cpp,Wrong Answer,1131,20884,2851,
s421498065,p03866,u079603018,1481181124,C++,C++14 (GCC 5.4.1),cpp,Accepted,44,16640,3462,
s793770338,p03866,u079603018,1481180957,C++,C++14 (GCC 5.4.1),cpp,Wrong Answer,39,16640,3451,
s524691420,p03866,u647100698,1481160969,C++,C++14 (GCC 5.4.1),cpp,Accepted,112,16364,980,
s381032401,p03866,u079603018,1481160642,C++,C++14 (GCC 5.4.1),cpp,Wrong Answer,41,16640,3395,
s706925364,p03866,u079603018,1481158918,C++,C++14 (GCC 5.4.1),cpp,Wrong Answer,1126,20884,2821,
s443808680,p03866,u079603018,1481158119,C++,C++14 (GCC 5.4.1),cpp,Wrong Answer,1117,20884,2820,
s558400285,p03866,u987808201,1481154120,C++,C++14 (GCC 5.4.1),cpp,Wrong Answer,39,8064,1354,
s461576360,p03866,u987808201,1481153979,C++,C++14 (GCC 5.4.1),cpp,Wrong Answer,38,8064,1354,
s522479737,p03866,u987808201,1481152080,C++,C++14 (GCC 5.4.1),cpp,Runtime Error,163,8064,1364,
s486225633,p03866,u987808201,1481147314,C++,C++14 (GCC 5.4.1),cpp,Wrong Answer,2103,8064,1065,
s084789580,p03866,u387013436,1481128512,C#,C# (Mono 4.6.2.0),cs,Accepted,296,51008,4239,
s648805019,p03866,u798441421,1481109915,C++,C++14 (GCC 5.4.1),cpp,Wrong Answer,117,17656,1653,
s355024354,p03866,u798441421,1481109829,C++,C++14 (GCC 5.4.1),cpp,Compile Error,,,1654,
s020070769,p03866,u798441421,1481109317,C++,C++14 (GCC 5.4.1),cpp,Wrong Answer,122,17528,1628,
s495952215,p03866,u798441421,1481109194,C++,C++14 (GCC 5.4.1),cpp,Wrong Answer,118,17656,1625,
s177899420,p03866,u798441421,1481109160,C++,C++14 (GCC 5.4.1),cpp,Wrong Answer,116,17656,1625,
s768152239,p03866,u387013436,1481095637,C#,C# (Mono 4.6.2.0),cs,Wrong Answer,163,48064,4238,
s751631724,p03866,u179838042,1481095444,C++,C++14 (GCC 5.4.1),cpp,Accepted,912,23060,1974,
s249460635,p03866,u387013436,1481093641,C#,C# (Mono 4.6.2.0),cs,Wrong Answer,165,47552,4305,
s105531971,p03866,u387013436,1481092465,C#,C# (Mono 4.6.2.0),cs,Wrong Answer,164,47552,4258,
s097018371,p03866,u344425917,1481068202,C++,C++14 (GCC 5.4.1),cpp,Accepted,127,20592,1919,
s930789098,p03866,u344425917,1481068166,C++,C++14 (GCC 5.4.1),cpp,Compile Error,,,1223,
s413962926,p03866,u387876802,1481065357,C++,C++14 (GCC 5.4.1),cpp,Accepted,128,20740,1599,
s780931354,p03866,u165551604,1481061706,C++,C++14 (GCC 5.4.1),cpp,Accepted,106,4464,1278,
s469923662,p03866,u714564133,1481061209,C++,C++14 (GCC 5.4.1),cpp,Accepted,125,20720,1489,
s861632845,p03866,u165551604,1481060748,C++,C++14 (GCC 5.4.1),cpp,Wrong Answer,202,32768,1488,
s711456139,p03866,u165551604,1481059237,C++,C++14 (GCC 5.4.1),cpp,Wrong Answer,64,16512,1442,
s821405834,p03866,u854685751,1481059215,Python,PyPy2 (5.6.0),py,Runtime Error,49,9328,1773,
s697575323,p03866,u948424648,1481058086,C++,C++14 (GCC 5.4.1),cpp,Wrong Answer,12,128,1915,
s433348333,p03866,u612341606,1481057870,C++,C++14 (GCC 5.4.1),cpp,Accepted,212,40812,2834,
s844626198,p03866,u612341606,1481057788,C++,C++14 (GCC 5.4.1),cpp,Wrong Answer,113,36756,2845,
s797653371,p03866,u948424648,1481057714,C++,C++14 (GCC 5.4.1),cpp,Wrong Answer,12,128,1913,
s514891672,p03866,u612341606,1481057593,C++,C++14 (GCC 5.4.1),cpp,Wrong Answer,96,36720,2832,
s251022967,p03866,u500496457,1481056531,C++,C++14 (Clang 3.8.0),cpp,Accepted,33,8192,1939,
s033659175,p03866,u500496457,1481054876,C++,C++14 (Clang 3.8.0),cpp,Accepted,1490,8192,1633,
s982269790,p03866,u462245639,1481051624,C++,C++14 (GCC 5.4.1),cpp,Accepted,125,20720,2852,
s710703172,p03866,u568652083,1481051476,C++,C++14 (GCC 5.4.1),cpp,Accepted,419,18548,2456,
s603123618,p03866,u500496457,1481048244,C++,C++14 (Clang 3.8.0),cpp,Accepted,138,20720,2168,
s689185708,p03866,u044638166,1481048043,C++,C++14 (GCC 5.4.1),cpp,Accepted,672,12272,1960,
s092504691,p03866,u500496457,1481043093,C++,C++14 (Clang 3.8.0),cpp,Wrong Answer,52,16640,2149,
s757796944,p03866,u500496457,1481042789,C++,C++14 (Clang 3.8.0),cpp,Wrong Answer,47,16700,2152,
s401936772,p03866,u387013436,1481025875,C#,C# (Mono 4.6.2.0),cs,Accepted,71,11096,2266,
s224976026,p03866,u122451018,1481019656,C++,C++14 (GCC 5.4.1),cpp,Accepted,21,8064,2163,
s041491175,p03866,u572012381,1481010722,C++,C++14 (GCC 5.4.1),cpp,Accepted,112,12404,2542,
s303120281,p03866,u572012381,1481009934,C++,C++14 (GCC 5.4.1),cpp,Accepted,17,384,2475,
s541990969,p03866,u572012381,1481009590,C++,C++14 (GCC 5.4.1),cpp,Wrong Answer,18,256,2440,
s350815173,p03866,u572012381,1481009283,C++,C++14 (GCC 5.4.1),cpp,Wrong Answer,18,256,2480,
s980186718,p03866,u572012381,1481009160,C++,C++14 (GCC 5.4.1),cpp,Wrong Answer,18,384,2447,
s349669358,p03866,u572012381,1481008675,C++,C++14 (GCC 5.4.1),cpp,Wrong Answer,16,256,2479,
s743084606,p03866,u500496457,1481006947,C++,C++14 (Clang 3.8.0),cpp,Wrong Answer,311,16512,2056,
s066479340,p03866,u180407835,1481002285,Java,Java8 (OpenJDK 1.8.0),java,Accepted,513,52804,9053,
s490981889,p03866,u180407835,1481002143,Java,Java8 (OpenJDK 1.8.0),java,Accepted,1545,52228,8961,
s328461899,p03866,u002023395,1480996920,C++,C++14 (GCC 5.4.1),cpp,Accepted,22,8192,1024,
s065140026,p03866,u213117974,1480996287,Java,Java8 (OpenJDK 1.8.0),java,Accepted,478,37684,1980,
s912207999,p03866,u213117974,1480996036,Java,Java8 (OpenJDK 1.8.0),java,Wrong Answer,486,38568,2112,
s146192045,p03866,u981966125,1480995662,C++,C++14 (GCC 5.4.1),cpp,Accepted,228,33780,1544,
s040587808,p03866,u049095189,1480994548,Ruby,Ruby (2.3.3),rb,Accepted,438,1916,536,
s836583562,p03866,u451748673,1480994373,C++,C++14 (GCC 5.4.1),cpp,Accepted,114,12528,1726,
s320039609,p03866,u451748673,1480993598,C++,C++14 (GCC 5.4.1),cpp,Wrong Answer,36,8192,1711,
s690159022,p03866,u280667879,1480987916,C,C (GCC 5.4.1),c,Accepted,1875,8064,370,
s695068011,p03866,u280667879,1480987884,C,C (GCC 5.4.1),c,Wrong Answer,1875,8192,368,
s254546163,p03866,u886956383,1480984865,C++,C++14 (GCC 5.4.1),cpp,Accepted,220,40976,1831,
s640671478,p03866,u526532903,1480984772,C++,C++14 (GCC 5.4.1),cpp,Accepted,636,12412,9685,
s783547591,p03866,u886956383,1480984687,C++,C++14 (GCC 5.4.1),cpp,Wrong Answer,112,36884,1831,
s271594678,p03866,u526532903,1480984425,C++,C++14 (GCC 5.4.1),cpp,Wrong Answer,633,12540,9679,
s434805566,p03866,u526532903,1480983830,C++,C++14 (GCC 5.4.1),cpp,Wrong Answer,624,12412,9647,
s698559689,p03866,u526532903,1480983673,C++,C++14 (GCC 5.4.1),cpp,Wrong Answer,35,8192,9646,
s783263799,p03866,u526532903,1480983604,C++,C++14 (GCC 5.4.1),cpp,Wrong Answer,224,10368,9647,
s221133716,p03866,u526532903,1480983499,C++,C++14 (GCC 5.4.1),cpp,Wrong Answer,68,9220,9643,
s385919797,p03866,u859125915,1480983406,C++,C++14 (GCC 5.4.1),cpp,Accepted,134,16492,1195,
s759418494,p03866,u859125915,1480983318,C++,C++14 (GCC 5.4.1),cpp,Wrong Answer,52,16492,1195,
s587231665,p03866,u859125915,1480983285,C++,C++14 (GCC 5.4.1),cpp,Wrong Answer,121,384,1193,
s363421120,p03866,u526532903,1480981905,C++,C++14 (GCC 5.4.1),cpp,Wrong Answer,70,9220,9661,
s610064621,p03866,u733809893,1480978971,C++,C++14 (GCC 5.4.1),cpp,Accepted,1687,32768,1382,
s828499221,p03866,u057443614,1480978673,C++,C++14 (GCC 5.4.1),cpp,Wrong Answer,110,4476,2561,
s390235158,p03866,u733809893,1480978404,C++,C++14 (GCC 5.4.1),cpp,Time Limit Exceeded,2108,65280,1408,
s568258552,p03866,u057443614,1480976596,C++,C++14 (GCC 5.4.1),cpp,Wrong Answer,104,4476,2607,
s531140463,p03866,u478808605,1480976198,C++,C++14 (GCC 5.4.1),cpp,Wrong Answer,178,24300,1811,
s105422556,p03866,u478808605,1480976172,C++,C++14 (GCC 5.4.1),cpp,Wrong Answer,149,24300,1827,
s973046887,p03866,u478808605,1480975836,C++,C++14 (GCC 5.4.1),cpp,Wrong Answer,113,384,1623,
s742665764,p03866,u478808605,1480975733,C++,C++14 (GCC 5.4.1),cpp,Time Limit Exceeded,2102,25856,1623,
s105895275,p03866,u999979585,1480974248,C++,C++14 (GCC 5.4.1),cpp,Accepted,29,8192,1543,
s013445404,p03866,u999979585,1480973957,C++,C++14 (GCC 5.4.1),cpp,Accepted,27,8192,1543,
s245411259,p03866,u057443614,1480973713,C++,C++14 (GCC 5.4.1),cpp,Wrong Answer,104,4476,2601,
s284125990,p03866,u805114384,1480972414,C++,C++14 (GCC 5.4.1),cpp,Accepted,787,12400,2401,
s527315677,p03866,u207056619,1480970528,C++,C++14 (GCC 5.4.1),cpp,Accepted,39,16384,1548,
s588104258,p03866,u119460590,1480967386,C++,C++14 (GCC 5.4.1),cpp,Accepted,216,40704,3345,
s200906438,p03866,u119460590,1480967208,C++,C++14 (GCC 5.4.1),cpp,Wrong Answer,214,40704,3339,
s103051289,p03866,u119460590,1480967074,C++,C++14 (GCC 5.4.1),cpp,Wrong Answer,216,40704,3325,
s201095205,p03866,u119460590,1480966959,C++,C++14 (GCC 5.4.1),cpp,Wrong Answer,2154,969188,3331,
s941063823,p03866,u119460590,1480966672,C++,C++14 (GCC 5.4.1),cpp,Wrong Answer,2154,955492,3355,
s205030454,p03866,u119460590,1480966581,C++,C++14 (GCC 5.4.1),cpp,Wrong Answer,227,40704,3349,
s242549422,p03866,u119460590,1480966454,C++,C++14 (GCC 5.4.1),cpp,Wrong Answer,142,28548,3276,
s784482229,p03866,u693548378,1480964711,Lisp,Common Lisp (SBCL 1.1.14),l,Time Limit Exceeded,2117,115536,968,
s568558001,p03866,u693548378,1480964315,Lisp,Common Lisp (SBCL 1.1.14),l,Time Limit Exceeded,2116,115588,895,
s198168525,p03866,u095015466,1480961485,Java,Java8 (OpenJDK 1.8.0),java,Accepted,274,17780,3900,
s257238750,p03866,u854685751,1480961255,Python,PyPy3 (2.4.0),py,Accepted,449,73180,1773,
s069416938,p03866,u854685751,1480961237,Python,Python (3.4.3),py,Accepted,1048,24308,1773,
s815706096,p03866,u854685751,1480961122,Python,Python (3.4.3),py,Accepted,1037,24180,1773,
s109127363,p03866,u854685751,1480961113,Python,Python (3.4.3),py,Accepted,1048,24180,1773,
s056381689,p03866,u007446928,1480961043,C++,C++14 (GCC 5.4.1),cpp,Accepted,20,8192,1455,
s303002503,p03866,u781091740,1480960986,C++,C++14 (GCC 5.4.1),cpp,Accepted,113,13936,2000,
s537721049,p03866,u781091740,1480960649,C++,C++14 (GCC 5.4.1),cpp,Wrong Answer,45,11892,2028,
s399004999,p03866,u781091740,1480960619,C++,C++14 (GCC 5.4.1),cpp,Compile Error,,,2030,
s612012862,p03866,u781091740,1480960398,C++,C++14 (GCC 5.4.1),cpp,Wrong Answer,548,19200,2056,
s697317960,p03866,u781091740,1480960078,C++,C++14 (GCC 5.4.1),cpp,Wrong Answer,46,11892,2027,
s415683197,p03866,u859125915,1480959820,C++,C++14 (GCC 5.4.1),cpp,Runtime Error,125,4352,1278,
s453276027,p03866,u859125915,1480959672,C++,C++14 (GCC 5.4.1),cpp,Runtime Error,126,4224,1278,
s679190075,p03866,u859125915,1480957970,C++,C++14 (GCC 5.4.1),cpp,Runtime Error,123,4352,1278,
s479777025,p03866,u859125915,1480957906,C++,C++14 (GCC 5.4.1),cpp,Compile Error,,,1278,
s128621836,p03866,u443010331,1480956112,C++,C++14 (GCC 5.4.1),cpp,Accepted,21,384,2891,
s963987284,p03866,u443010331,1480955847,C++,C++14 (GCC 5.4.1),cpp,Wrong Answer,21,256,2891,
s073153544,p03866,u904637712,1480955680,C++,C++14 (GCC 5.4.1),cpp,Accepted,130,17260,1196,
s153883798,p03866,u904637712,1480955626,C++,C++14 (GCC 5.4.1),cpp,Compile Error,,,1196,
s960160471,p03866,u459746049,1480955130,Java,Java7 (OpenJDK 1.7.0),java,Time Limit Exceeded,2109,35960,1073,
s178564826,p03866,u252817963,1480954864,C++,C++14 (GCC 5.4.1),cpp,Accepted,10,256,1508,
s410862910,p03866,u859125915,1480954473,C++,C++14 (GCC 5.4.1),cpp,Compile Error,,,1275,
s684880950,p03866,u989740992,1480952543,C++,C++14 (GCC 5.4.1),cpp,Accepted,20,8192,1981,
s493694399,p03866,u628047647,1480952495,C++,C++14 (GCC 5.4.1),cpp,Accepted,1027,8192,1024,
s834338037,p03866,u989740992,1480952453,C++,C++14 (GCC 5.4.1),cpp,Compile Error,,,1936,
s029277097,p03866,u091970605,1480952204,C++,C++14 (GCC 5.4.1),cpp,Accepted,19,256,1449,
s813761196,p03866,u628047647,1480952081,C++,C++14 (GCC 5.4.1),cpp,Accepted,1028,8192,953,
s993501228,p03866,u091970605,1480952028,C++,C++14 (GCC 5.4.1),cpp,Wrong Answer,14,256,1449,
s297574194,p03866,u793168726,1480951965,C++,C++14 (GCC 5.4.1),cpp,Accepted,1171,384,1062,
s482691850,p03866,u989740992,1480951944,C++,C++14 (GCC 5.4.1),cpp,Wrong Answer,20,8192,1824,
s737659762,p03866,u091970605,1480951885,C++,C++14 (GCC 5.4.1),cpp,Wrong Answer,14,256,1449,
s598401508,p03866,u989740992,1480951860,C++,C++14 (GCC 5.4.1),cpp,Wrong Answer,20,8192,1780,
s406326049,p03866,u628047647,1480951777,C++,C++14 (GCC 5.4.1),cpp,Wrong Answer,1157,8064,938,
s047172643,p03866,u639989198,1480951774,C++,C++14 (GCC 5.4.1),cpp,Accepted,37,8064,1042,
s664168417,p03866,u989740992,1480951764,C++,C++14 (GCC 5.4.1),cpp,Wrong Answer,17,8192,1777,
s223922861,p03866,u091970605,1480951565,C++,C++14 (GCC 5.4.1),cpp,Wrong Answer,15,256,1444,
s720050564,p03866,u091970605,1480950993,C++,C++14 (GCC 5.4.1),cpp,Wrong Answer,12,256,1469,
s540350061,p03866,u091970605,1480950834,C++,C++14 (GCC 5.4.1),cpp,Wrong Answer,12,256,1475,
s403452773,p03866,u091970605,1480950394,C++,C++14 (GCC 5.4.1),cpp,Wrong Answer,2102,384,1475,
s811772107,p03866,u091970605,1480950126,C++,C++14 (GCC 5.4.1),cpp,Time Limit Exceeded,2102,256,1548,
s890500461,p03866,u613658617,1480947778,C++,C++14 (GCC 5.4.1),cpp,Accepted,123,20612,1715,
s592891589,p03866,u639989198,1480946830,C++,C++14 (GCC 5.4.1),cpp,Accepted,615,12272,1129,
s554297535,p03866,u639989198,1480946459,C++,C++14 (GCC 5.4.1),cpp,Accepted,617,12272,1108,
s026978044,p03866,u639989198,1480946332,C++,C++14 (GCC 5.4.1),cpp,Time Limit Exceeded,2103,8192,1106,
s215973813,p03866,u366676780,1480941722,C#,C# (Mono 4.6.2.0),cs,Accepted,65,15056,3713,
s728628892,p03866,u157085392,1480927625,C++,C++14 (GCC 5.4.1),cpp,Accepted,34,8192,1832,
s520434928,p03866,u157085392,1480927263,C++,C++14 (GCC 5.4.1),cpp,Time Limit Exceeded,2103,8320,1824,
s847880342,p03866,u157085392,1480926951,C++,C++14 (GCC 5.4.1),cpp,Accepted,131,12404,1867,
s862369078,p03866,u233602244,1480924716,C++,C++14 (GCC 5.4.1),cpp,Accepted,128,20720,2948,
s939893537,p03866,u693386219,1480922861,C++,C++14 (GCC 5.4.1),cpp,Wrong Answer,131,18932,3252,
s822357137,p03866,u478870821,1480922780,Python,Python (3.4.3),py,Accepted,1660,35060,931,
s365371118,p03866,u693386219,1480922509,C++,C++14 (GCC 5.4.1),cpp,Accepted,231,37360,3265,
s817995542,p03866,u693386219,1480922439,C++,C++14 (GCC 5.4.1),cpp,Wrong Answer,158,35316,3264,
s889227534,p03866,u067226246,1480921611,C++,C++14 (GCC 5.4.1),cpp,Accepted,135,20592,1679,
s014376378,p03866,u067226246,1480921394,C++,C++14 (GCC 5.4.1),cpp,Wrong Answer,69,18548,1817,
s509223822,p03866,u878938502,1480921269,C++,C++14 (GCC 5.4.1),cpp,Time Limit Exceeded,2104,74080,2413,
s896571172,p03866,u878938502,1480921166,C++,C++14 (GCC 5.4.1),cpp,Compile Error,,,2407,
s607540306,p03866,u842401785,1480921147,C,C (GCC 5.4.1),c,Accepted,122,27648,2789,
s795305871,p03866,u630452895,1480921127,C++,C++14 (Clang 3.8.0),cpp,Accepted,124,12420,1934,
s423917446,p03866,u878938502,1480921114,C++,C++14 (GCC 5.4.1),cpp,Time Limit Exceeded,2104,73824,2433,
s336745728,p03866,u842401785,1480921066,C,C (GCC 5.4.1),c,Runtime Error,154,23808,2789,
s666411719,p03866,u878938502,1480920952,C++,C++14 (GCC 5.4.1),cpp,Accepted,343,73820,2464,
s614569314,p03866,u133129810,1480920658,C++,C++14 (GCC 5.4.1),cpp,Accepted,1381,36976,2679,
s983228205,p03866,u133129810,1480920291,C++,C++14 (GCC 5.4.1),cpp,Wrong Answer,1374,36976,2673,
s892488017,p03866,u854685751,1480920249,Python,Python (3.4.3),py,Wrong Answer,1075,24180,1586,
s763363044,p03866,u854685751,1480920236,Python,PyPy3 (2.4.0),py,Wrong Answer,457,71388,1586,
s566958692,p03866,u878938502,1480920068,C++,C++14 (GCC 5.4.1),cpp,Time Limit Exceeded,2104,74080,2359,
s869613443,p03866,u854685751,1480919939,Python,PyPy3 (2.4.0),py,Wrong Answer,457,71644,1587,
s954801091,p03866,u854685751,1480919927,Python,Python (3.4.3),py,Wrong Answer,1010,24308,1587,
s599297726,p03866,u084889225,1480919362,C++,C++14 (GCC 5.4.1),cpp,Accepted,102,4468,3278,
s592208351,p03866,u133129810,1480919035,C++,C++14 (GCC 5.4.1),cpp,Wrong Answer,1376,36976,2880,
s020161750,p03866,u084889225,1480918544,C++,C++14 (GCC 5.4.1),cpp,Wrong Answer,2103,16748,3139,
s159268164,p03866,u133129810,1480918417,C++,C++14 (GCC 5.4.1),cpp,Wrong Answer,1229,36848,2850,
s987066543,p03866,u084889225,1480918373,C++,C++14 (GCC 5.4.1),cpp,Wrong Answer,2102,384,3105,
s011427449,p03866,u133129810,1480918140,C++,C++14 (GCC 5.4.1),cpp,Wrong Answer,1288,37044,3068,
s482766043,p03866,u854685751,1480917999,Python,Python (3.4.3),py,Wrong Answer,885,24180,1495,
s014941717,p03866,u854685751,1480917986,Python,PyPy3 (2.4.0),py,Wrong Answer,416,68828,1495,
s947517212,p03866,u475110558,1480917660,C#,C# (Mono 4.6.2.0),cs,Time Limit Exceeded,2107,56172,6194,
s568048775,p03866,u854685751,1480917517,Python,PyPy3 (2.4.0),py,Runtime Error,230,39920,1488,
s210755867,p03866,u272028993,1480916038,Python,PyPy2 (5.6.0),py,Accepted,464,57584,1041,
s912424754,p03866,u608965386,1480916022,C++,C++14 (GCC 5.4.1),cpp,Accepted,25,8064,2536,
s642892890,p03866,u272028993,1480915888,Python,PyPy2 (5.6.0),py,Wrong Answer,467,57584,1055,
s427226502,p03866,u491256431,1480915853,C++,C++14 (GCC 5.4.1),cpp,Accepted,107,4484,2549,
s055579234,p03866,u842401785,1480915810,C,C (GCC 5.4.1),c,Wrong Answer,2105,31488,2683,
s843085492,p03866,u879063650,1480915400,C++,C++14 (GCC 5.4.1),cpp,Accepted,138,20600,1660,
s361970300,p03866,u245232453,1480915212,C++,C++14 (GCC 5.4.1),cpp,Accepted,128,20592,1456,
s199475473,p03866,u246275061,1480915189,C++,C++14 (GCC 5.4.1),cpp,Accepted,109,4464,1216,
s117588409,p03866,u879063650,1480915100,C++,C++14 (GCC 5.4.1),cpp,Wrong Answer,45,16512,1716,
s648147691,p03866,u245232453,1480914964,C++,C++14 (GCC 5.4.1),cpp,Wrong Answer,51,16384,1456,
s788126938,p03866,u245232453,1480914804,C++,C++14 (GCC 5.4.1),cpp,Wrong Answer,50,16384,1470,
s031668790,p03866,u231928431,1480914792,C++,C++14 (GCC 5.4.1),cpp,Accepted,167,37044,1747,
s835939713,p03866,u231928431,1480914748,C++,C++14 (Clang 3.8.0),cpp,Compile Error,,,1745,
s273573909,p03866,u469197201,1480914588,C++,C++14 (GCC 5.4.1),cpp,Time Limit Exceeded,2103,16512,1649,
s671356526,p03866,u685892567,1480914564,C++,C++14 (GCC 5.4.1),cpp,Time Limit Exceeded,2160,542036,1575,
s162037685,p03866,u685892567,1480914542,C++,C++14 (GCC 5.4.1),cpp,Accepted,155,21872,1576,
s040274478,p03866,u422104747,1480914324,Python,Python (3.4.3),py,Wrong Answer,2103,3192,615,
s560333770,p03866,u245232453,1480914283,C++,C++14 (GCC 5.4.1),cpp,Wrong Answer,57,16512,1482,
s777342209,p03866,u685892567,1480914267,C++,C++14 (GCC 5.4.1),cpp,Accepted,142,21872,1568,
s551988225,p03866,u685892567,1480914209,C++,C++14 (GCC 5.4.1),cpp,Time Limit Exceeded,2165,542164,1554,
s401539371,p03866,u269175074,1480914134,C++,C++14 (GCC 5.4.1),cpp,Accepted,145,21872,1573,
s646208730,p03866,u269175074,1480914075,C++,C++14 (GCC 5.4.1),cpp,Compile Error,,,1575,
s381743929,p03866,u269175074,1480913898,C++,C++14 (GCC 5.4.1),cpp,Time Limit Exceeded,2104,21872,1566,
s904414101,p03866,u443010331,1480913860,C++,C++14 (GCC 5.4.1),cpp,Accepted,106,8688,2921,
s543463643,p03866,u979554218,1480913795,C++,C++14 (GCC 5.4.1),cpp,Accepted,7,256,1634,
s755117083,p03866,u272028993,1480913704,Python,PyPy2 (5.6.0),py,Wrong Answer,418,71792,1022,
s941563482,p03866,u443010331,1480913596,C++,C++14 (GCC 5.4.1),cpp,Memory Limit Exceeded,2146,537300,2883,
s436288182,p03866,u272028993,1480913550,Python,PyPy2 (5.6.0),py,Wrong Answer,412,71792,1022,
s785178057,p03866,u685892567,1480913368,C++,C++14 (GCC 5.4.1),cpp,Time Limit Exceeded,2132,576592,1551,
s048761446,p03866,u309474138,1480913325,C,C (GCC 5.4.1),c,Wrong Answer,112,8064,1863,
s329006630,p03866,u245232453,1480913273,C++,C++14 (GCC 5.4.1),cpp,Wrong Answer,61,16640,1450,
s277222225,p03866,u795689468,1480913169,C++,C++14 (GCC 5.4.1),cpp,Accepted,106,4468,1077,
s181828643,p03866,u309474138,1480913131,C,C (GCC 5.4.1),c,Wrong Answer,118,8064,1848,
s956722728,p03866,u878938502,1480913131,C++,C++14 (GCC 5.4.1),cpp,Wrong Answer,2102,256,2035,
s553064020,p03866,u685892567,1480913124,C++,C++14 (GCC 5.4.1),cpp,Time Limit Exceeded,2128,542036,1590,
s951343558,p03866,u581807854,1480913110,C++,C++14 (GCC 5.4.1),cpp,Accepted,181,48272,1813,
s491979801,p03866,u488078009,1480913081,C++,C++14 (GCC 5.4.1),cpp,Wrong Answer,115,16496,2991,
s182969879,p03866,u979554218,1480912919,C++,C++14 (Clang 3.8.0),cpp,Wrong Answer,8,256,1630,
s107437091,p03866,u309474138,1480912843,C,C (GCC 5.4.1),c,Wrong Answer,119,8064,1812,
s468890440,p03866,u685892567,1480912818,C++,C++14 (GCC 5.4.1),cpp,Accepted,141,21872,1578,
s705190062,p03866,u685892567,1480912795,C++,C++14 (GCC 5.4.1),cpp,Time Limit Exceeded,2145,542036,1581,
s685089056,p03866,u360564214,1480912698,C++,C++14 (GCC 5.4.1),cpp,Runtime Error,130,384,1415,
s767703063,p03866,u979554218,1480912674,C++,C++14 (Clang 3.8.0),cpp,Wrong Answer,8,384,1630,
s490048510,p03866,u685892567,1480912587,C++,C++14 (GCC 5.4.1),cpp,Time Limit Exceeded,2128,542036,1631,
s670476198,p03866,u908558278,1480912545,C++,C++14 (GCC 5.4.1),cpp,Accepted,153,16128,2064,
s288875180,p03866,u488078009,1480912448,C++,C++14 (GCC 5.4.1),cpp,Accepted,117,16496,1512,
s793304929,p03866,u478808605,1480912415,C++,C++14 (GCC 5.4.1),cpp,Wrong Answer,24,8320,1585,
s282959527,p03866,u685892567,1480912331,C++,C++14 (GCC 5.4.1),cpp,Time Limit Exceeded,2121,542036,1599,
s463501269,p03866,u979554218,1480912278,C++,C++14 (Clang 3.8.0),cpp,Wrong Answer,8,256,1600,
s005719864,p03866,u197650109,1480912245,C++,C++14 (GCC 5.4.1),cpp,Accepted,135,21012,2359,
s108590009,p03866,u478808605,1480912233,C++,C++14 (GCC 5.4.1),cpp,Wrong Answer,24,8320,1573,
s773046863,p03866,u685892567,1480912142,C++,C++14 (GCC 5.4.1),cpp,Time Limit Exceeded,2121,542036,1599,
s796543067,p03866,u685892567,1480912062,C++,C++14 (GCC 5.4.1),cpp,Accepted,148,21872,1599,
s532521877,p03866,u478808605,1480912056,C++,C++14 (GCC 5.4.1),cpp,Wrong Answer,28,8192,1604,
s320879760,p03866,u685892567,1480912037,C++,C++14 (GCC 5.4.1),cpp,Time Limit Exceeded,2131,542036,1595,
s767233982,p03866,u478808605,1480911971,C++,C++14 (GCC 5.4.1),cpp,Wrong Answer,23,8192,1601,
s576325810,p03866,u553623615,1480911965,C++,C++14 (GCC 5.4.1),cpp,Accepted,212,28792,2399,
s369856495,p03866,u245231620,1480911926,Java,Java7 (OpenJDK 1.7.0),java,Accepted,572,57452,4033,
s324805316,p03866,u685892567,1480911915,C++,C++14 (GCC 5.4.1),cpp,Time Limit Exceeded,2127,542164,1595,
s688538989,p03866,u488078009,1480911910,C++,C++14 (GCC 5.4.1),cpp,Wrong Answer,107,16496,1516,
s412983750,p03866,u245231620,1480911892,Java,Java7 (OpenJDK 1.7.0),java,Compile Error,,,4034,
s159118176,p03866,u685892567,1480911886,C++,C++14 (GCC 5.4.1),cpp,Time Limit Exceeded,2129,542036,1599,
s873377694,p03866,u309335075,1480911871,C++,C++14 (GCC 5.4.1),cpp,Accepted,615,12400,1723,
s752258505,p03866,u685892567,1480911819,C++,C++14 (GCC 5.4.1),cpp,Accepted,146,21872,1597,
s221646520,p03866,u488078009,1480911777,C++,C++14 (GCC 5.4.1),cpp,Wrong Answer,126,16496,1516,
s783907083,p03866,u245231620,1480911757,Java,Java7 (OpenJDK 1.7.0),java,Wrong Answer,563,57324,4047,
s147678671,p03866,u488078009,1480911656,C++,C++14 (GCC 5.4.1),cpp,Wrong Answer,122,16496,1512,
s369010107,p03866,u104282757,1480911521,Python,Python (2.7.6),py,Accepted,248,18476,830,
s137413616,p03866,u309335075,1480911513,C++,C++14 (GCC 5.4.1),cpp,Wrong Answer,1080,8192,1707,
s795967933,p03866,u245231620,1480911485,Java,Java7 (OpenJDK 1.7.0),java,Wrong Answer,558,57284,4046,
s287034803,p03866,u842401785,1480911454,C,C (GCC 5.4.1),c,Wrong Answer,175,27648,2803,
s082301772,p03866,u979554218,1480911442,C++,C++14 (Clang 3.8.0),cpp,Wrong Answer,9,256,2231,
s034084932,p03866,u309335075,1480911431,C++,C++14 (GCC 5.4.1),cpp,Wrong Answer,17,8192,1705,
s019815856,p03866,u459746049,1480911336,C++,C++14 (GCC 5.4.1),cpp,Accepted,261,24688,1675,
s751237130,p03866,u979554218,1480911336,C++,C++14 (Clang 3.8.0),cpp,Wrong Answer,24,8192,2223,
s538264657,p03866,u685892567,1480911329,C++,C++14 (GCC 5.4.1),cpp,Accepted,144,21872,1609,
s315151186,p03866,u685892567,1480911304,C++,C++14 (GCC 5.4.1),cpp,Accepted,170,21872,1605,
s282436799,p03866,u830390742,1480911257,D,D (DMD64 v2.070.1),d,Accepted,99,16508,1829,
s269258458,p03866,u685892567,1480911246,C++,C++14 (GCC 5.4.1),cpp,Time Limit Exceeded,2139,542036,1604,
s754514951,p03866,u534998883,1480911242,C++,C++14 (GCC 5.4.1),cpp,Accepted,105,4464,1101,
s039499003,p03866,u220114950,1480911205,C++,C++14 (GCC 5.4.1),cpp,Accepted,170,16764,1110,
s187305947,p03866,u504669764,1480911183,Java,Java8 (OpenJDK 1.8.0),java,Accepted,1230,57524,2339,
s919338985,p03866,u107077660,1480911102,Python,Python (3.4.3),py,Wrong Answer,654,3316,621,
s430962940,p03866,u685892567,1480911055,C++,C++14 (GCC 5.4.1),cpp,Accepted,142,21872,1605,
s640203555,p03866,u049095189,1480911044,C++,C++14 (GCC 5.4.1),cpp,Accepted,18,384,2286,
s440125797,p03866,u986399983,1480910937,C++,C++14 (GCC 5.4.1),cpp,Wrong Answer,46,16512,1981,
s358917976,p03866,u220114950,1480910934,C++,C++14 (GCC 5.4.1),cpp,Memory Limit Exceeded,2130,525672,1148,
s504863083,p03866,u774845108,1480910915,C#,C# (Mono 4.6.2.0),cs,Accepted,968,47192,3425,
s625970800,p03866,u309474138,1480910875,C,C (GCC 5.4.1),c,Wrong Answer,110,8064,1769,
s588011193,p03866,u600704648,1480910869,C++,C++14 (GCC 5.4.1),cpp,Accepted,9,384,1467,
s195427609,p03866,u842401785,1480910858,C,C (GCC 5.4.1),c,Wrong Answer,140,27648,2803,
s809386507,p03866,u309335075,1480910828,C++,C++14 (GCC 5.4.1),cpp,Wrong Answer,26,8192,1710,
s635529057,p03866,u504669764,1480910817,Java,Java8 (OpenJDK 1.8.0),java,Accepted,671,57696,2367,
s997846609,p03866,u600704648,1480910802,C++,C++14 (GCC 5.4.1),cpp,Accepted,11,256,1464,
s044220194,p03866,u560005828,1480910784,Java,Java8 (OpenJDK 1.8.0),java,Accepted,1396,132288,2870,
s855339209,p03866,u094718623,1480910778,C++,C++14 (GCC 5.4.1),cpp,Accepted,187,24300,1512,
s241699816,p03866,u986399983,1480910754,C++,C++14 (GCC 5.4.1),cpp,Wrong Answer,2126,540756,1951,
s386704729,p03866,u360980679,1480910691,C++,C++14 (GCC 5.4.1),cpp,Accepted,166,36916,2112,
s331425066,p03866,u560005828,1480910655,Java,Java8 (OpenJDK 1.8.0),java,Wrong Answer,1253,130092,2869,
s764959063,p03866,u309474138,1480910651,C,C (GCC 5.4.1),c,Wrong Answer,465,8064,1766,
s898206004,p03866,u309335075,1480910635,C++,C++14 (GCC 5.4.1),cpp,Wrong Answer,23,8192,1737,
s729720237,p03866,u804080968,1480910629,C#,C# (Mono 4.6.2.0),cs,Time Limit Exceeded,2103,14680,3313,
s640300814,p03866,u864550097,1480910627,C++,C++14 (GCC 5.4.1),cpp,Accepted,136,22908,1918,
s436430346,p03866,u952139162,1480910615,C++,C++14 (GCC 5.4.1),cpp,Wrong Answer,86,16640,2621,
s828120386,p03866,u316930130,1480910615,C++,C++14 (GCC 5.4.1),cpp,Accepted,102,4484,1542,
s428266832,p03866,u649331810,1480910581,C++,C++14 (GCC 5.4.1),cpp,Accepted,25,8320,1893,
s048498362,p03866,u309335075,1480910525,C++,C++14 (GCC 5.4.1),cpp,Wrong Answer,25,8192,1732,
s277376642,p03866,u478808605,1480910516,C++,C++14 (GCC 5.4.1),cpp,Wrong Answer,100,16128,1436,
s936490642,p03866,u344425917,1480910515,C++,C++14 (GCC 5.4.1),cpp,Time Limit Exceeded,2104,16384,1884,
s753458382,p03866,u619274951,1480910512,C#,C# (Mono 4.6.2.0),cs,Accepted,562,10968,7693,
s276801930,p03866,u316930130,1480910504,C++,C++14 (GCC 5.4.1),cpp,Wrong Answer,102,4484,1539,
s873321006,p03866,u360980679,1480910499,C++,C++14 (GCC 5.4.1),cpp,Wrong Answer,176,36916,2179,
s546431972,p03866,u344425917,1480910459,C++,C++14 (GCC 5.4.1),cpp,Time Limit Exceeded,2104,16384,1884,
s586556110,p03866,u560005828,1480910448,Java,Java8 (OpenJDK 1.8.0),java,Wrong Answer,1289,129748,2871,
s540350997,p03866,u673823726,1480910437,C++,C++14 (GCC 5.4.1),cpp,Accepted,1600,8320,2731,
s480055420,p03866,u309474138,1480910432,C,C (GCC 5.4.1),c,Wrong Answer,1253,34816,1825,
s003459551,p03866,u977469224,1480910416,C++,C++14 (GCC 5.4.1),cpp,Accepted,205,16000,1177,
s614102823,p03866,u952139162,1480910402,C++,C++14 (GCC 5.4.1),cpp,Wrong Answer,90,16640,2630,
s928147910,p03866,u478808605,1480910377,C++,C++14 (GCC 5.4.1),cpp,Compile Error,,,1419,
s406300009,p03866,u534998883,1480910374,C++,C++14 (GCC 5.4.1),cpp,Time Limit Exceeded,2103,4464,1073,
s015057415,p03866,u842401785,1480910368,C,C (GCC 5.4.1),c,Wrong Answer,151,27648,2800,
s991490150,p03866,u952139162,1480910352,C++,C++14 (GCC 5.4.1),cpp,Wrong Answer,87,16640,2630,
s261874595,p03866,u279013117,1480910338,C++,C++14 (GCC 5.4.1),cpp,Accepted,656,12280,2254,
s359298367,p03866,u649331810,1480910305,C++,C++14 (GCC 5.4.1),cpp,Wrong Answer,31,8192,1893,
s778218558,p03866,u197650109,1480910297,C++,C++14 (GCC 5.4.1),cpp,Wrong Answer,129,21012,2359,
s089455516,p03866,u309335075,1480910292,C++,C++14 (GCC 5.4.1),cpp,Wrong Answer,206,8192,1721,
s661062043,p03866,u094036798,1480910276,C++,C++14 (GCC 5.4.1),cpp,Wrong Answer,29,8192,1565,
s657092120,p03866,u478808605,1480910252,C++,C++14 (GCC 5.4.1),cpp,Wrong Answer,94,16128,1424,
s342061257,p03866,u979554218,1480910214,C++,C++14 (Clang 3.8.0),cpp,Wrong Answer,24,8320,2217,
s004832639,p03866,u445167028,1480910160,C++,C++14 (GCC 5.4.1),cpp,Accepted,101,10356,1385,
s927571102,p03866,u830390742,1480910155,D,D (DMD64 v2.070.1),d,Time Limit Exceeded,2104,16508,1618,
s942083740,p03866,u649331810,1480910152,C++,C++14 (GCC 5.4.1),cpp,Wrong Answer,32,8192,1896,
s554659010,p03866,u657011188,1480910138,C++,C++14 (GCC 5.4.1),cpp,Accepted,245,16748,1463,
s222559454,p03866,u445167028,1480910100,C++,C++14 (GCC 5.4.1),cpp,Accepted,107,10356,1385,
s910829341,p03866,u842401785,1480910098,C,C (GCC 5.4.1),c,Wrong Answer,2,128,2827,
s872678862,p03866,u842401785,1480910084,C,C (GCC 5.4.1),c,Runtime Error,113,256,2816,
s627307894,p03866,u979554218,1480910069,C++,C++14 (Clang 3.8.0),cpp,Wrong Answer,26,8192,2215,
s817686379,p03866,u781091740,1480910027,C++,C++14 (GCC 5.4.1),cpp,Wrong Answer,43,11892,4606,
s853387876,p03866,u313111801,1480910014,Java,Java8 (OpenJDK 1.8.0),java,Accepted,648,47824,2345,
s856105695,p03866,u445167028,1480910009,C++,C++14 (GCC 5.4.1),cpp,Accepted,189,33780,1527,
s390001775,p03866,u344425917,1480910008,C++,C++14 (GCC 5.4.1),cpp,Time Limit Exceeded,2103,16384,1740,
s226721868,p03866,u415718472,1480909993,Java,Java8 (OpenJDK 1.8.0),java,Accepted,776,9768,5430,
s259122914,p03866,u842401785,1480909949,C,C (GCC 5.4.1),c,Wrong Answer,1,128,2835,
s213430551,p03866,u094036798,1480909944,C++,C++14 (GCC 5.4.1),cpp,Wrong Answer,31,8192,1614,
s190361283,p03866,u657011188,1480909942,C++,C++14 (GCC 5.4.1),cpp,Accepted,437,33384,1537,
s692155951,p03866,u961296176,1480909935,Java,Java8 (OpenJDK 1.8.0),java,Wrong Answer,2112,166528,6426,
s691028168,p03866,u226155577,1480909933,Python,PyPy2 (5.6.0),py,Accepted,1060,76444,1243,
s978360230,p03866,u649331810,1480909904,C++,C++14 (GCC 5.4.1),cpp,Wrong Answer,32,8192,2374,
s788318193,p03866,u344425917,1480909887,C++,C++14 (GCC 5.4.1),cpp,Wrong Answer,2104,16384,1734,
s188262485,p03866,u830390742,1480909883,D,D (DMD64 v2.070.1),d,Wrong Answer,2103,16508,2775,
s345277783,p03866,u842401785,1480909882,C,C (GCC 5.4.1),c,Runtime Error,492,384,2835,
s071960329,p03866,u197650109,1480909864,C++,C++14 (GCC 5.4.1),cpp,Wrong Answer,128,21012,2339,
s296195036,p03866,u445167028,1480909855,C++,C++14 (GCC 5.4.1),cpp,Wrong Answer,203,33780,1595,
s234732133,p03866,u120143737,1480909845,C++,C++14 (GCC 5.4.1),cpp,Accepted,109,12400,1207,
s579144267,p03866,u629500233,1480909813,C++,C++14 (GCC 5.4.1),cpp,Accepted,107,16492,1826,
s193322999,p03866,u815524843,1480909765,C++,C++14 (GCC 5.4.1),cpp,Accepted,125,20592,1206,
s641417121,p03866,u261965335,1480909759,C++,C++14 (GCC 5.4.1),cpp,Accepted,106,4464,1715,
s566316629,p03866,u094036798,1480909752,C++,C++14 (GCC 5.4.1),cpp,Wrong Answer,31,8192,1614,
s574894805,p03866,u854685751,1480909736,Python,Python (3.4.3),py,Wrong Answer,1686,36084,1396,
s052226144,p03866,u488078009,1480909717,C++,C++14 (GCC 5.4.1),cpp,Wrong Answer,112,16496,2952,
s772235007,p03866,u615525250,1480909714,D,D (DMD64 v2.070.1),d,Wrong Answer,2103,8444,1105,
s432524166,p03866,u952139162,1480909713,C++,C++14 (GCC 5.4.1),cpp,Compile Error,,,2634,
s613971355,p03866,u445167028,1480909688,C++,C++14 (GCC 5.4.1),cpp,Wrong Answer,102,10356,1453,
s750789788,p03866,u815524843,1480909622,C++,C++14 (GCC 5.4.1),cpp,Accepted,211,40812,1233,
s162832450,p03866,u309335075,1480909614,C++,C++14 (GCC 5.4.1),cpp,Time Limit Exceeded,2103,8192,1631,
s568714837,p03866,u842401785,1480909607,C,C (GCC 5.4.1),c,Runtime Error,114,256,2824,
s845460662,p03866,u094036798,1480909578,C++,C++14 (GCC 5.4.1),cpp,Wrong Answer,31,8192,1601,
s387534614,p03866,u647279340,1480909562,C++,C++14 (GCC 5.4.1),cpp,Accepted,103,4464,1379,
s082756214,p03866,u309335075,1480909487,C++,C++14 (GCC 5.4.1),cpp,Time Limit Exceeded,2103,8192,1631,
s547595934,p03866,u344425917,1480909426,C++,C++14 (GCC 5.4.1),cpp,Wrong Answer,2103,16512,1847,
s431509311,p03866,u647279340,1480909426,C++,C++14 (GCC 5.4.1),cpp,Wrong Answer,16,512,1353,
s690903616,p03866,u488078009,1480909421,C++,C++14 (GCC 5.4.1),cpp,Wrong Answer,113,16496,2881,
s720151153,p03866,u630452895,1480909381,C++,C++14 (Clang 3.8.0),cpp,Wrong Answer,178,49004,3965,
s032978498,p03866,u698142380,1480909349,C++,C++14 (GCC 5.4.1),cpp,Wrong Answer,84,256,1449,
s125590006,p03866,u981966125,1480909347,C++,C++14 (GCC 5.4.1),cpp,Time Limit Exceeded,2106,31616,1489,
s153268285,p03866,u842401785,1480909343,C,C (GCC 5.4.1),c,Runtime Error,112,256,2869,
s697456779,p03866,u640230853,1480909339,C++,C++14 (GCC 5.4.1),cpp,Accepted,125,8320,1376,
s822564999,p03866,u445167028,1480909332,C++,C++14 (GCC 5.4.1),cpp,Wrong Answer,102,10356,1508,
s967795063,p03866,u456611841,1480909291,C++,C++14 (GCC 5.4.1),cpp,Time Limit Exceeded,2103,16000,1046,
s337743115,p03866,u864550097,1480909269,C++,C++14 (GCC 5.4.1),cpp,Wrong Answer,64,20852,1910,
s490517972,p03866,u104282757,1480909263,Python,Python (2.7.6),py,Wrong Answer,224,18476,830,
s092266026,p03866,u344425917,1480909254,C++,C++14 (GCC 5.4.1),cpp,Wrong Answer,2103,16512,1979,
s496019032,p03866,u194412908,1480909229,C#,C# (Mono 4.6.2.0),cs,Wrong Answer,81,10968,2349,
s556278012,p03866,u278896584,1480909224,Ruby,Ruby (2.3.3),rb,Accepted,1209,58108,3741,
s191417041,p03866,u630452895,1480909222,C++,C++14 (Clang 3.8.0),cpp,Wrong Answer,374,49004,3955,
s494382809,p03866,u205367115,1480909211,C++,C++14 (Clang 3.8.0),cpp,Wrong Answer,35,888,1725,
s037106986,p03866,u630452895,1480909206,C++,C++14 (Clang 3.8.0),cpp,Wrong Answer,173,49004,3951,
s087207465,p03866,u344425917,1480909196,C++,C++14 (GCC 5.4.1),cpp,Wrong Answer,2103,16512,1963,
s404385439,p03866,u478808605,1480909193,C++,C++14 (GCC 5.4.1),cpp,Compile Error,,,1589,
s620962707,p03866,u445167028,1480909168,C++,C++14 (GCC 5.4.1),cpp,Wrong Answer,103,10356,1508,
s711112489,p03866,u986399983,1480909159,C++,C++14 (GCC 5.4.1),cpp,Wrong Answer,45,16384,1943,
s550764736,p03866,u608965386,1480909154,C++,C++14 (GCC 5.4.1),cpp,Wrong Answer,23,8064,2537,
s444687118,p03866,u781091740,1480909149,C++,C++14 (GCC 5.4.1),cpp,Wrong Answer,2104,31616,4857,
s376336462,p03866,u194412908,1480909140,C#,C# (Mono 4.6.2.0),cs,Wrong Answer,83,10968,2220,
s349168674,p03866,u781091740,1480909135,C++,C++14 (GCC 5.4.1),cpp,Wrong Answer,2104,31616,4857,
s653991628,p03866,u488078009,1480909129,C++,C++14 (GCC 5.4.1),cpp,Wrong Answer,113,16496,2881,
s477248253,p03866,u842401785,1480909128,C,C (GCC 5.4.1),c,Runtime Error,118,256,2869,
s009835362,p03866,u579286401,1480909126,C++,C++14 (GCC 5.4.1),cpp,Accepted,145,16384,1481,
s040405475,p03866,u309474138,1480909111,C,C (GCC 5.4.1),c,Wrong Answer,111,8064,1699,
s627403599,p03866,u279013117,1480909104,C++,C++14 (GCC 5.4.1),cpp,Wrong Answer,119,16892,3305,
s000372711,p03866,u344425917,1480909087,C++,C++14 (GCC 5.4.1),cpp,Wrong Answer,2103,16512,1947,
s697935771,p03866,u104282757,1480909079,Python,Python (2.7.6),py,Time Limit Exceeded,2104,18476,779,
s729863835,p03866,u272028993,1480909077,Python,PyPy2 (5.6.0),py,Time Limit Exceeded,2111,122524,891,
s833628660,p03866,u647279340,1480909076,C++,C++14 (GCC 5.4.1),cpp,Wrong Answer,1070,384,1306,
s438007862,p03866,u619274951,1480909067,C#,C# (Mono 4.6.2.0),cs,Accepted,533,10968,7689,
s524545620,p03866,u309335075,1480909056,C++,C++14 (GCC 5.4.1),cpp,Time Limit Exceeded,2103,8192,1607,
s184793751,p03866,u500496457,1480909049,C++,C++14 (Clang 3.8.0),cpp,Wrong Answer,60,8320,3533,
s431414699,p03866,u245232453,1480909048,C++,C++14 (GCC 5.4.1),cpp,Wrong Answer,58,16512,1451,
s855544379,p03866,u781091740,1480909044,C++,C++14 (GCC 5.4.1),cpp,Wrong Answer,2104,31616,4858,
s533082434,p03866,u952139162,1480909034,C++,C++14 (GCC 5.4.1),cpp,Wrong Answer,88,16512,2631,
s611806982,p03866,u415718472,1480909032,Java,Java8 (OpenJDK 1.8.0),java,Wrong Answer,1922,9768,5409,
s006272424,p03866,u205367115,1480909028,C++,C++14 (Clang 3.8.0),cpp,Wrong Answer,38,888,1661,
s597082373,p03866,u261965335,1480909013,C++,C++14 (GCC 5.4.1),cpp,Wrong Answer,106,4592,1750,
s399891751,p03866,u830390742,1480908998,D,D (DMD64 v2.070.1),d,Time Limit Exceeded,2105,16636,3181,
s952184862,p03866,u478808605,1480908990,C++,C++14 (GCC 5.4.1),cpp,Wrong Answer,144,24300,1583,
s728076405,p03866,u445167028,1480908981,C++,C++14 (GCC 5.4.1),cpp,Wrong Answer,108,10356,1528,
s407773521,p03866,u360980679,1480908978,C++,C++14 (GCC 5.4.1),cpp,Wrong Answer,171,36916,2228,
s297913937,p03866,u279013117,1480908952,C++,C++14 (GCC 5.4.1),cpp,Runtime Error,114,16764,3256,
s563096585,p03866,u781091740,1480908936,C++,C++14 (GCC 5.4.1),cpp,Wrong Answer,2104,31616,4851,
s880633304,p03866,u702996070,1480908935,C++,C++14 (GCC 5.4.1),cpp,Accepted,272,32884,12900,
s682592164,p03866,u120143737,1480908929,C++,C++14 (GCC 5.4.1),cpp,Wrong Answer,119,12400,1190,
s037420044,p03866,u478808605,1480908901,C++,C++14 (GCC 5.4.1),cpp,Wrong Answer,75,18164,1580,
s888532185,p03866,u504669764,1480908897,Java,Java8 (OpenJDK 1.8.0),java,Wrong Answer,453,39604,2364,
s716572412,p03866,u488078009,1480908891,C++,C++14 (GCC 5.4.1),cpp,Wrong Answer,112,16496,2880,
s343274760,p03866,u781091740,1480908883,C++,C++14 (GCC 5.4.1),cpp,Wrong Answer,2104,31616,4848,
s652107745,p03866,u842401785,1480908873,C,C (GCC 5.4.1),c,Runtime Error,536,256,2849,
s986905195,p03866,u445167028,1480908867,C++,C++14 (GCC 5.4.1),cpp,Wrong Answer,106,10356,1532,
s011754100,p03866,u279013117,1480908860,C++,C++14 (GCC 5.4.1),cpp,Wrong Answer,115,16764,3250,
s373838956,p03866,u854685751,1480908834,Python,Python (3.4.3),py,Wrong Answer,879,24180,1394,
s474911757,p03866,u649310245,1480908821,C++,C++14 (GCC 5.4.1),cpp,Accepted,23,8064,6553,
s247297349,p03866,u781091740,1480908812,C++,C++14 (GCC 5.4.1),cpp,Wrong Answer,2104,31744,4848,
s438653632,p03866,u094036798,1480908809,C++,C++14 (GCC 5.4.1),cpp,Wrong Answer,37,12160,1652,
s096761360,p03866,u608965386,1480908799,C++,C++14 (GCC 5.4.1),cpp,Wrong Answer,23,8064,2530,
s155309261,p03866,u478808605,1480908799,C++,C++14 (GCC 5.4.1),cpp,Wrong Answer,257,384,1576,
s187211720,p03866,u094718623,1480908786,C++,C++14 (GCC 5.4.1),cpp,Time Limit Exceeded,2103,15872,1294,
s738893458,p03866,u272028993,1480908774,Python,PyPy2 (5.6.0),py,Time Limit Exceeded,2110,122396,959,
s486599652,p03866,u254244394,1480908767,C++,C++14 (GCC 5.4.1),cpp,Accepted,142,16512,1563,
s587222326,p03866,u647279340,1480908746,C++,C++14 (GCC 5.4.1),cpp,Wrong Answer,16,384,1295,
s544536154,p03866,u445167028,1480908728,C++,C++14 (GCC 5.4.1),cpp,Wrong Answer,109,10356,1941,
s403443475,p03866,u226155577,1480908688,Python,PyPy2 (5.6.0),py,Wrong Answer,1096,76444,1218,
s514106827,p03866,u781091740,1480908687,C++,C++14 (GCC 5.4.1),cpp,Wrong Answer,2104,35824,4857,
s333349235,p03866,u094036798,1480908667,C++,C++14 (GCC 5.4.1),cpp,Wrong Answer,448,19968,1807,
s344400440,p03866,u657011188,1480908659,C++,C++14 (GCC 5.4.1),cpp,Time Limit Exceeded,2103,8688,1640,
s610861840,p03866,u226155577,1480908653,Python,PyPy2 (5.6.0),py,Wrong Answer,1148,76316,1218,
s484664821,p03866,u488078009,1480908649,C++,C++14 (GCC 5.4.1),cpp,Wrong Answer,117,16496,2855,
s093039100,p03866,u630452895,1480908645,C++,C++14 (Clang 3.8.0),cpp,Time Limit Exceeded,2105,49132,3773,
s043350229,p03866,u842401785,1480908634,C,C (GCC 5.4.1),c,Runtime Error,121,256,2890,
s343042989,p03866,u567677663,1480908632,C++,C++14 (GCC 5.4.1),cpp,Wrong Answer,2102,4468,1093,
s975361722,p03866,u375933330,1480908595,C++,C++14 (GCC 5.4.1),cpp,Wrong Answer,11,384,1590,
s469863126,p03866,u445167028,1480908584,C++,C++14 (GCC 5.4.1),cpp,Wrong Answer,103,10356,1935,
s730224944,p03866,u617888512,1480908583,C,C (GCC 5.4.1),c,Wrong Answer,10,256,1250,
s228811257,p03866,u488078009,1480908576,C++,C++14 (GCC 5.4.1),cpp,Wrong Answer,111,16496,2855,
s110751834,p03866,u094036798,1480908574,C++,C++14 (GCC 5.4.1),cpp,Wrong Answer,447,19968,1806,
s862799427,p03866,u610441939,1480908566,C++,C++14 (GCC 5.4.1),cpp,Accepted,458,57336,1473,
s514001206,p03866,u245231620,1480908559,Java,Java7 (OpenJDK 1.7.0),java,Wrong Answer,2104,19344,3531,
s220739800,p03866,u952139162,1480908552,C++,C++14 (GCC 5.4.1),cpp,Wrong Answer,85,16512,2625,
s849173586,p03866,u630452895,1480908544,C++,C++14 (Clang 3.8.0),cpp,Time Limit Exceeded,2105,49072,3661,
s970297060,p03866,u278896584,1480908540,Ruby,Ruby (2.3.3),rb,Wrong Answer,1214,57980,3173,
s200697319,p03866,u024612773,1480908540,C++,C++14 (GCC 5.4.1),cpp,Accepted,316,46592,2426,
s696457170,p03866,u120143737,1480908518,C++,C++14 (GCC 5.4.1),cpp,Wrong Answer,44,10356,1192,
s241110217,p03866,u647279340,1480908512,C++,C++14 (GCC 5.4.1),cpp,Wrong Answer,16,384,1303,
s707215508,p03866,u079330987,1480908508,C++,C++14 (GCC 5.4.1),cpp,Accepted,363,20908,2742,
s525056368,p03866,u899220667,1480908428,C++,C++14 (GCC 5.4.1),cpp,Accepted,25,8064,1131,
s863610123,p03866,u197650109,1480908406,C++,C++14 (GCC 5.4.1),cpp,Wrong Answer,211,41104,2388,
s088608149,p03866,u272028993,1480908395,Python,PyPy2 (5.6.0),py,Time Limit Exceeded,2109,103068,1071,
s954396902,p03866,u899220667,1480908384,C++,C++14 (GCC 5.4.1),cpp,Compile Error,,,1114,
s268927683,p03866,u533920479,1480908368,C++,C++14 (GCC 5.4.1),cpp,Accepted,131,20756,1370,
s421087747,p03866,u610441939,1480908365,C++,C++14 (GCC 5.4.1),cpp,Wrong Answer,281,32884,1448,
s698862882,p03866,u024612773,1480908355,C++,C++14 (GCC 5.4.1),cpp,Wrong Answer,399,46592,2397,
s376836396,p03866,u864888234,1480908349,C++,C++14 (GCC 5.4.1),cpp,Time Limit Exceeded,2102,4468,1220,
s756138698,p03866,u456611841,1480908308,C++,C++14 (GCC 5.4.1),cpp,Wrong Answer,2136,629712,1155,
s628075660,p03866,u226155577,1480908306,Python,PyPy2 (5.6.0),py,Wrong Answer,1151,78236,1223,
s119551852,p03866,u079330987,1480908294,C++,C++14 (GCC 5.4.1),cpp,Wrong Answer,2103,7296,2739,
s776798140,p03866,u657011188,1480908272,C++,C++14 (GCC 5.4.1),cpp,Time Limit Exceeded,2103,8688,1640,
s795731318,p03866,u618738555,1480908272,C++,C++14 (GCC 5.4.1),cpp,Accepted,22,8832,1101,
s352512945,p03866,u415718472,1480908268,Java,Java8 (OpenJDK 1.8.0),java,Wrong Answer,796,9764,5409,
s950725214,p03866,u234413973,1480908249,C++,C++14 (GCC 5.4.1),cpp,Accepted,26,8192,1339,
s994839397,p03866,u504669764,1480908244,Java,Java8 (OpenJDK 1.8.0),java,Wrong Answer,321,39336,2448,
s269432770,p03866,u254244394,1480908242,C++,C++14 (GCC 5.4.1),cpp,Wrong Answer,65,16384,1594,
s026514439,p03866,u781091740,1480908242,C++,C++14 (GCC 5.4.1),cpp,Wrong Answer,2104,31744,5512,
s202443805,p03866,u205367115,1480908242,C++,C++14 (Clang 3.8.0),cpp,Wrong Answer,2102,888,1451,
s386712692,p03866,u254244394,1480908222,C++,C++14 (GCC 5.4.1),cpp,Wrong Answer,65,16384,1594,
s921024453,p03866,u226155577,1480908205,Python,PyPy2 (5.6.0),py,Runtime Error,1090,106908,1512,
s632931675,p03866,u560005828,1480908194,Java,Java8 (OpenJDK 1.8.0),java,Wrong Answer,1312,131556,3086,
s923471132,p03866,u567677663,1480908164,C++,C++14 (GCC 5.4.1),cpp,Wrong Answer,2102,4468,1093,
s673648726,p03866,u234413973,1480908152,C++,C++14 (GCC 5.4.1),cpp,Wrong Answer,26,8192,1336,
s930082822,p03866,u220114950,1480908122,C++,C++14 (GCC 5.4.1),cpp,Wrong Answer,67,384,1424,
s216765205,p03866,u254244394,1480908105,C++,C++14 (GCC 5.4.1),cpp,Wrong Answer,42,16384,1591,
s019895987,p03866,u347119353,1480908096,C++,C++14 (GCC 5.4.1),cpp,Accepted,33,16128,1457,
s317691765,p03866,u802071009,1480908091,C++,C++14 (GCC 5.4.1),cpp,Accepted,24,8320,1742,
s187895415,p03866,u104282757,1480908076,Python,Python (2.7.6),py,Wrong Answer,2104,18476,843,
s486746806,p03866,u284759714,1480908063,C++,C++14 (GCC 5.4.1),cpp,Accepted,281,73324,3269,
s489878592,p03866,u478870821,1480908035,C++,C++14 (Clang 3.8.0),cpp,Accepted,120,12400,1333,
s203996145,p03866,u120143737,1480908032,C++,C++14 (GCC 5.4.1),cpp,Wrong Answer,30,8320,1184,
s993781280,p03866,u272028993,1480908014,Python,PyPy2 (5.6.0),py,Time Limit Exceeded,2109,101660,972,
s342649011,p03866,u657011188,1480908007,C++,C++14 (GCC 5.4.1),cpp,Time Limit Exceeded,2107,49600,1591,
s823261291,p03866,u639989198,1480907993,C++,C++14 (Clang 3.8.0),cpp,Accepted,116,12400,1248,
s847532105,p03866,u445167028,1480907949,C++,C++14 (GCC 5.4.1),cpp,Time Limit Exceeded,2030,8192,1191,
s825512124,p03866,u309474138,1480907904,C,C (GCC 5.4.1),c,Runtime Error,110,128,1707,
s169717314,p03866,u773916255,1480907897,C#,C# (Mono 4.6.2.0),cs,Accepted,1999,190876,91385,
s423547362,p03866,u516828244,1480907868,C++,C++14 (GCC 5.4.1),cpp,Accepted,1050,20720,2165,
s858367038,p03866,u407106303,1480907837,C++,C++14 (GCC 5.4.1),cpp,Accepted,90,16248,1761,
s141926650,p03866,u048251253,1480907835,C++,C++14 (GCC 5.4.1),cpp,Accepted,18,8064,1093,
s254767557,p03866,u360980679,1480907818,C++,C++14 (GCC 5.4.1),cpp,Wrong Answer,169,36916,2295,
s053799383,p03866,u723297297,1480907814,C++,C++14 (GCC 5.4.1),cpp,Accepted,128,20592,1615,
s029845220,p03866,u567677663,1480907799,C++,C++14 (GCC 5.4.1),cpp,Wrong Answer,2102,4468,1053,
s183432667,p03866,u791622911,1480907793,C++,C++14 (GCC 5.4.1),cpp,Accepted,187,32500,2034,
s696220127,p03866,u848737670,1480907778,C++,C++14 (GCC 5.4.1),cpp,Accepted,277,8064,1085,
s619395937,p03866,u445167028,1480907778,C++,C++14 (GCC 5.4.1),cpp,Time Limit Exceeded,2102,256,1063,
s118032649,p03866,u639989198,1480907771,C++,C++14 (Clang 3.8.0),cpp,Time Limit Exceeded,2103,8192,1193,
s889758962,p03866,u560005828,1480907770,Java,Java8 (OpenJDK 1.8.0),java,Wrong Answer,1647,132596,3033,
s401073034,p03866,u900015623,1480907766,Java,Java8 (OpenJDK 1.8.0),java,Accepted,524,37740,6096,
s365753297,p03866,u242782996,1480907762,Java,Java8 (OpenJDK 1.8.0),java,Accepted,559,20980,7044,
s730051302,p03866,u475110558,1480907740,C#,C# (Mono 4.6.2.0),cs,Time Limit Exceeded,2107,66120,6260,
s910758756,p03866,u375933330,1480907735,C++,C++14 (GCC 5.4.1),cpp,Wrong Answer,12,384,1594,
s451151207,p03866,u309474138,1480907726,C,C (GCC 5.4.1),c,Compile Error,,,1689,
s771550396,p03866,u179838042,1480907706,C++,C++14 (GCC 5.4.1),cpp,Wrong Answer,1004,23060,1974,
s292073955,p03866,u478870821,1480907700,C++,C++14 (Clang 3.8.0),cpp,Time Limit Exceeded,2103,8320,1321,
s868345487,p03866,u079330987,1480907696,C++,C++14 (GCC 5.4.1),cpp,Time Limit Exceeded,2103,7296,2745,
s435002534,p03866,u781091740,1480907681,C++,C++14 (GCC 5.4.1),cpp,Wrong Answer,2103,18036,5814,
s906763963,p03866,u220114950,1480907671,C++,C++14 (GCC 5.4.1),cpp,Wrong Answer,66,384,1419,
s194527496,p03866,u407106303,1480907658,C++,C++14 (GCC 5.4.1),cpp,Wrong Answer,102,16248,1761,
s094746803,p03866,u679017160,1480907626,C++,C++14 (GCC 5.4.1),cpp,Wrong Answer,53,8192,1363,
s224419036,p03866,u242782996,1480907621,Java,Java8 (OpenJDK 1.8.0),java,Wrong Answer,563,20984,7053,
s735579171,p03866,u758675363,1480907619,C++,C++14 (GCC 5.4.1),cpp,Accepted,1016,8192,1526,
s923767702,p03866,u261886891,1480907605,C++,C++14 (GCC 5.4.1),cpp,Accepted,172,36848,1843,
s660464786,p03866,u181736559,1480907603,C++,C++14 (GCC 5.4.1),cpp,Accepted,130,20604,2299,
s648615555,p03866,u201165602,1480907593,C++,C++14 (GCC 5.4.1),cpp,Accepted,1010,8192,1144,
s678448637,p03866,u245232453,1480907592,C++,C++14 (GCC 5.4.1),cpp,Wrong Answer,95,32768,1489,
s926283174,p03866,u022783151,1480907585,C#,C# (Mono 4.6.2.0),cs,Accepted,1246,66216,116455,
s182743177,p03866,u864888234,1480907550,C++,C++14 (GCC 5.4.1),cpp,Time Limit Exceeded,2102,2304,1010,
s383797497,p03866,u401411506,1480907546,C++,C++14 (GCC 5.4.1),cpp,Accepted,161,16128,1421,
s820583081,p03866,u226155577,1480907544,Python,PyPy2 (5.6.0),py,Wrong Answer,2060,41884,1581,
s542010299,p03866,u039623862,1480907537,Python,Python (3.4.3),py,Time Limit Exceeded,2111,152720,1140,
s251422640,p03866,u179838042,1480907533,C++,C++14 (GCC 5.4.1),cpp,Wrong Answer,1005,23060,1965,
s935843585,p03866,u662843867,1480907528,C++,C++14 (GCC 5.4.1),cpp,Accepted,12,256,1302,
s001485390,p03866,u956530786,1480907526,D,D (DMD64 v2.070.1),d,Accepted,135,38396,1462,
s364620794,p03866,u366676780,1480907525,C#,C# (Mono 4.6.2.0),cs,Wrong Answer,123,15060,3669,
s989844747,p03866,u900015623,1480907520,Java,Java8 (OpenJDK 1.8.0),java,Wrong Answer,237,19408,6086,
s504175578,p03866,u261886891,1480907518,C++,C++14 (GCC 5.4.1),cpp,Wrong Answer,166,36848,1717,
s227381781,p03866,u628285884,1480907517,C++,C++14 (GCC 5.4.1),cpp,Accepted,309,37376,1588,
s496895072,p03866,u434647865,1480907508,C++,C++14 (GCC 5.4.1),cpp,Accepted,129,20720,2198,
s552620462,p03866,u152129372,1480907502,C++,C++14 (GCC 5.4.1),cpp,Accepted,297,33036,3257,
s962905521,p03866,u821802586,1480907502,C++,C++14 (GCC 5.4.1),cpp,Accepted,27,8192,5474,
s074111311,p03866,u366676780,1480907499,C#,C# (Mono 4.6.2.0),cs,Wrong Answer,24,3416,3671,
s117545026,p03866,u039623862,1480907469,Python,PyPy3 (2.4.0),py,Accepted,1714,178784,1140,
s130979987,p03866,u205367115,1480907459,C++,C++14 (Clang 3.8.0),cpp,Wrong Answer,2102,888,1448,
s450568818,p03866,u279013117,1480907448,C++,C++14 (GCC 5.4.1),cpp,Wrong Answer,113,16764,3130,
s918832742,p03866,u245232453,1480907445,C++,C++14 (GCC 5.4.1),cpp,Compile Error,,,1470,
s794564597,p03866,u475110558,1480907431,C#,C# (Mono 4.6.2.0),cs,Time Limit Exceeded,2106,66120,6246,
s327278847,p03866,u261886891,1480907430,C++,C++14 (GCC 5.4.1),cpp,Wrong Answer,89,32640,1715,
s074407311,p03866,u566971318,1480907420,Pascal,Pascal (FPC 2.6.2),pas,Accepted,26,9600,2089,
s320415787,p03866,u685892567,1480907401,C++,C++14 (GCC 5.4.1),cpp,Accepted,48,17664,1424,
s331825693,p03866,u462245639,1480907393,C++,C++14 (GCC 5.4.1),cpp,Wrong Answer,45,16768,2862,
s265231676,p03866,u560005828,1480907387,Java,Java8 (OpenJDK 1.8.0),java,Wrong Answer,1308,132720,3031,
s249552293,p03866,u955723966,1480907384,C++,C++14 (GCC 5.4.1),cpp,Accepted,1661,24428,1779,
s365660622,p03866,u347163009,1480907384,C++,C++14 (GCC 5.4.1),cpp,Accepted,174,16764,1556,
s674303345,p03866,u935586669,1480907379,C++,C++14 (Clang 3.8.0),cpp,Accepted,116,12400,1833,
s825160477,p03866,u679017160,1480907377,C++,C++14 (GCC 5.4.1),cpp,Wrong Answer,33,8320,1108,
s776562851,p03866,u773916255,1480907376,C#,C# (Mono 4.6.2.0),cs,Time Limit Exceeded,2112,170356,91308,
s313762263,p03866,u896838289,1480907374,C++,C++14 (GCC 5.4.1),cpp,Accepted,1039,8448,2675,
s528564204,p03866,u152129372,1480907365,C++,C++14 (GCC 5.4.1),cpp,Wrong Answer,203,20884,3251,
s338707082,p03866,u087802005,1480907350,C++,C++14 (GCC 5.4.1),cpp,Accepted,122,12400,1554,
s918823634,p03866,u261886891,1480907345,C++,C++14 (GCC 5.4.1),cpp,Wrong Answer,167,36848,1711,
s918409125,p03866,u298026919,1480907327,C++,C++14 (GCC 5.4.1),cpp,Accepted,1105,18432,994,
s392102083,p03866,u179838042,1480907306,C++,C++14 (GCC 5.4.1),cpp,Wrong Answer,913,23060,1927,
s322841953,p03866,u955723966,1480907306,C++,C++14 (GCC 5.4.1),cpp,Time Limit Exceeded,2103,8684,1648,
s874989083,p03866,u220114950,1480907298,C++,C++14 (GCC 5.4.1),cpp,Wrong Answer,68,384,1353,
s736317030,p03866,u900015623,1480907286,Java,Java8 (OpenJDK 1.8.0),java,Wrong Answer,258,19688,5997,
s035043451,p03866,u959365020,1480907284,C++,C++14 (GCC 5.4.1),cpp,Time Limit Exceeded,2102,5120,4242,
s078642769,p03866,u774845108,1480907280,C#,C# (Mono 4.6.2.0),cs,Accepted,84,14680,3084,
s837190218,p03866,u261886891,1480907276,C++,C++14 (GCC 5.4.1),cpp,Compile Error,,,1693,
s562530840,p03866,u370866337,1480907271,C++,C++14 (GCC 5.4.1),cpp,Accepted,171,8684,1480,
s960803824,p03866,u956530786,1480907262,D,D (DMD64 v2.070.1),d,Wrong Answer,275,27900,1448,
s623585368,p03866,u375933330,1480907262,C++,C++14 (GCC 5.4.1),cpp,Wrong Answer,12,384,1589,
s170712811,p03866,u039623862,1480907253,Python,Python (3.4.3),py,Time Limit Exceeded,2111,152868,1150,
s965921847,p03866,u568652083,1480907235,C++,C++14 (GCC 5.4.1),cpp,Accepted,392,18548,2368,
s941090006,p03866,u279013117,1480907227,C++,C++14 (GCC 5.4.1),cpp,Wrong Answer,112,16892,3069,
s095232581,p03866,u956530786,1480907208,D,D (DMD64 v2.070.1),d,Compile Error,,,1443,
s040723168,p03866,u642276427,1480907200,C++,C++14 (GCC 5.4.1),cpp,Accepted,133,20604,2423,
s016470936,p03866,u179838042,1480907194,C++,C++14 (GCC 5.4.1),cpp,Wrong Answer,49,18944,1904,
s969384317,p03866,u500496457,1480907171,C++,C++14 (Clang 3.8.0),cpp,Wrong Answer,59,8192,3530,
s621097758,p03866,u723297297,1480907170,C++,C++14 (GCC 5.4.1),cpp,Wrong Answer,53,16512,1588,
s160487033,p03866,u261886891,1480907168,C++,C++14 (GCC 5.4.1),cpp,Wrong Answer,169,36848,1691,
s480099985,p03866,u429053592,1480907144,Java,Java8 (OpenJDK 1.8.0),java,Accepted,523,49840,7862,
s381924240,p03866,u043140379,1480907141,C++,C++14 (GCC 5.4.1),cpp,Accepted,1381,384,1691,
s588234326,p03866,u197650109,1480907140,C++,C++14 (GCC 5.4.1),cpp,Wrong Answer,129,20756,2347,
s156466862,p03866,u036385662,1480907138,C++,C++14 (GCC 5.4.1),cpp,Accepted,108,384,1350,
s983452938,p03866,u781091740,1480907137,C++,C++14 (GCC 5.4.1),cpp,Wrong Answer,2103,18164,5847,
s841663718,p03866,u993619636,1480907127,C++,C++14 (GCC 5.4.1),cpp,Accepted,21,8064,1524,
s015823832,p03866,u896838289,1480907122,C++,C++14 (GCC 5.4.1),cpp,Wrong Answer,1025,8320,2659,
s916190528,p03866,u922034315,1480907090,C++,C++11 (GCC 4.8.1),cpp,Accepted,128,16500,2730,
s164153725,p03866,u500496457,1480907085,C++,C++14 (Clang 3.8.0),cpp,Wrong Answer,57,8192,3527,
s037490715,p03866,u955723966,1480907084,C++,C++14 (GCC 5.4.1),cpp,Time Limit Exceeded,2103,8684,1623,
s136858260,p03866,u407106303,1480907078,C++,C++14 (GCC 5.4.1),cpp,Wrong Answer,99,16248,1745,
s260461399,p03866,u415718472,1480907064,Java,Java8 (OpenJDK 1.8.0),java,Wrong Answer,903,25204,5530,
s133552652,p03866,u401411506,1480907058,C++,C++14 (GCC 5.4.1),cpp,Wrong Answer,173,16256,1382,
s810119949,p03866,u434647865,1480907053,C++,C++14 (GCC 5.4.1),cpp,Wrong Answer,42,16640,2199,
s843411501,p03866,u516828244,1480907040,C++,C++14 (GCC 5.4.1),cpp,Wrong Answer,1043,20720,2165,
s991641055,p03866,u781091740,1480907030,C++,C++14 (GCC 5.4.1),cpp,Wrong Answer,2234,18036,5761,
s522743816,p03866,u279013117,1480907028,C++,C++14 (GCC 5.4.1),cpp,Wrong Answer,114,16892,3055,
s074667233,p03866,u533920479,1480906995,C++,C++14 (GCC 5.4.1),cpp,Wrong Answer,45,16640,1337,
s423605707,p03866,u407106303,1480906994,C++,C++14 (GCC 5.4.1),cpp,Wrong Answer,92,16248,1746,
s617663557,p03866,u216265202,1480906994,C++,C++14 (GCC 5.4.1),cpp,Accepted,113,12272,1279,
s014850598,p03866,u802071009,1480906986,C++,C++14 (GCC 5.4.1),cpp,Wrong Answer,2103,16384,1229,
s566836171,p03866,u495913622,1480906984,C++,C++14 (GCC 5.4.1),cpp,Accepted,106,4464,1693,
s371673934,p03866,u284759714,1480906968,C++,C++14 (GCC 5.4.1),cpp,Wrong Answer,162,69232,3197,
s953185718,p03866,u233602244,1480906967,C++,C++14 (GCC 5.4.1),cpp,Accepted,126,20720,2698,
s320588713,p03866,u249726977,1480906939,C++,C++14 (GCC 5.4.1),cpp,Accepted,815,17024,2285,
s636631926,p03866,u650442425,1480906927,C++,C++14 (GCC 5.4.1),cpp,Accepted,111,12400,2816,
s208659057,p03866,u261886891,1480906921,C++,C++14 (GCC 5.4.1),cpp,Wrong Answer,81,33724,1692,
s698461756,p03866,u347163009,1480906916,C++,C++14 (GCC 5.4.1),cpp,Wrong Answer,174,16892,1556,
s039133931,p03866,u600704648,1480906913,C++,C++14 (GCC 5.4.1),cpp,Accepted,11,256,1465,
s821920257,p03866,u216265202,1480906912,C++,C++14 (GCC 5.4.1),cpp,Wrong Answer,118,12272,1279,
s778041396,p03866,u956530786,1480906908,D,D (DMD64 v2.070.1),d,Wrong Answer,314,38268,1348,
s716158010,p03866,u698476472,1480906904,C++,C++14 (GCC 5.4.1),cpp,Accepted,94,8192,1109,
s942452918,p03866,u630452895,1480906903,C++,C++14 (Clang 3.8.0),cpp,Time Limit Exceeded,2126,557208,1854,
s179041588,p03866,u543789604,1480906884,C++,C++14 (GCC 5.4.1),cpp,Accepted,306,39168,1409,
s220944894,p03866,u347163009,1480906882,C++,C++14 (GCC 5.4.1),cpp,Compile Error,,,1539,
s237564453,p03866,u407106303,1480906879,C++,C++14 (GCC 5.4.1),cpp,Wrong Answer,94,16248,1746,
s028340289,p03866,u912359563,1480906866,C++,C++14 (GCC 5.4.1),cpp,Accepted,625,20592,2157,
s557868641,p03866,u125181886,1480906839,C++,C++14 (GCC 5.4.1),cpp,Accepted,231,40812,2526,
s666148980,p03866,u685892567,1480906836,C++,C++14 (GCC 5.4.1),cpp,Wrong Answer,26,17664,1616,
s049085334,p03866,u434647865,1480906818,C++,C++14 (GCC 5.4.1),cpp,Wrong Answer,41,16640,2191,
s399743374,p03866,u630452895,1480906799,C++,C++14 (Clang 3.8.0),cpp,Wrong Answer,136,49384,1899,
s729045100,p03866,u656368720,1480906798,C++,C++14 (GCC 5.4.1),cpp,Accepted,1013,8320,1845,
s361412115,p03866,u993619636,1480906791,C++,C++14 (GCC 5.4.1),cpp,Wrong Answer,30,8064,1514,
s893041590,p03866,u284759714,1480906790,C++,C++14 (GCC 5.4.1),cpp,Wrong Answer,94,34932,3189,
s249869232,p03866,u429053592,1480906782,Java,Java8 (OpenJDK 1.8.0),java,Time Limit Exceeded,2107,34480,7807,
s595147100,p03866,u015679112,1480906781,C++,C++14 (GCC 5.4.1),cpp,Accepted,119,20592,1975,
s718285859,p03866,u407106303,1480906775,C++,C++14 (GCC 5.4.1),cpp,Wrong Answer,101,16248,1746,
s857754331,p03866,u475110558,1480906766,C#,C# (Mono 4.6.2.0),cs,Time Limit Exceeded,2106,66120,6230,
s798080149,p03866,u366676780,1480906762,C#,C# (Mono 4.6.2.0),cs,Wrong Answer,207,10968,3676,
s103500217,p03866,u810735437,1480906740,C++,C++14 (Clang 3.8.0),cpp,Accepted,139,20756,3112,
s306239802,p03866,u007610006,1480906728,C++,C++14 (GCC 5.4.1),cpp,Accepted,111,12400,1261,
s530218197,p03866,u624678037,1480906727,C++,C++14 (GCC 5.4.1),cpp,Accepted,21,8192,1913,
s121744230,p03866,u463834315,1480906726,C++,C++14 (GCC 5.4.1),cpp,Accepted,129,24848,2319,
s802510250,p03866,u543789604,1480906723,C++,C++14 (GCC 5.4.1),cpp,Wrong Answer,132,19328,1375,
s782686118,p03866,u375933330,1480906708,C++,C++14 (GCC 5.4.1),cpp,Wrong Answer,12,512,1587,
s664457096,p03866,u024464154,1480906704,C++,C++14 (GCC 5.4.1),cpp,Accepted,187,16000,1769,
s148160733,p03866,u226155577,1480906701,Python,PyPy2 (5.6.0),py,Wrong Answer,2105,110748,1481,
s097288100,p03866,u810735437,1480906689,C++,C++14 (Clang 3.8.0),cpp,Compile Error,,,3225,
s638207099,p03866,u366676780,1480906669,C#,C# (Mono 4.6.2.0),cs,Wrong Answer,203,10968,3675,
s342748241,p03866,u231248607,1480906647,C++,C++14 (GCC 5.4.1),cpp,Accepted,1477,35712,2213,
s589673245,p03866,u366676780,1480906633,C#,C# (Mono 4.6.2.0),cs,Wrong Answer,2104,17808,3676,
s653404356,p03866,u097204018,1480906626,Java,Java8 (OpenJDK 1.8.0),java,Accepted,306,22832,3014,
s197052609,p03866,u360980679,1480906608,C++,C++14 (GCC 5.4.1),cpp,Wrong Answer,179,36916,2270,
s783096501,p03866,u043140379,1480906593,C++,C++14 (GCC 5.4.1),cpp,Time Limit Exceeded,2102,4476,1672,
s112485293,p03866,u543789604,1480906586,C++,C++14 (GCC 5.4.1),cpp,Wrong Answer,151,19328,1375,
s026644155,p03866,u815524843,1480906580,C++,C++14 (GCC 5.4.1),cpp,Accepted,217,40812,1240,
s908312695,p03866,u121922047,1480906544,C,C (GCC 5.4.1),c,Accepted,1028,8320,569,
s385124990,p03866,u474333224,1480906543,C++,C++14 (GCC 5.4.1),cpp,Accepted,117,8684,1897,
s062161315,p03866,u434647865,1480906534,C++,C++14 (GCC 5.4.1),cpp,Wrong Answer,43,16640,2189,
s385768117,p03866,u696805736,1480906531,C++,C++14 (GCC 5.4.1),cpp,Accepted,129,20592,2219,
s605768760,p03866,u307473925,1480906515,C++,C++14 (GCC 5.4.1),cpp,Accepted,110,12400,1682,
s625800030,p03866,u685892567,1480906514,C++,C++14 (GCC 5.4.1),cpp,Time Limit Exceeded,2126,542036,1607,
s135745125,p03866,u360980679,1480906468,C++,C++14 (GCC 5.4.1),cpp,Wrong Answer,180,36916,2260,
s283972351,p03866,u657011188,1480906435,C++,C++14 (GCC 5.4.1),cpp,Wrong Answer,424,33256,1519,
s375135704,p03866,u197650109,1480906413,C++,C++14 (GCC 5.4.1),cpp,Wrong Answer,128,20756,2366,
s018233381,p03866,u628047647,1480906409,C++,C++14 (GCC 5.4.1),cpp,Accepted,142,36628,1875,
s610429241,p03866,u231248607,1480906403,C++,C++14 (GCC 5.4.1),cpp,Wrong Answer,2104,33408,2919,
s065154327,p03866,u769201746,1480906394,Java,Java8 (OpenJDK 1.8.0),java,Accepted,422,41920,4623,
s542380302,p03866,u698476472,1480906387,C++,C++14 (GCC 5.4.1),cpp,Time Limit Exceeded,2103,12272,872,
s891563832,p03866,u043140379,1480906383,C++,C++14 (GCC 5.4.1),cpp,Wrong Answer,606,4476,1838,
s169950850,p03866,u429053592,1480906374,Java,Java8 (OpenJDK 1.8.0),java,Wrong Answer,2105,34372,7724,
s584627864,p03866,u417705043,1480906368,C++,C++14 (GCC 5.4.1),cpp,Accepted,124,20848,2147,
s872761712,p03866,u928536305,1480906368,C++,C++14 (GCC 5.4.1),cpp,Accepted,110,12404,2647,
s750963479,p03866,u672110451,1480906345,C++,C++14 (GCC 5.4.1),cpp,Accepted,167,16744,1354,
s576760575,p03866,u752161277,1480906335,C++,C++14 (GCC 5.4.1),cpp,Accepted,216,40940,1807,
s738053058,p03866,u015679112,1480906313,C++,C++14 (GCC 5.4.1),cpp,Wrong Answer,118,20592,1925,
s312564552,p03866,u543189005,1480906304,C++,C++14 (GCC 5.4.1),cpp,Accepted,1181,8960,1938,
s499251023,p03866,u848737670,1480906300,C++,C++14 (GCC 5.4.1),cpp,Time Limit Exceeded,2103,8192,944,
s559601901,p03866,u521272340,1480906287,C++,C++14 (GCC 5.4.1),cpp,Accepted,126,24704,2561,
s157592845,p03866,u366676780,1480906278,C#,C# (Mono 4.6.2.0),cs,Wrong Answer,343,10968,3672,
s980916245,p03866,u545022164,1480906274,C++,C++14 (GCC 5.4.1),cpp,Accepted,953,21268,1961,
s313696410,p03866,u691536343,1480906274,C++,C++14 (GCC 5.4.1),cpp,Accepted,172,8684,1136,
s023383253,p03866,u279013117,1480906272,C++,C++14 (GCC 5.4.1),cpp,Wrong Answer,112,16884,2954,
s955940734,p03866,u723297297,1480906265,C++,C++14 (GCC 5.4.1),cpp,Wrong Answer,49,16384,1585,
s810452185,p03866,u109105878,1480906262,C++,C++14 (GCC 5.4.1),cpp,Accepted,112,12404,1276,
s734322690,p03866,u263047979,1480906246,C++,C++14 (GCC 5.4.1),cpp,Accepted,11,384,1470,
s933874114,p03866,u024464154,1480906240,C++,C++14 (GCC 5.4.1),cpp,Wrong Answer,158,16000,1768,
s854358323,p03866,u981966125,1480906239,C++,C++14 (GCC 5.4.1),cpp,Wrong Answer,2104,31488,1448,
s012623034,p03866,u568652083,1480906237,C++,C++14 (GCC 5.4.1),cpp,Wrong Answer,48,16384,2347,
s059373343,p03866,u896838289,1480906230,C++,C++14 (GCC 5.4.1),cpp,Wrong Answer,1031,8448,2244,
s187389730,p03866,u395169257,1480906222,C++,C++14 (GCC 5.4.1),cpp,Accepted,1717,8192,1432,
s248666786,p03866,u752161277,1480906200,C++,C++14 (GCC 5.4.1),cpp,Wrong Answer,166,32640,1800,
s437220705,p03866,u226155577,1480906199,Python,PyPy2 (5.6.0),py,Wrong Answer,1313,78236,1197,
s472942014,p03866,u022317850,1480906193,C++,C++14 (GCC 5.4.1),cpp,Accepted,107,12284,2186,
s237829669,p03866,u024464154,1480906176,C++,C++14 (GCC 5.4.1),cpp,Compile Error,,,1755,
s082469346,p03866,u231248607,1480906150,C++,C++14 (GCC 5.4.1),cpp,Wrong Answer,2104,33408,2877,
s867467286,p03866,u976162616,1480906136,C++,C++14 (GCC 5.4.1),cpp,Accepted,122,20720,2659,
s671279888,p03866,u568652083,1480906133,C++,C++14 (GCC 5.4.1),cpp,Wrong Answer,48,16384,2346,
s525291305,p03866,u366676780,1480906126,C#,C# (Mono 4.6.2.0),cs,Wrong Answer,209,10968,3681,
s168349446,p03866,u543189005,1480906124,C++,C++14 (GCC 5.4.1),cpp,Time Limit Exceeded,2103,9340,1911,
s638411870,p03866,u698476472,1480906118,C++,C++14 (GCC 5.4.1),cpp,Time Limit Exceeded,2103,12400,878,
s603356591,p03866,u752161277,1480906110,C++,C++14 (GCC 5.4.1),cpp,Wrong Answer,158,32768,1768,
s864381670,p03866,u264312457,1480906102,C++,C++14 (GCC 5.4.1),cpp,Accepted,213,40976,3530,
s415749642,p03866,u685892567,1480906094,C++,C++14 (GCC 5.4.1),cpp,Time Limit Exceeded,2126,542036,1607,
s126957657,p03866,u900485130,1480906077,C++,C++14 (GCC 5.4.1),cpp,Accepted,283,73196,2318,
s939927839,p03866,u068074371,1480906065,C++,C++14 (GCC 5.4.1),cpp,Accepted,181,8684,2327,
s981732708,p03866,u630452895,1480906013,C++,C++14 (Clang 3.8.0),cpp,Wrong Answer,135,49384,1815,
s399073717,p03866,u752161277,1480906009,C++,C++14 (GCC 5.4.1),cpp,Wrong Answer,159,32896,1768,
s391484477,p03866,u043140379,1480906009,C++,C++14 (GCC 5.4.1),cpp,Wrong Answer,193,4476,1818,
s189519633,p03866,u976162616,1480906006,C++,C++14 (GCC 5.4.1),cpp,Wrong Answer,47,16640,2635,
s152018257,p03866,u475110558,1480905994,C#,C# (Mono 4.6.2.0),cs,Time Limit Exceeded,2107,66120,6189,
s052258664,p03866,u468273690,1480905989,C++,C++14 (GCC 5.4.1),cpp,Accepted,172,8684,1987,
s939258411,p03866,u834777932,1480905970,C++,C++14 (GCC 5.4.1),cpp,Accepted,109,16492,3734,
s274594227,p03866,u015679112,1480905967,C++,C++14 (GCC 5.4.1),cpp,Wrong Answer,118,20592,2036,
s736258880,p03866,u543189005,1480905955,C++,C++14 (GCC 5.4.1),cpp,Time Limit Exceeded,2103,9340,1879,
s921518115,p03866,u264312457,1480905951,C++,C++14 (GCC 5.4.1),cpp,Wrong Answer,217,40940,3367,
s036845542,p03866,u366676780,1480905949,C#,C# (Mono 4.6.2.0),cs,Wrong Answer,205,10968,3497,
s504945050,p03866,u848737670,1480905945,C++,C++14 (GCC 5.4.1),cpp,Wrong Answer,69,8192,905,
s827213775,p03866,u043140379,1480905912,C++,C++14 (GCC 5.4.1),cpp,Wrong Answer,41,2432,1812,
s474560256,p03866,u900485130,1480905887,C++,C++14 (GCC 5.4.1),cpp,Wrong Answer,283,73196,2211,
s631020846,p03866,u693386219,1480905884,C++,C++14 (GCC 5.4.1),cpp,Accepted,237,37360,3539,
s327094862,p03866,u696805736,1480905882,C++,C++14 (GCC 5.4.1),cpp,Wrong Answer,133,20592,2006,
s962926906,p03866,u798181098,1480905878,C++,C++14 (GCC 5.4.1),cpp,Accepted,169,36916,3228,
s795593541,p03866,u366676780,1480905865,C#,C# (Mono 4.6.2.0),cs,Wrong Answer,206,10968,3497,
s802194003,p03866,u231248607,1480905861,C++,C++14 (GCC 5.4.1),cpp,Wrong Answer,1451,35584,2658,
s573564777,p03866,u933821389,1480905860,C++,C++14 (GCC 5.4.1),cpp,Accepted,353,17536,4389,
s491586445,p03866,u904637712,1480905857,C++,C++14 (GCC 5.4.1),cpp,Accepted,212,34280,1237,
s742749756,p03866,u630452895,1480905854,C++,C++14 (Clang 3.8.0),cpp,Time Limit Exceeded,2127,557080,1769,
s884188602,p03866,u611502820,1480905852,Java,Java8 (OpenJDK 1.8.0),java,Accepted,1794,102580,4922,
s849169743,p03866,u279013117,1480905845,C++,C++14 (GCC 5.4.1),cpp,Wrong Answer,78,8696,2940,
s717350858,p03866,u904637712,1480905845,C++,C++14 (GCC 5.4.1),cpp,Wrong Answer,1080,49896,1235,
s503784817,p03866,u834777932,1480905820,C++,C++14 (GCC 5.4.1),cpp,Wrong Answer,107,16492,3733,
s907803862,p03866,u900485130,1480905815,C++,C++14 (GCC 5.4.1),cpp,Wrong Answer,167,36848,2171,
s020515040,p03866,u236170018,1480905814,C++,C++14 (GCC 5.4.1),cpp,Accepted,214,41008,2506,
s256811462,p03866,u068074371,1480905808,C++,C++14 (GCC 5.4.1),cpp,Wrong Answer,196,16744,2322,
s767183209,p03866,u372633838,1480905807,C++,C++14 (GCC 5.4.1),cpp,Accepted,195,8692,1433,
s048644157,p03866,u617255029,1480905795,Java,Java8 (OpenJDK 1.8.0),java,Accepted,1685,37472,6759,
s557381754,p03866,u791064891,1480905778,C++,C++14 (GCC 5.4.1),cpp,Accepted,116,8684,842,
s199583719,p03866,u940850666,1480905774,C++,C++14 (GCC 5.4.1),cpp,Accepted,16,8192,2152,
s335913842,p03866,u373525855,1480905749,D,D (DMD64 v2.070.1),d,Accepted,1437,12352,2506,
s837411997,p03866,u010733367,1480905739,C++,C++14 (GCC 5.4.1),cpp,Accepted,133,20592,3134,
s537548169,p03866,u475110558,1480905727,C#,C# (Mono 4.6.2.0),cs,Wrong Answer,205,50676,6185,
s375629759,p03866,u372633838,1480905725,C++,C++14 (GCC 5.4.1),cpp,Wrong Answer,94,8692,1432,
s483598441,p03866,u993802658,1480905722,C++,C++14 (GCC 5.4.1),cpp,Accepted,212,40976,1836,
s473301375,p03866,u209551477,1480905704,C++,C++14 (GCC 5.4.1),cpp,Accepted,111,4468,1832,
s114508038,p03866,u652683896,1480905703,C++,C++14 (GCC 5.4.1),cpp,Accepted,1018,8320,1398,
s269457733,p03866,u769201746,1480905687,Java,Java8 (OpenJDK 1.8.0),java,Wrong Answer,2109,92100,5997,
s767189222,p03866,u819604704,1480905682,C++,C++14 (GCC 5.4.1),cpp,Accepted,274,33036,2126,
s740624249,p03866,u657913472,1480905681,C++,C++14 (GCC 5.4.1),cpp,Accepted,130,20756,2964,
s069734499,p03866,u354271781,1480905672,C++,C++14 (GCC 5.4.1),cpp,Accepted,125,20592,1143,
s041327546,p03866,u478870821,1480905659,Python,Python (3.4.3),py,Time Limit Exceeded,2106,65176,893,
s530658120,p03866,u657011188,1480905655,C++,C++14 (GCC 5.4.1),cpp,Wrong Answer,257,16876,1445,
s088022612,p03866,u471587582,1480905650,C++,C++14 (GCC 5.4.1),cpp,Accepted,82,8192,1800,
s177083927,p03866,u904637712,1480905624,C++,C++14 (GCC 5.4.1),cpp,Wrong Answer,210,34280,1217,
s733487779,p03866,u016572066,1480905611,C++,C++14 (GCC 5.4.1),cpp,Accepted,207,68116,2240,
s912024916,p03866,u798181098,1480905607,C++,C++14 (GCC 5.4.1),cpp,Wrong Answer,86,32768,3032,
s951469745,p03866,u043140379,1480905599,C++,C++14 (GCC 5.4.1),cpp,Time Limit Exceeded,2102,4476,1662,
s598363448,p03866,u028496463,1480905577,C++,C++14 (GCC 5.4.1),cpp,Accepted,526,82068,2918,
s675412438,p03866,u068074371,1480905570,C++,C++14 (GCC 5.4.1),cpp,Wrong Answer,271,512,2334,
s958270404,p03866,u366676780,1480905563,C#,C# (Mono 4.6.2.0),cs,Wrong Answer,2103,17808,3488,
s865885285,p03866,u993802658,1480905557,C++,C++14 (GCC 5.4.1),cpp,Wrong Answer,187,32896,1837,
s493527703,p03866,u657913472,1480905550,C++,C++14 (GCC 5.4.1),cpp,Wrong Answer,64,18840,2965,
s108298854,p03866,u405859235,1480905541,C++,C++14 (GCC 5.4.1),cpp,Accepted,260,24808,1250,
s978041239,p03866,u637175065,1480905529,Python,Python (3.4.3),py,Accepted,1026,25560,1553,
s422569546,p03866,u904637712,1480905519,C++,C++14 (GCC 5.4.1),cpp,Wrong Answer,214,34280,1217,
s235897189,p03866,u685892567,1480905504,C++,C++14 (GCC 5.4.1),cpp,Time Limit Exceeded,2131,576336,1457,
s064083167,p03866,u373525855,1480905496,D,D (DMD64 v2.070.1),d,Time Limit Exceeded,2106,63316,2666,
s955780177,p03866,u696805736,1480905494,C++,C++14 (GCC 5.4.1),cpp,Wrong Answer,129,20592,2006,
s113107120,p03866,u591343832,1480905468,C++,C++14 (GCC 5.4.1),cpp,Accepted,125,20208,5222,
s390876448,p03866,u284124505,1480905462,C++,C++14 (GCC 5.4.1),cpp,Accepted,150,44016,3367,
s810245297,p03866,u933821389,1480905462,C++,C++14 (GCC 5.4.1),cpp,Time Limit Exceeded,2104,23424,4390,
s866690799,p03866,u043140379,1480905452,C++,C++14 (GCC 5.4.1),cpp,Time Limit Exceeded,2102,4476,1662,
s733041290,p03866,u715675531,1480905446,C++,C++14 (GCC 5.4.1),cpp,Accepted,763,12420,3007,
s151302012,p03866,u682550266,1480905407,C++,C++14 (GCC 5.4.1),cpp,Accepted,108,16492,936,
s819381643,p03866,u558671021,1480905395,C++,C++14 (GCC 5.4.1),cpp,Accepted,124,20592,1844,
s225359130,p03866,u478870821,1480905394,Python,Python (3.4.3),py,Time Limit Exceeded,2106,65692,1405,
s245618641,p03866,u226155577,1480905385,Python,Python (2.7.6),py,Wrong Answer,2104,33408,874,
s329310327,p03866,u637175065,1480905381,Python,Python (3.4.3),py,Wrong Answer,1810,25560,1522,
s349542981,p03866,u932038818,1480905377,C++,C++14 (GCC 5.4.1),cpp,Accepted,325,39168,1474,
s246615618,p03866,u412820911,1480905366,C++,C++14 (GCC 5.4.1),cpp,Accepted,191,32620,11208,
s454899922,p03866,u441096482,1480905364,C++,C++14 (GCC 5.4.1),cpp,Accepted,125,20592,2454,
s558568422,p03866,u810533911,1480905358,C++,C++14 (GCC 5.4.1),cpp,Accepted,24,8960,1290,
s674873225,p03866,u687214625,1480905357,C++,C++14 (GCC 5.4.1),cpp,Accepted,1816,139248,5786,
s868025752,p03866,u233632872,1480905339,C++,C++14 (GCC 5.4.1),cpp,Accepted,107,4464,764,
s611225963,p03866,u764076797,1480905333,C++,C++14 (GCC 5.4.1),cpp,Accepted,94,8192,1858,
s568045188,p03866,u226155577,1480905320,Python,Python (2.7.6),py,Wrong Answer,2103,11008,874,
s604296054,p03866,u120810144,1480905316,C++,C++14 (GCC 5.4.1),cpp,Accepted,117,16500,1707,
s613407656,p03866,u234395310,1480905315,C++,C++14 (GCC 5.4.1),cpp,Accepted,623,20592,1579,
s207102852,p03866,u617255029,1480905287,Java,Java8 (OpenJDK 1.8.0),java,Wrong Answer,1704,37384,6726,
s366052959,p03866,u814026219,1480905286,Java,Java8 (OpenJDK 1.8.0),java,Accepted,288,23316,1851,
s726936586,p03866,u822140506,1480905259,C++,C++14 (GCC 5.4.1),cpp,Accepted,18,8192,1507,
s106142275,p03866,u558671021,1480905248,C++,C++14 (GCC 5.4.1),cpp,Wrong Answer,177,16512,1811,
s195027856,p03866,u156163787,1480905240,C++,C++14 (GCC 5.4.1),cpp,Accepted,21,8192,2054,
s889134567,p03866,u778204640,1480905239,C#,C# (Mono 4.6.2.0),cs,Accepted,77,15056,9540,
s432528219,p03866,u630958199,1480905236,C++,C++14 (GCC 5.4.1),cpp,Accepted,555,8320,1088,
s436456696,p03866,u920254817,1480905231,C++,C++14 (GCC 5.4.1),cpp,Accepted,162,24720,1720,
s660325432,p03866,u852599784,1480905225,C++,C++14 (GCC 5.4.1),cpp,Accepted,236,40940,4650,
s259953618,p03866,u446530658,1480905201,C++,C++14 (GCC 5.4.1),cpp,Accepted,117,12400,2856,
s865180574,p03866,u269175074,1480905198,C++,C++14 (GCC 5.4.1),cpp,Accepted,1387,40848,2505,
s658484565,p03866,u028496463,1480905178,C++,C++14 (GCC 5.4.1),cpp,Wrong Answer,458,81956,2847,
s652520647,p03866,u814026219,1480905176,Java,Java8 (OpenJDK 1.8.0),java,Wrong Answer,288,23220,1839,
s358938080,p03866,u646118499,1480905165,C,C (GCC 5.4.1),c,Accepted,18,8064,1339,
s367116753,p03866,u682550266,1480905148,C++,C++14 (GCC 5.4.1),cpp,Memory Limit Exceeded,2151,997072,907,
s172491965,p03866,u153948173,1480905129,C++,C++14 (GCC 5.4.1),cpp,Accepted,109,12400,1932,
s003639073,p03866,u698476472,1480905128,C++,C++14 (GCC 5.4.1),cpp,Time Limit Exceeded,2103,16000,889,
s023830888,p03866,u417189754,1480905125,C++,C++14 (GCC 5.4.1),cpp,Accepted,10,384,1286,
s699080848,p03866,u006493569,1480905119,C++,C++14 (GCC 5.4.1),cpp,Accepted,1039,8064,814,
s275974606,p03866,u269175074,1480905094,C++,C++14 (GCC 5.4.1),cpp,Wrong Answer,1368,40848,2465,
s664873916,p03866,u702318313,1480905082,C++,C++14 (GCC 5.4.1),cpp,Accepted,104,4464,1257,
s766099713,p03866,u564084899,1480905053,C++,C++14 (GCC 5.4.1),cpp,Accepted,270,39168,2150,
s829235713,p03866,u640209154,1480905051,C++,C++14 (GCC 5.4.1),cpp,Accepted,110,16496,2229,
s726255756,p03866,u378419207,1480905051,C++,C++14 (GCC 5.4.1),cpp,Accepted,187,35468,1686,
s139175834,p03866,u424163068,1480905033,C++,C++14 (GCC 5.4.1),cpp,Accepted,28,8192,1349,
s465689482,p03866,u558671021,1480905026,C++,C++14 (GCC 5.4.1),cpp,Wrong Answer,210,32768,1809,
s436118833,p03866,u617255029,1480905015,Java,Java8 (OpenJDK 1.8.0),java,Wrong Answer,1752,37472,6707,
s881063360,p03866,u434747175,1480905005,C++,C++14 (GCC 5.4.1),cpp,Accepted,1911,20720,2763,
s560457020,p03866,u032793834,1480905000,C++,C++14 (GCC 5.4.1),cpp,Accepted,917,12400,1869,
s513455474,p03866,u673823726,1480904990,C++,C++14 (GCC 5.4.1),cpp,Accepted,1022,8320,2761,
s110914624,p03866,u640209154,1480904982,C++,C++14 (GCC 5.4.1),cpp,Wrong Answer,119,16496,2211,
s789664764,p03866,u668453858,1480904972,C++,C++14 (GCC 5.4.1),cpp,Accepted,560,8192,1415,
s971117180,p03866,u115464345,1480904971,C++,C++14 (GCC 5.4.1),cpp,Accepted,118,12528,1632,
s749236296,p03866,u413886749,1480904965,C++,C++14 (GCC 5.4.1),cpp,Accepted,140,16640,1460,
s598251118,p03866,u817722036,1480904960,C++,C++14 (Clang 3.8.0),cpp,Accepted,201,16756,1352,
s964807410,p03866,u113705761,1480904944,C++,C++14 (GCC 5.4.1),cpp,Accepted,112,16496,2036,
s080648974,p03866,u779353743,1480904918,C++,C++14 (GCC 5.4.1),cpp,Accepted,187,24312,1487,
s164639487,p03866,u805729268,1480904914,C++,C++14 (GCC 5.4.1),cpp,Accepted,107,4464,1741,
s302181091,p03866,u933821389,1480904909,C++,C++14 (GCC 5.4.1),cpp,Runtime Error,1766,20480,4442,
s310463827,p03866,u943624079,1480904885,Java,Java8 (OpenJDK 1.8.0),java,Accepted,480,39492,6475,
s495162340,p03866,u817026203,1480904873,C++,C++14 (GCC 5.4.1),cpp,Accepted,1096,20612,2058,
s203116672,p03866,u209551477,1480904861,C++,C++14 (GCC 5.4.1),cpp,Wrong Answer,109,4468,1805,
s177401181,p03866,u478870821,1480904824,Python,Python (3.4.3),py,Wrong Answer,1215,41432,1398,
s288841323,p03866,u987412812,1480904810,C#,C# (Mono 4.6.2.0),cs,Accepted,52,3160,3108,
s868781588,p03866,u119714109,1480904804,Java,Java8 (OpenJDK 1.8.0),java,Accepted,261,17568,4300,
s778772288,p03866,u462560753,1480904801,C++,C++14 (GCC 5.4.1),cpp,Accepted,1218,14320,2195,
s117504333,p03866,u702318313,1480904786,C++,C++14 (GCC 5.4.1),cpp,Time Limit Exceeded,2102,384,1195,
s415451897,p03866,u378419207,1480904782,C++,C++14 (GCC 5.4.1),cpp,Memory Limit Exceeded,2146,884832,1660,
s815461120,p03866,u141378465,1480904781,C++,C++14 (GCC 5.4.1),cpp,Accepted,105,12400,1276,
s433552872,p03866,u075551644,1480904775,C++,C++14 (GCC 5.4.1),cpp,Accepted,182,24300,4770,
s608115846,p03866,u085110627,1480904748,C++,C++14 (GCC 5.4.1),cpp,Accepted,109,4464,1329,
s652461890,p03866,u987412812,1480904689,C#,C# (Mono 4.6.2.0),cs,Wrong Answer,54,3160,3089,
s733244280,p03866,u931281851,1480904689,C++,C++14 (GCC 5.4.1),cpp,Accepted,114,16624,1508,
s168462128,p03866,u668453858,1480904677,C++,C++14 (GCC 5.4.1),cpp,Wrong Answer,166,8192,1344,
s440705722,p03866,u756607506,1480904660,C++,C++14 (GCC 5.4.1),cpp,Accepted,131,21140,1762,
s800086175,p03866,u772093261,1480904624,C++,C++14 (GCC 5.4.1),cpp,Accepted,156,16384,2689,
s527632663,p03866,u075551644,1480904606,C++,C++14 (GCC 5.4.1),cpp,Wrong Answer,109,12404,4639,
s759880502,p03866,u836985277,1480904589,C++,C++14 (GCC 5.4.1),cpp,Accepted,1679,18688,820,
s078189976,p03866,u032793834,1480904582,C++,C++14 (GCC 5.4.1),cpp,Wrong Answer,776,12400,1837,
s787124360,p03866,u378419207,1480904579,C++,C++14 (GCC 5.4.1),cpp,Wrong Answer,41,18944,1652,
s236507549,p03866,u687214625,1480904569,C++,C++14 (GCC 5.4.1),cpp,Time Limit Exceeded,2200,1056868,5782,
s354881961,p03866,u967083551,1480904563,C++,C++14 (GCC 5.4.1),cpp,Accepted,19,8192,1468,
s602501071,p03866,u354336886,1480904554,C++,C++14 (GCC 5.4.1),cpp,Accepted,219,40720,2419,
s698860181,p03866,u085110627,1480904455,C++,C++14 (GCC 5.4.1),cpp,Wrong Answer,22,384,1323,
s067115421,p03866,u378419207,1480904454,C++,C++14 (GCC 5.4.1),cpp,Wrong Answer,41,18944,1787,
s339534020,p03866,u585369266,1480904443,C++,C++14 (GCC 5.4.1),cpp,Accepted,20,384,1485,
s413338495,p03866,u608234815,1480904415,C++,C++14 (GCC 5.4.1),cpp,Accepted,202,24812,993,
s481635983,p03866,u287015418,1480904415,C++,C++14 (GCC 5.4.1),cpp,Accepted,150,20756,2434,
s121150791,p03866,u804080968,1480904402,C#,C# (Mono 4.6.2.0),cs,Accepted,1406,11224,3702,
s813556254,p03866,u524343822,1480904388,C++,C++14 (GCC 5.4.1),cpp,Accepted,132,20720,3781,
s922462694,p03866,u756607506,1480904383,C++,C++14 (GCC 5.4.1),cpp,Wrong Answer,127,21140,1644,
s407511689,p03866,u287015418,1480904372,C++,C++14 (GCC 5.4.1),cpp,Time Limit Exceeded,2103,16512,2434,
s224983050,p03866,u596227625,1480904359,C++,C++14 (GCC 5.4.1),cpp,Accepted,124,20720,1636,
s820043425,p03866,u339868603,1480904354,C++,C++14 (GCC 5.4.1),cpp,Accepted,111,12532,4482,
s284738096,p03866,u162364634,1480904330,C++,C++14 (GCC 5.4.1),cpp,Accepted,111,12400,1428,
s241712452,p03866,u524343822,1480904319,C++,C++14 (GCC 5.4.1),cpp,Wrong Answer,131,20720,3706,
s007806921,p03866,u479082130,1480904316,C++,C++14 (GCC 5.4.1),cpp,Accepted,24,8192,1364,
s421592896,p03866,u723736091,1480904278,C++,C++14 (GCC 5.4.1),cpp,Accepted,21,256,1044,
s787255822,p03866,u542172770,1480904269,C++,C++14 (GCC 5.4.1),cpp,Accepted,125,20592,1465,
s085193979,p03866,u354336886,1480904252,C++,C++14 (GCC 5.4.1),cpp,Wrong Answer,216,40812,2370,
s472911690,p03866,u933821389,1480904248,C++,C++14 (GCC 5.4.1),cpp,Wrong Answer,1486,20480,4407,
s131830425,p03866,u957457849,1480904221,C++,C++14 (GCC 5.4.1),cpp,Accepted,206,24300,1888,
s638250830,p03866,u600916050,1480904216,C++,C++14 (GCC 5.4.1),cpp,Accepted,112,12400,1216,
s362598228,p03866,u756607506,1480904208,C++,C++14 (GCC 5.4.1),cpp,Wrong Answer,132,21140,1643,
s303431265,p03866,u049095189,1480904191,C++,C++14 (GCC 5.4.1),cpp,Accepted,196,8688,2347,
s325722922,p03866,u926591917,1480904177,C++,C++14 (GCC 5.4.1),cpp,Accepted,31,16000,1604,
s569949277,p03866,u354336886,1480904156,C++,C++14 (GCC 5.4.1),cpp,Wrong Answer,128,20612,2347,
s371755973,p03866,u126760377,1480904137,C++,C++14 (GCC 5.4.1),cpp,Accepted,113,12400,1769,
s374604579,p03866,u524343822,1480904134,C++,C++14 (GCC 5.4.1),cpp,Wrong Answer,65,18676,3912,
s093265288,p03866,u119714109,1480904091,Java,Java8 (OpenJDK 1.8.0),java,Time Limit Exceeded,2104,17940,6189,
s059242229,p03866,u432579356,1480904081,C++,C++14 (GCC 5.4.1),cpp,Accepted,17,256,1703,
s601090721,p03866,u653773478,1480904045,C++,C++14 (GCC 5.4.1),cpp,Accepted,108,4468,1417,
s266374726,p03866,u309470177,1480904037,C++,C++14 (GCC 5.4.1),cpp,Accepted,11,256,1100,
s044361333,p03866,u452725238,1480904013,C++,C++14 (GCC 5.4.1),cpp,Accepted,107,4592,1292,
s611114482,p03866,u837745858,1480903991,C++,C++14 (GCC 5.4.1),cpp,Accepted,765,20756,968,
s522760881,p03866,u750436322,1480903987,C++,C++14 (GCC 5.4.1),cpp,Accepted,298,32892,2486,
s026177150,p03866,u837745858,1480903902,C++,C++14 (GCC 5.4.1),cpp,Time Limit Exceeded,2103,16512,967,
